30
24 40 40 23 33 26 34 21 33 27 31 37 38 28 28 34 21 31 22 36 26 39 37 20 30 24 27 21 33 21
6
36 49 40 22 22 31
326
28 2
27 25
8 25
3 18
26 7
29 12
18 28
11 26
2 5
20 1
23 1
6 29
8 15
2 23
14 3
16 17
27 4
27 7
28 22
23 14
11 25
14 21
11 29
24 21
18 29
7 19
14 18
9 4
5 4
24 10
25 9
19 6
20 22
24 1
11 3
11 23
0 7
11 28
1 28
25 28
17 4
0 4
7 23
22 12
15 6
1 9
18 12
0 23
9 16
17 23
7 3
8 23
3 28
16 29
12 25
9 12
17 19
3 6
2 20
11 4
28 15
6 5
12 28
1 3
12 3
12 16
29 14
20 19
15 25
19 21
10 13
27 14
1 16
18 25
15 29
21 13
12 23
16 8
4 28
11 21
21 27
0 6
28 23
14 16
27 23
28 16
18 17
0 29
7 24
2 0
4 8
11 7
9 11
2 26
7 16
17 29
20 8
22 18
20 27
4 19
13 28
20 21
4 21
18 23
10 25
1 11
21 0
16 23
6 23
25 2
25 19
2 16
10 22
13 11
18 6
11 22
15 14
10 8
1 8
23 19
18 4
26 21
23 26
22 2
12 13
23 24
16 0
14 19
18 9
11 14
10 26
7 20
21 25
28 27
10 12
16 20
14 17
13 14
5 17
25 13
5 21
26 17
21 16
27 18
22 7
8 2
28 29
16 18
25 1
2 24
29 10
25 17
26 28
13 6
23 5
27 17
6 1
25 24
12 11
20 0
24 12
3 17
29 8
6 20
2 7
28 17
5 10
26 12
12 5
26 14
26 18
9 17
17 2
24 17
12 0
1 22
16 10
12 14
22 6
25 23
8 12
25 6
29 3
21 22
1 5
7 14
7 29
18 21
1 21
23 21
16 3
15 18
25 22
0 10
10 3
2 9
2 21
21 9
7 4
15 21
18 0
28 19
6 24
17 8
20 18
4 1
14 0
13 1
8 21
24 14
25 14
4 16
26 6
29 1
22 16
5 29
10 27
10 28
22 14
1 27
4 15
20 10
6 4
2 27
11 18
13 17
12 20
2 29
10 14
10 4
20 9
26 25
2 6
26 1
29 27
26 16
11 2
4 14
29 19
28 6
6 16
29 24
9 23
25 16
2 12
13 16
5 18
2 14
7 5
7 25
23 10
7 9
2 3
12 27
20 13
20 4
13 2
28 5
15 23
21 28
4 26
0 11
3 4
14 20
6 11
17 22
2 4
8 18
26 8
19 12
12 4
15 17
20 24
9 6
5 16
10 17
6 14
17 20
11 8
10 15
1 0
7 18
7 8
2 15
17 1
28 24
0 28
29 21
15 1
10 21
1 14
16 19
28 20
6 8
20 29
29 26
4 24
17 11
12 1
27 6
7 15
29 9
3 20
17 0
7 13
15 20
14 5
10 7
11 19
13 18
20 25
4 25
25 5
12 15
29 25
6 10
18 24
10 9
21 3
28 7
5 11
11 20
3 23
10 11
7 1
23 20