80
34 21 33 29 30 30 39 20 33 38 27 35 20 32 20 39 32 36 36 40 26 40 25 30 36 31 20 20 39 29 22 28 37 22 22 28 32 26 38 27 35 27 34 37 34 28 22 31 29 40 20 33 23 23 30 20 35 20 23 28 24 30 33 31 38 21 22 33 25 38 33 30 29 28 36 40 22 31 30 34
20
24 28 49 26 29 37 23 30 28 45 23 25 45 32 48 44 39 35 31 37
779
13 71
3 35
3 33
34 65
17 3
74 43
6 10
55 65
16 3
78 73
65 10
13 3
14 73
6 39
50 71
36 69
28 34
66 57
73 55
69 65
6 27
41 74
35 69
59 6
36 39
11 73
6 73
50 3
69 33
39 67
21 9
11 69
34 57
65 15
57 20
32 6
63 9
39 56
39 17
57 68
3 29
28 50
57 18
49 69
69 55
3 20
39 15
57 1
41 9
62 69
33 65
39 34
4 9
71 24
51 71
74 6
9 76
37 14
28 49
25 57
78 9
49 74
40 74
74 36
65 25
33 2
10 74
39 13
78 6
65 64
34 71
3 56
73 35
62 3
3 12
57 58
5 71
14 52
28 78
72 14
63 65
25 2
6 56
27 28
6 71
36 3
65 35
73 50
26 57
73 24
74 67
2 35
9 49
2 63
2 15
9 61
24 65
2 66
64 74
28 16
74 72
51 9
57 42
2 47
57 9
50 74
10 28
34 73
24 3
65 74
16 6
70 39
67 9
73 42
73 16
4 73
28 3
65 41
39 40
2 12
69 23
39 19
3 40
42 14
6 76
71 43
28 18
28 68
54 3
14 9
10 73
14 4
56 9
3 47
28 37
18 3
2 39
3 69
65 61
57 61
14 16
25 28
30 69
28 71
9 53
6 23
28 65
3 58
47 39
58 71
2 60
60 74
9 66
57 22
72 9
9 68
49 57
57 53
3 7
5 74
59 3
6 61
13 74
3 70
69 21
71 29
28 79
30 39
9 1
51 74
39 31
74 9
14 43
71 4
40 69
6 65
65 79
2 79
6 77
46 2
70 57
14 59
5 28
6 36
14 47
57 71
39 60
69 60
76 57
57 32
14 30
57 21
14 55
0 65
71 75
29 2
9 44
22 74
72 28
73 48
6 7
57 45
39 5
65 60
54 28
6 50
44 39
38 2
14 3
25 14
41 3
2 61
14 50
39 64
71 48
18 73
58 14
11 74
57 64
33 14
39 3
8 71
67 6
71 32
27 73
2 32
6 24
1 14
60 73
38 14
32 14
57 12
15 74
17 73
9 2
69 15
3 79
19 57
71 73
71 74
9 11
65 11
75 69
33 71
66 73
9 5
28 69
9 45
71 60
65 29
65 27
76 69
28 8
2 31
3 6
22 71
65 4
27 57
37 57
69 12
57 52
39 43
76 3
69 77
6 5
74 28
39 24
73 39
58 74
6 54
7 2
69 9
39 49
66 71
2 49
38 57
56 2
6 48
6 26
57 46
68 2
0 2
57 39
9 75
6 25
69 38
32 28
28 12
71 38
77 28
14 0
19 6
5 3
14 70
29 69
70 28
71 55
8 39
65 52
9 20
48 28
71 49
9 34
24 28
59 71
55 9
2 42
73 29
71 16
33 39
27 69
3 34
22 69
66 28
38 73
9 19
40 65
12 74
71 1
3 30
17 14
71 52
65 68
31 9
57 41
39 35
41 2
2 48
21 14
71 44
74 77
74 39
20 6
28 57
52 73
42 9
6 31
71 63
3 68
65 57
3 1
10 57
45 39
73 69
14 45
75 6
74 23
3 38
14 28
28 42
6 60
73 64
59 57
70 6
39 58
66 65
69 1
70 71
9 0
28 4
42 6
48 57
28 56
72 3
39 4
50 39
62 28
25 74
19 14
28 39
50 9
2 78
65 18
65 30
67 71
6 44
3 65
61 73
10 69
19 28
30 71
19 74
69 32
74 70
29 14
53 65
14 77
13 14
11 71
8 74
31 73
57 63
65 42
73 68
3 67
73 26
77 3
73 56
58 73
39 48
4 6
45 65
13 69
31 69
2 43
44 65
2 30
79 6
17 57
11 2
25 69
75 65
56 71
39 52
65 31
14 15
15 3
55 39
22 14
78 74
73 79
71 17
74 32
78 65
51 69
8 14
57 23
39 46
39 0
57 3
65 47
55 3
71 0
39 75
9 70
14 11
55 6
74 37
6 2
9 25
6 34
14 36
2 28
26 3
1 6
55 74
14 54
2 4
73 57
63 73
71 31
54 71
74 26
49 65
52 69
5 69
14 5
69 54
49 14
44 28
14 2
39 65
28 36
74 68
28 61
18 14
65 17
0 57
2 16
12 6
44 14
39 29
60 14
51 3
2 19
39 62
50 69
28 46
63 3
57 2
2 24
46 14
16 57
71 53
25 71
3 9
36 71
65 38
63 28
8 69
29 74
0 73
20 14
73 28
46 65
71 15
78 3
21 2
6 11
0 6
20 39
3 27
52 2
57 75
57 67
9 65
28 21
66 39
16 39
22 39
39 23
6 21
36 57
11 57
57 40
71 62
3 10
57 54
20 73
53 6
79 57
60 57
54 74
14 23
14 24
27 74
65 71
57 56
35 74
3 64
79 39
10 9
46 71
45 73
46 3
39 54
65 48
69 64
23 3
28 1
44 3
3 61
69 7
57 13
9 18
24 9
77 57
3 73
72 71
57 24
69 14
65 43
28 60
6 68
65 7
71 2
9 36
31 28
44 2
6 8
2 27
73 21
28 22
18 6
35 14
74 76
63 39
18 2
46 9
6 41
76 28
14 6
72 69
69 39
74 62
9 23
9 39
60 9
65 13
26 2
2 69
41 28
6 49
19 65
73 15
74 59
18 71
6 51
71 64
3 43
9 79
6 52
2 13
79 14
65 26
2 50
65 58
6 62
28 23
74 73
73 53
57 47
57 8
61 69
59 39
4 3
39 72
32 73
6 46
39 11
74 17
26 9
74 30
74 31
59 9
57 72
49 73
75 74
1 39
39 42
53 39
32 9
3 74
75 28
69 19
18 39
3 66
9 54
10 2
40 73
78 69
14 31
9 16
73 47
65 50
37 3
76 71
61 74
44 73
2 53
69 58
57 78
57 7
67 28
2 55
28 0
35 57
77 9
38 74
74 2
73 13
9 62
38 39
69 70
39 25
14 62
45 6
2 17
74 7
34 14
73 75
65 32
53 74
69 17
73 46
28 53
48 3
57 15
9 73
65 16
4 57
47 74
52 74
9 8
1 74
48 14
69 43
56 65
73 25
14 53
69 47
71 20
62 57
20 2
40 14
65 21
45 3
3 71
9 12
14 57
64 14
14 74
71 45
68 69
69 6
26 28
9 71
57 74
69 26
79 71
9 48
47 71
71 19
6 66
45 28
14 51
12 73
69 67
37 69
41 73
0 3
72 6
35 71
7 9
37 39
57 44
51 28
45 2
40 2
57 33
51 39
29 57
3 2
7 73
69 53
20 28
31 57
73 30
43 57
71 37
14 75
11 28
67 14
73 19
64 2
69 57
2 34
2 58
32 39
74 33
41 69
66 14
28 7
63 14
12 65
71 23
74 21
57 51
6 37
73 33
6 63
59 28
71 77
57 30
27 9
59 69
75 2
65 20
52 9
76 14
39 21
57 6
9 22
14 56
71 40
6 22
3 42
21 71
42 71
57 5
9 37
39 77
22 3
28 52
55 28
76 39
71 69
73 43
65 14