60
20 20 33 25 26 35 31 22 39 27 35 27 21 37 27 35 33 30 30 35 24 37 21 31 38 29 33 38 24 35 27 37 27 24 39 33 33 32 35 20 24 33 37 28 39 31 26 34 37 22 36 23 31 22 21 28 23 37 38 21
12
48 24 49 34 42 36 36 46 37 46 27 26
1005
52 50
30 23
20 14
47 35
28 54
47 39
17 58
31 25
4 37
49 18
46 4
14 21
39 2
22 32
50 12
51 35
36 32
37 57
3 39
7 31
52 20
13 3
29 8
6 44
49 39
41 51
47 2
29 38
56 41
20 41
24 14
37 28
47 18
28 56
51 37
29 2
25 14
41 0
25 3
2 43
6 0
3 51
17 16
46 18
56 43
45 31
33 16
18 39
39 29
55 20
53 46
39 26
17 2
45 20
34 17
41 58
18 37
40 47
14 44
8 14
23 1
12 9
48 31
50 45
23 53
7 23
29 43
51 17
47 29
15 37
53 17
20 28
25 36
8 16
15 50
58 47
41 46
48 20
56 33
44 17
14 28
44 31
3 38
0 35
28 25
17 6
3 6
34 59
9 56
14 16
6 8
17 13
51 16
50 53
17 47
51 6
37 20
36 31
37 54
41 55
29 58
11 23
50 0
42 18
23 3
42 23
32 1
26 18
17 4
24 15
25 56
16 47
5 17
35 7
50 59
17 45
16 50
48 9
18 45
39 8
29 36
9 54
38 9
22 20
22 31
26 32
22 3
12 23
16 12
2 25
59 31
9 43
42 15
50 26
7 17
33 25
57 23
49 15
2 56
18 33
4 39
17 9
14 34
14 32
19 50
46 0
27 50
47 9
24 25
57 50
47 36
16 39
48 34
21 29
32 35
17 50
46 10
14 51
2 41
35 5
49 46
14 43
3 42
49 55
3 40
22 2
50 36
45 2
40 39
1 56
35 42
20 7
39 25
32 9
9 53
41 9
12 32
10 50
52 16
55 50
46 51
24 41
4 6
18 14
46 15
34 49
37 47
18 44
15 44
31 18
3 49
23 51
25 26
14 29
29 30
8 23
16 58
28 44
15 32
0 56
50 37
56 36
36 2
53 31
5 28
14 59
4 15
32 42
41 25
21 32
37 24
39 55
36 34
16 34
9 4
22 17
47 31
14 17
57 2
20 57
40 25
43 20
55 16
35 20
50 43
58 50
28 42
39 31
37 48
13 37
59 47
39 24
37 58
47 25
15 43
37 7
17 26
35 12
23 22
32 47
9 18
56 17
42 14
21 41
34 3
48 32
7 41
9 49
3 46
0 31
39 6
16 13
47 41
34 20
28 2
15 13
6 34
57 9
17 29
47 21
50 23
50 56
31 35
17 3
20 54
38 20
19 56
1 34
18 1
20 40
34 28
36 9
23 54
37 22
45 3
16 41
47 26
34 54
16 49
14 22
34 52
39 7
2 50
2 34
50 18
45 25
36 16
6 13
43 28
53 2
6 46
23 46
29 34
39 56
8 9
8 56
46 1
34 33
35 16
40 31
14 3
28 51
15 59
49 29
3 37
32 5
48 50
42 37
2 13
14 27
15 9
28 36
25 49
53 20
39 41
14 56
44 37
56 31
37 12
33 50
2 26
3 58
2 32
4 41
9 55
12 6
9 11
2 30
16 6
35 30
38 50
34 12
35 28
32 31
25 5
12 18
39 14
16 9
19 25
46 33
49 23
59 56
23 5
6 55
37 10
56 20
25 54
51 25
15 7
49 2
20 18
29 53
39 19
58 32
54 16
37 11
38 32
32 45
59 29
1 25
7 9
31 54
10 6
34 10
31 33
29 55
15 25
47 11
16 21
37 27
41 1
59 46
16 23
34 46
23 32
28 39
39 15
8 20
51 50
50 49
50 31
6 47
12 39
32 28
56 6
1 16
29 18
27 32
22 34
35 19
35 48
9 51
37 1
12 14
25 6
32 4
9 10
32 6
6 18
25 7
20 0
15 53
47 12
25 22
13 31
39 17
41 17
44 9
28 33
28 7
49 37
14 0
15 47
14 13
24 28
4 56
48 47
8 17
45 15
57 56
16 56
59 41
3 50
56 35
44 35
30 46
23 48
15 51
11 39
53 6
37 39
50 42
9 6
17 49
21 25
55 34
22 39
23 47
20 29
20 13
10 20
16 20
2 40
21 17
46 56
59 23
41 49
11 31
26 29
40 28
44 25
3 7
16 7
55 37
59 6
51 18
21 3
17 11
57 18
13 41
41 15
6 28
31 52
40 15
38 16
56 5
13 46
32 56
39 53
34 35
14 58
1 28
43 39
35 10
6 30
57 39
56 3
3 43
18 11
32 51
27 56
4 23
24 29
29 52
33 29
40 9
6 48
33 15
39 54
53 32
50 20
18 21
14 19
54 6
6 20
35 46
46 17
17 54
30 9
10 41
9 33
32 41
13 39
7 29
38 46
23 0
16 59
35 39
49 28
28 4
46 28
18 8
51 29
19 46
52 15
22 47
39 51
17 27
48 14
55 14
14 1
26 46
34 42
53 18
16 26
50 40
39 32
50 28
20 25
7 14
19 6
34 7
55 56
29 5
34 15
20 47
53 41
34 31
49 20
10 18
53 25
43 47
23 44
54 35
38 18
50 46
37 30
19 17
18 19
47 38
23 10
8 32
52 35
5 16
16 22
14 11
23 17
28 47
34 51
0 34
48 56
18 0
56 42
39 23
16 24
31 26
33 17
30 16
25 38
30 41
52 49
37 46
32 3
1 35
25 12
59 20
26 34
3 59
58 28
49 35
28 0
9 22
56 18
27 3
18 28
18 3
41 11
18 24
27 6
12 15
12 28
53 3
34 56
48 25
20 51
31 16
44 16
41 12
35 11
6 42
52 9
7 2
14 2
52 41
29 13
31 57
3 54
45 39
59 18
15 17
36 46
35 24
46 11
43 6
56 44
7 46
32 10
26 15
22 35
29 41
46 16
18 7
33 3
35 15
19 9
3 36
50 6
47 49
58 23
52 46
3 31
35 57
24 56
38 39
56 37
21 37
41 19
32 13
30 56
32 59
6 24
11 6
6 52
25 57
39 46
52 23
32 33
47 24
40 18
47 30
54 29
45 28
50 24
44 41
57 17
25 46
23 18
45 46
47 45
4 35
9 39
15 0
3 8
7 47
32 49
32 54
14 5
50 30
3 52
37 25
5 41
28 9
41 3
30 28
20 32
6 5
57 14
10 14
28 53
44 3
47 54
35 21
29 42
19 47
6 49
40 17
24 23
35 8
30 20
10 47
34 32
50 39
29 35
9 50
33 20
46 43
35 17
55 23
31 6
29 44
11 56
23 29
17 28
29 22
56 45
5 39
39 48
52 28
12 17
37 53
56 13
32 57
47 3
9 35
25 29
23 43
4 31
5 3
22 15
24 34
15 2
17 38
32 0
2 38
29 40
29 0
38 28
34 27
9 26
25 35
46 22
26 56
46 57
27 39
34 9
2 12
25 16
37 29
53 14
2 19
46 48
37 16
46 40
14 47
10 17
25 10
43 34
5 47
47 53
34 41
29 27
14 49
18 58
58 56
5 50
15 38
45 29
56 29
50 21
0 17
18 41
22 18
35 2
55 3
56 47
38 31
21 34
57 34
41 28
59 35
49 31
11 50
56 15
50 29
37 5
18 36
53 16
46 32
0 9
39 44
18 15
30 34
11 2
37 59
0 25
50 35
31 1
56 40
16 0
9 59
9 14
31 23
52 39
45 34
5 34
39 58
56 52
57 41
6 29
20 36
32 16
2 51
25 27
31 30
32 50
2 59
1 20
19 32
0 37
16 43
2 4
41 48
28 59
20 4
27 28
58 35
32 37
57 47
16 42
32 29
4 3
14 52
23 20
28 13
3 12
15 8
34 19
23 2
17 59
32 7
35 3
46 55
16 45
46 44
39 34
31 15
54 18
3 26
4 29
37 9
23 25
44 20
4 14
15 6
29 46
25 42
8 2
6 7
27 15
15 58
18 34
13 18
17 48
14 31
6 57
39 36
29 12
54 46
29 9
55 2
41 27
21 28
39 10
48 2
11 34
21 39
15 1
58 25
35 18
24 17
31 37
14 50
25 11
55 35
13 35
44 32
24 3
34 23
18 5
58 34
34 53
54 15
39 42
28 23
2 18
22 50
50 1
39 20
10 49
56 38
9 25
32 11
16 18
25 13
2 10
17 37
25 34
4 16
39 33
47 51
13 23
4 25
31 51
14 15
50 54
55 47
40 32
37 19
27 18
15 20
2 16
21 56
35 27
33 47
23 9
19 20
43 37
8 37
10 56
54 14
41 42
33 2
1 9
30 3
17 42
37 34
47 0
29 31
18 48
55 31
6 1
15 30
20 3
0 3
4 18
28 31
11 20
55 28
17 1
40 16
1 2
37 52
46 8
54 2
15 21
32 24
20 12
15 23
6 58
2 37
43 35
50 41
1 47
47 42
26 20
23 21
34 38
14 46
12 31
35 53
31 43
56 23
39 30
2 6
0 2
55 15
13 9
59 25
15 5
6 21
9 3
27 16
22 28
2 3
2 52
23 27
25 50
10 31
8 31
1 3
27 47
47 46
2 44
1 29
8 28
17 36
9 45
22 41
22 6
31 17
43 41
20 17
28 26
54 41
8 41
15 36
8 25
47 52
50 7
46 12
41 31
23 19
31 19
40 34
14 30