80
40 35 38 22 23 20 34 20 20 32 28 28 39 32 27 23 29 33 25 39 29 35 30 35 39 38 31 23 32 21 27 32 23 36 28 37 30 27 34 29 40 28 30 27 23 29 32 33 36 40 25 40 28 29 27 39 27 38 34 26 20 22 26 31 34 32 20 21 20 27 33 40 21 40 33 37 36 36 36 29
20
47 36 23 36 24 48 33 39 33 23 43 36 20 24 20 24 40 45 24 47
2465
31 16
37 64
54 55
77 18
4 75
50 49
19 78
68 58
45 30
32 1
76 73
52 72
44 6
53 76
16 75
78 27
30 63
49 66
77 12
21 13
62 75
69 45
23 52
65 4
35 7
39 11
67 24
39 17
29 7
61 63
44 49
0 19
0 53
3 63
32 9
67 22
71 28
50 54
69 8
37 25
44 10
7 64
8 66
24 20
56 9
18 0
71 46
43 49
30 51
25 34
66 2
74 45
16 22
32 12
4 31
57 47
76 2
32 67
76 70
47 53
70 22
8 51
53 31
6 60
70 50
46 45
20 47
63 27
24 6
79 59
69 65
77 5
44 59
73 72
37 53
7 43
41 23
18 33
39 68
13 60
76 19
79 56
3 42
76 65
19 36
16 69
41 1
38 51
69 46
5 22
53 40
2 0
21 17
35 16
23 20
49 75
23 42
58 8
57 18
48 41
15 17
48 37
42 32
36 49
58 70
76 55
52 14
12 28
59 76
31 10
39 69
55 13
34 58
59 10
5 69
12 72
30 27
57 39
20 29
24 53
34 51
65 55
41 42
5 9
44 67
40 56
78 56
50 26
48 79
48 23
75 30
71 73
26 7
79 69
7 58
14 40
59 20
20 50
40 37
78 7
25 69
79 37
52 37
55 51
53 56
19 64
78 63
75 44
7 2
61 15
29 15
6 12
16 7
0 52
59 7
71 58
44 18
8 54
15 43
44 23
58 3
63 23
55 69
53 51
19 45
32 10
42 79
48 1
36 3
13 48
18 13
43 17
18 59
41 68
55 72
70 56
40 23
10 64
7 57
16 78
29 41
54 58
40 34
36 67
19 72
26 4
24 49
18 67
50 63
75 76
67 27
20 57
68 27
77 56
62 8
71 57
30 35
67 5
27 5
0 74
66 32
23 77
34 37
58 40
29 34
62 60
59 71
52 67
74 27
46 17
71 1
50 21
59 19
32 38
71 77
76 11
49 55
20 66
58 48
51 67
23 28
20 79
18 15
32 25
8 1
23 60
78 59
33 20
37 1
41 6
4 6
19 61
54 44
10 16
17 58
10 37
50 42
31 57
14 21
20 37
20 13
40 74
6 30
72 46
20 12
30 73
17 64
27 72
25 38
67 16
7 39
50 61
28 72
44 28
14 18
26 75
9 0
20 31
21 58
1 69
75 70
22 43
51 39
19 21
30 42
44 11
8 76
49 52
7 28
77 9
25 11
14 72
22 53
53 54
49 32
69 41
53 6
29 54
49 10
77 22
25 44
13 27
30 39
56 51
47 12
31 60
19 12
6 58
4 59
10 0
20 38
61 22
73 49
67 59
16 43
35 54
14 64
78 38
27 4
37 67
47 40
9 10
32 61
64 77
42 58
7 65
17 19
75 43
50 44
41 58
43 20
70 34
54 42
50 46
36 12
0 22
26 25
10 2
27 51
26 49
3 39
66 4
15 0
56 25
28 17
42 72
15 79
62 23
1 3
74 53
74 56
4 1
1 17
64 49
77 42
68 63
38 9
32 22
32 64
51 9
8 74
13 71
40 77
27 37
45 14
1 20
33 24
53 36
42 6
34 65
78 50
66 76
4 21
67 26
42 65
61 17
19 75
17 68
36 47
16 33
45 0
47 29
7 42
27 35
19 40
52 50
49 14
64 25
25 0
47 17
9 39
72 30
15 36
58 56
22 79
69 67
69 19
1 40
62 18
10 72
22 59
74 64
71 11
42 34
39 35
53 49
6 63
10 50
3 40
22 12
75 7
32 16
71 21
28 48
50 31
51 62
34 13
74 19
63 48
11 14
79 43
72 32
28 2
42 55
40 69
65 44
65 32
58 78
39 21
70 51
23 22
58 76
73 41
11 48
14 29
30 57
6 22
34 59
9 42
29 60
61 3
42 19
18 65
72 49
44 22
69 9
14 75
11 51
76 20
43 13
58 50
16 5
57 43
61 10
45 34
58 47
3 41
41 31
22 9
14 38
6 16
10 4
70 42
13 72
10 63
71 44
79 46
51 46
0 58
23 4
19 13
49 2
56 22
79 66
44 48
47 31
66 13
13 70
33 75
26 57
18 40
13 14
20 53
24 74
15 46
73 14
45 32
47 28
10 1
33 57
61 54
49 47
24 56
78 5
47 14
16 13
17 69
9 52
4 60
43 27
9 58
52 32
8 37
73 22
76 1
13 67
31 23
23 73
13 50
23 2
11 12
42 5
78 60
49 39
30 58
63 2
78 36
37 32
25 36
69 50
6 45
78 2
21 27
13 23
50 75
56 42
33 32
48 47
64 78
58 16
31 44
0 37
48 29
12 24
69 44
63 73
78 69
14 55
49 19
37 47
11 37
71 50
37 75
45 77
9 26
20 54
74 55
74 30
16 15
72 70
59 41
62 50
56 41
22 42
31 56
79 25
15 64
39 22
10 13
60 51
33 60
39 54
60 59
71 45
79 68
14 63
45 52
77 72
77 74
64 45
76 15
76 14
71 66
26 54
69 60
70 52
12 21
32 21
45 2
21 45
29 4
48 67
59 57
48 9
79 1
32 51
23 71
8 64
20 17
25 20
38 72
69 12
51 25
30 36
60 1
4 44
66 16
59 45
77 0
69 26
18 72
52 31
68 48
38 50
45 15
76 3
15 71
34 77
74 71
30 71
38 18
17 65
44 7
54 19
15 51
5 45
53 45
68 54
28 10
51 65
33 13
56 5
42 29
38 34
40 10
19 29
79 55
41 44
42 35
51 50
51 26
46 67
46 44
19 79
11 42
78 15
53 77
52 21
25 24
47 54
13 29
42 52
28 69
71 72
16 53
22 21
34 46
52 20
66 77
19 51
76 79
52 33
16 63
63 51
16 4
35 77
44 34
26 41
18 10
47 6
22 36
72 44
64 53
31 78
7 38
27 50
35 34
18 22
77 7
64 39
47 52
21 77
34 20
16 38
5 14
50 67
55 58
33 79
4 67
52 65
40 60
3 59
48 10
70 39
16 17
3 0
24 79
70 67
37 15
56 17
31 8
2 25
65 23
27 11
16 61
46 27
60 30
54 22
20 7
49 35
2 56
12 37
29 49
29 53
55 30
27 40
53 7
79 72
4 46
26 15
39 53
10 57
56 38
10 35
0 79
31 75
7 9
55 1
54 24
33 25
58 69
13 73
39 26
79 9
17 30
26 20
41 7
14 20
8 56
10 3
16 60
75 52
11 47
3 22
50 22
7 14
2 72
32 34
76 44
15 74
12 73
12 55
77 52
61 20
63 49
1 52
8 71
58 79
64 50
33 44
51 42
37 78
71 79
26 32
15 52
38 75
39 4
60 52
72 31
27 62
66 3
67 34
17 32
20 32
67 42
20 46
37 65
14 36
37 42
0 16
31 34
18 73
3 25
42 48
55 7
60 12
39 15
44 30
55 59
62 13
48 54
37 41
17 41
66 45
39 31
11 75
2 17
58 62
56 45
33 30
58 36
53 63
8 6
3 9
28 37
75 47
33 34
61 77
28 75
11 74
53 72
54 79
4 62
19 18
34 7
21 60
18 7
29 77
76 9
5 3
38 37
23 37
24 30
36 18
11 63
58 27
31 48
43 74
18 11
66 17
22 78
10 56
64 1
35 51
15 57
74 42
48 72
33 1
51 47
47 67
0 60
67 63
11 54
48 14
74 41
3 38
55 52
6 3
66 52
66 60
48 56
67 38
23 33
16 49
39 76
54 23
38 23
44 74
43 47
61 14
15 53
30 20
30 65
35 22
15 20
71 20
75 10
55 34
22 52
37 3
76 24
42 46
23 69
75 12
17 9
28 74
39 71
36 72
65 16
58 52
63 21
1 59
7 6
35 58
42 18
3 12
75 77
72 3
41 72
26 2
54 4
60 56
18 17
40 16
48 35
2 58
62 71
43 72
49 56
75 8
4 42
64 34
43 67
58 53
34 27
51 28
34 28
11 22
63 55
66 34
76 45
55 71
26 76
15 6
39 73
37 17
24 57
74 16
49 20
68 18
16 3
25 10
30 4
13 5
9 34
61 4
54 65
18 2
57 19
75 41
69 20
41 22
18 46
50 53
78 47
37 26
14 8
16 72
62 78
13 3
12 59
4 36
50 15
74 54
19 4
74 58
2 41
45 73
36 79
34 19
11 7
3 21
22 68
71 35
46 77
49 57
75 34
58 32
71 38
15 41
65 77
63 56
46 32
78 39
53 18
5 30
19 37
32 35
15 28
45 29
58 33
8 16
76 31
63 33
16 77
28 42
53 8
57 32
9 28
9 46
16 18
22 4
69 75
67 40
59 48
13 6
43 50
3 78
61 13
41 51
52 28
14 22
7 23
26 72
64 79
17 77
66 39
64 52
19 68
28 30
24 31
12 58
31 77
2 71
30 46
33 55
58 77
19 38
44 17
35 2
24 66
79 4
10 20
18 24
40 41
64 44
27 12
69 61
12 35
56 76
24 37
79 63
19 9
32 43
1 31
39 55
17 74
71 41
8 79
45 60
30 31
55 53
51 45
27 79
0 30
65 74
66 42
25 15
0 47
16 26
23 17
26 45
46 56
2 1
53 33
7 73
53 59
77 14
20 28
74 63
60 41
46 7
39 61
36 32
17 55
37 50
56 52
14 46
3 79
10 42
53 71
39 23
27 29
76 54
42 43
55 16
3 33
24 64
10 26
71 24
41 16
76 77
49 79
2 21
58 15
10 8
52 12
40 32
62 41
39 47
26 79
39 56
3 30
63 42
1 45
69 52
30 70
32 48
54 7
63 0
7 79
48 69
79 29
73 54
61 44
10 15
10 33
66 56
37 6
21 44
6 69
51 29
41 45
29 17
69 68
40 25
78 24
62 10
76 57
75 5
23 58
30 26
61 49
71 10
33 67
10 12
8 17
46 76
5 37
50 34
62 3
25 43
30 29
22 19
13 77
52 19
36 34
56 3
77 39
56 47
5 53
20 22
71 26
55 28
56 68
51 31
6 55
74 7
14 65
28 27
50 25
46 74
60 14
5 18
24 11
71 9
39 67
10 65
43 18
2 74
19 50
14 70
28 56
66 10
39 62
17 50
43 3
57 41
20 9
49 23
75 58
10 46
18 25
46 19
1 62
14 24
8 52
36 37
69 31
20 4
24 40
7 19
57 27
14 78
44 63
1 65
14 3
20 63
3 28
77 43
23 50
57 51
77 57
13 1
34 18
73 69
67 65
68 3
39 19
22 40
18 69
47 38
63 7
2 39
64 12
66 30
4 69
70 10
39 0
79 38
69 29
56 61
25 53
63 29
50 60
59 42
73 67
1 22
42 33
19 6
32 54
9 16
1 19
16 24
4 56
61 37
70 25
20 6
67 8
41 30
8 72
42 76
16 11
56 29
37 18
52 17
15 9
33 22
67 79
48 34
22 71
19 35
48 73
45 24
48 46
28 49
34 47
15 14
78 17
60 74
50 33
57 65
18 3
22 7
39 44
47 72
25 4
49 69
29 44
36 69
32 29
38 52
52 16
8 21
24 7
63 45
78 44
34 17
36 50
1 43
69 71
32 74
57 17
39 5
39 65
24 65
8 49
34 16
27 56
20 70
50 12
27 49
67 10
2 69
25 8
20 19
29 3
4 68
24 10
6 39
60 53
2 11
40 79
18 47
79 77
48 78
57 44
41 4
4 8
63 59
59 47
16 47
30 18
41 38
20 64
75 3
35 76
39 25
67 76
14 27
56 71
11 58
63 32
39 38
3 65
2 16
76 72
40 78
49 74
52 44
20 8
39 18
71 16
70 53
73 16
58 45
39 40
3 57
68 42
10 5
45 40
66 63
52 27
10 60
45 70
1 15
76 69
34 63
49 13
54 33
24 0
53 61
31 79
35 18
44 45
17 62
47 10
3 35
22 72
23 16
19 62
24 61
50 41
68 14
55 64
6 71
61 42
18 27
5 24
24 58
14 66
56 0
10 38
45 11
77 51
12 2
13 68
18 64
15 34
53 13
42 75
27 41
22 30
22 55
8 45
24 52
23 47
26 8
74 18
24 46
53 3
0 14
2 30
64 4
34 2
42 0
8 41
78 4
23 70
14 67
22 47
42 13
13 4
24 62
68 51
77 54
44 20
59 75
9 31
63 52
49 9
75 54
69 53
11 19
23 8
72 34
18 41
71 19
58 39
79 21
0 54
56 7
66 54
18 21
72 69
52 46
17 70
33 39
23 10
59 17
0 23
12 61
52 13
54 9
21 48
68 10
14 51
72 62
2 68
30 50
17 63
52 43
23 79
52 48
49 11
37 2
30 12
78 43
23 59
37 73
4 47
30 38
9 45
21 7
4 18
28 4
5 44
13 51
60 72
43 48
44 38
60 22
57 12
10 14
19 58
50 9
77 20
34 76
5 57
58 20
60 20
43 44
22 49
39 8
60 49
44 12
79 2
35 56
5 19
45 43
71 27
26 77
12 66
8 36
22 34
30 47
1 36
53 17
10 27
7 25
45 72
43 76
8 35
36 71
4 57
58 4
1 44
39 27
6 48
34 54
12 54
69 34
58 10
54 15
8 28
54 63
73 78
39 34
43 19
70 4
42 27
60 7
62 44
36 10
42 15
38 45
57 46
54 2
71 18
54 60
28 60
58 5
54 64
46 12
25 73
3 50
24 75
32 71
54 3
6 2
10 54
32 78
17 31
42 8
25 77
5 74
45 61
56 21
67 28
71 37
11 57
54 46
50 59
77 68
68 20
23 19
7 66
57 64
14 79
13 8
46 23
64 16
40 44
65 49
74 33
23 26
54 5
50 2
35 47
35 60
57 54
34 3
50 24
39 24
72 64
25 52
56 33
63 39
2 38
1 28
45 22
55 18
47 63
18 31
69 33
50 40
64 56
19 41
4 11
27 59
26 55
15 5
16 57
52 57
11 69
75 27
47 21
62 12
76 13
42 26
4 34
7 27
50 55
11 13
48 16
57 73
78 52
9 70
71 42
56 57
19 66
37 13
13 12
73 75
11 8
17 75
79 60
6 27
57 38
74 79
9 62
1 16
64 75
36 55
1 56
49 46
47 13
78 20
30 1
76 30
52 54
50 1
23 3
32 53
47 65
52 35
38 48
41 39
63 72
49 21
55 25
45 27
75 65
30 7
17 72
54 72
51 23
43 53
57 62
30 16
62 47
20 56
12 45
45 57
28 18
23 18
52 74
52 71
62 25
22 2
32 14
52 18
78 49
42 53
37 72
48 3
60 37
25 12
78 77
30 10
67 15
65 20
40 8
25 31
57 48
37 51
20 40
49 77
28 79
30 52
68 53
60 48
61 7
73 20
76 32
70 49
67 11
10 76
10 7
29 52
74 37
2 57
11 17
77 69
77 33
14 25
52 39
48 53
7 50
15 12
8 34
56 72
48 18
58 43
15 62
68 24
43 23
23 56
42 64
39 12
15 68
44 9
70 78
30 9
45 25
58 72
19 67
15 11
62 42
1 7
69 32
79 6
8 5
13 24
78 54
65 41
42 40
49 42
35 15
6 17
12 1
3 7
25 47
34 6
76 37
55 67
51 59
78 65
3 17
61 51
69 7
47 71
34 68
22 48
11 77
41 55
69 57
56 55
30 21
2 62
12 31
47 5
11 1
45 75
53 12
38 49
55 57
68 12
70 79
54 25
9 55
20 11
74 3
39 37
35 55
7 47
49 30
12 9
5 2
60 18
10 6
79 78
53 23
48 65
21 54
8 78
75 53
62 77
27 16
75 46
8 18
51 20
32 75
20 35
60 61
60 26
75 2
79 61
15 33
63 37
9 63
38 55
12 8
67 17
68 16
9 4
24 9
6 56
30 68
35 17
71 34
2 52
22 29
64 23
26 3
14 4
41 67
49 58
6 77
59 58
46 16
58 29
11 23
33 19
8 33
61 2
17 60
24 21
4 2
59 13
19 10
43 2
44 16
76 63
10 29
10 55
16 28
22 51
14 2
23 55
37 55
69 70
65 53
79 62
34 73
62 76
78 11
27 61
34 74
20 62
50 65
34 24
48 2
76 61
14 41
48 24
69 47
67 62
36 23
0 44
68 50
73 52
22 25
29 76
76 74
45 4
75 0
25 30
76 50
29 50
56 16
1 26
41 0
74 10
64 9
71 70
31 2
70 37
77 59
51 69
25 5
1 54
13 30
35 41
71 43
59 72
36 75
51 58
25 71
32 4
19 48
20 27
67 20
54 49
32 7
59 2
52 62
59 24
8 30
49 41
24 35
1 73
16 19
77 67
6 54
17 14
51 3
24 38
9 27
48 77
9 36
1 46
47 41
34 21
69 10
73 17
3 4
71 60
0 1
45 68
10 21
50 39
42 24
4 63
57 42
23 24
63 25
54 13
78 55
33 47
74 50
44 35
47 61
28 32
16 14
36 51
18 56
14 58
3 49
60 76
27 36
1 42
50 66
16 50
56 13
35 50
5 50
47 9
41 24
38 53
57 40
75 18
55 66
33 27
7 70
10 22
40 63
76 25
56 12
63 57
13 15
50 14
25 17
79 13
39 74
34 26
47 74
49 18
69 64
66 58
55 43
27 64
75 56
66 27
14 19
38 76
30 78
36 24
16 21
10 17
2 33
27 26
41 70
66 18
53 30
57 79
78 10
2 53
60 5
33 72
46 2
47 1
41 13
32 50
42 31
0 50
72 24
13 9
77 36
39 46
11 9
21 42
65 15
67 58
52 61
14 6
37 44
20 41
57 28
13 57
20 72
66 51
63 15
72 7
63 35
63 70
45 13
44 79
0 57
55 31
25 19
75 79
53 19
53 27
63 18
41 77
77 38
45 79
46 37
74 48
32 56
36 57
46 60
59 16
35 69
75 51
8 43
67 2
48 30
0 34
30 15
44 68
69 24
8 29
28 77
41 61
47 46
31 7
78 28
41 5
3 11
7 67
4 55
32 79
22 17
52 6
27 23
56 50
12 38
25 16
7 62
67 54
15 31
12 34
18 79
30 32
60 11
59 8
45 18
41 21
5 55
1 58
58 73
40 54
32 5
73 79
52 51
47 76
13 17
67 64
40 2
31 19
79 35
2 51
62 74
28 14
32 39
14 74
70 54
27 0
78 26
57 70
31 45
63 36
21 53
44 42
46 25
76 64
3 71
70 18
20 18
29 2
53 35
11 55
32 31
9 18
46 3
10 43
39 29
42 73
30 23
21 69
68 76
51 43
13 25
13 44
71 64
25 59
23 45
35 4
27 31
16 70
49 6
35 45
56 73
74 59
14 42
23 5
50 45
22 27
6 50
50 11
31 54
39 72
24 4
5 52
49 15
63 5
45 49
58 57
74 22
37 7
45 7
54 45
7 8
46 55
15 40
33 9
37 45
1 14
53 62
34 49
22 37
78 45
74 13
51 21
15 38
38 1
13 35
65 2
25 41
48 55
77 37
15 69
1 39
69 63
32 59
61 48
74 73
70 74
24 1
39 13
13 36
9 14
55 29
48 39
47 68
34 61
52 68
20 2
50 57
12 23
36 2
57 14
67 31
78 41
9 2
45 47
54 17
39 43
12 70
44 66
18 12
75 22
20 5
61 71
15 48
27 48
72 4
76 23
3 31
38 42
51 10
43 24
3 52
9 53
8 61
73 53
40 30
40 9
65 60
76 41
45 10
67 12
18 76
78 0
42 25
15 4
0 72
18 6
76 27
63 24
26 12
65 12
3 64
8 48
26 48
75 63
3 67
16 62
37 21
66 69
57 53
51 6
16 29
61 18
38 4
45 28
79 51
66 15
42 12
57 37
62 63
53 28
24 22
72 51
37 33
32 68
36 54
58 37
64 60
7 52
55 0
45 65
23 15
68 55
2 13
13 32
77 30
53 44
71 54
69 3
67 60
43 34
56 11
60 38
72 40
31 74
26 44
19 26
67 0
78 71
63 77
19 56
60 68
19 30
67 45
24 28
0 69
12 74
24 26
26 47
71 31
78 18
20 48
56 44
71 63
73 50
7 15
27 69
48 70
27 1
58 61
35 37
71 29
68 7
64 30
4 74
56 65
25 49
62 48
14 53
18 58
42 47
54 27
1 77
44 14
52 59
7 13
76 6
79 12
66 41
75 40
69 38
20 3
78 34
31 37
62 34
59 39
8 0
73 4
53 67
22 57
49 59
16 76
22 62
14 12
64 41
20 21
60 58
65 27
29 18
63 43
69 13
71 68
46 53
68 49
39 60
52 76
50 72
60 42
66 48
53 78
4 52
42 17
79 30
48 50
26 52
51 73
32 6
69 42
50 28
14 71
50 79
56 67
33 14
0 13
55 40
60 63
5 1
10 73
12 78
24 51
60 9
74 38
67 30
50 77
65 25
37 9
63 41
47 79
51 18
52 36
65 19
32 11
49 37
32 18
54 18
37 68
8 57
41 32
36 74
67 71
41 33
53 26
36 76
65 72
75 20
64 51
1 70
34 60
14 23
61 30
78 13
49 67
7 36
55 21
55 75
11 72
27 17
54 28
15 21
1 34
9 43
75 71
21 76
36 56
51 74
64 2
54 16
12 29
16 37
32 0
58 44
42 78
57 60
28 19
22 15
1 53
51 44
31 49
25 27
8 68
41 36
75 15
25 48
56 26
32 23
9 65
38 27
52 40
12 43
28 39
17 79
58 25
17 24
8 22
62 45
16 51
59 15
5 34
8 50
55 45
41 54
60 36
28 25
75 48
23 34
43 60
20 74
72 5
18 26
12 41
37 4
39 14
11 30
43 4
14 34
39 75
53 66
39 79
26 14
76 28
25 60
42 2
61 55
78 76
32 62
45 48
66 37
50 4
3 45
35 14
48 36
59 9
9 41
63 8
36 44
22 69
77 4
17 26
31 14
78 46
73 9
74 26
51 54
22 76
79 5
47 50
36 17
37 29
22 66
38 8
39 10
18 1
56 34
41 46
56 15
63 1
45 17
49 62
20 55
57 34
8 9
79 65
64 48
41 28
62 55
34 30
45 33
19 63
38 54
16 12
1 49
13 40
60 75
33 78
53 4
13 75
47 66
65 8
77 10
38 17
41 43
69 74
15 72
51 78
12 63
47 64
16 79
51 1
24 29
71 65
0 20
8 46