40
27 25 38 31 28 24 38 30 31 32 34 26 27 29 31 38 30 40 40 36 31 23 34 23 37 36 30 22 27 28 26 21 33 25 30 25 37 26 25 21
8
40 25 31 42 24 24 41 24
343
38 15
10 16
15 12
28 16
28 38
1 38
4 18
8 16
22 38
6 16
24 12
5 9
38 34
7 1
24 38
18 24
25 7
39 14
5 8
22 21
20 8
38 35
27 7
29 18
39 23
5 32
16 4
15 7
18 19
39 29
5 39
21 5
28 5
38 27
16 18
7 28
36 25
16 1
38 6
32 39
32 7
37 7
19 25
14 22
0 7
5 10
32 25
39 37
8 33
37 12
16 20
35 16
35 7
17 29
39 2
36 7
7 31
12 8
28 22
12 29
18 10
25 15
17 3
5 11
38 30
23 25
33 39
8 28
7 24
39 21
4 22
17 9
8 22
0 39
26 12
17 7
8 24
0 38
16 2
33 7
18 13
10 8
22 35
21 12
11 39
27 39
36 38
25 11
39 25
14 17
32 18
19 17
38 13
28 12
17 39
5 37
23 22
8 18
3 38
8 32
3 18
16 23
17 4
7 22
17 11
24 39
25 6
23 18
15 16
18 33
17 13
39 30
18 11
39 6
25 3
27 8
14 18
8 2
12 31
17 34
8 3
31 38
31 22
38 7
38 20
24 25
7 8
21 25
25 27
7 12
16 14
8 17
34 39
18 34
22 39
35 17
16 36
22 15
16 29
27 18
38 12
39 15
12 9
25 33
22 10
28 18
18 7
22 24
25 31
10 7
22 9
25 30
5 27
33 5
33 16
6 17
7 2
5 15
16 34
37 22
39 13
8 13
17 16
2 25
37 25
25 29
29 8
11 12
39 16
17 12
22 0
14 12
8 6
0 18
23 38
24 17
39 18
17 32
5 19
32 38
21 18
12 23
32 16
7 30
38 16
7 19
29 7
17 37
14 7
4 5
38 37
38 17
31 16
34 22
26 17
26 25
26 8
5 26
17 30
16 22
26 38
23 8
33 22
23 17
12 30
22 5
5 24
12 39
22 26
25 34
22 1
1 25
0 5
14 5
8 25
5 31
5 30
13 25
5 12
16 13
10 17
17 25
8 9
25 20
30 16
17 20
7 39
3 22
8 14
34 8
39 10
26 18
22 18
18 25
7 13
16 21
8 30
15 18
12 10
18 36
39 38
19 38
9 18
37 16
5 16
11 22
33 12
18 38
0 17
0 8
22 29
4 38
12 16
38 5
3 5
3 16
3 39
12 27
20 5
35 5
9 38
8 11
25 35
18 30
17 22
7 23
35 12
27 22
13 5
9 25
22 25
11 7
35 18
18 37
17 27
13 22
2 12
7 21
39 26
18 6
25 5
12 32
25 28
2 38
12 3
5 29
18 31
25 16
16 0
34 5
22 19
22 2
28 39
39 9
20 7
23 5
34 7
19 16
38 11
27 16
21 38
16 11
36 5
39 1
17 21
18 20
12 18
4 8
16 24
17 28
12 34
5 6
25 4
12 25
20 12
8 21
30 22
39 4
7 3
15 17
33 17
22 12
36 22
6 7
15 8
1 12
38 29
25 0
17 36
6 22
7 4
36 12
37 8
12 13
38 33
31 17
1 8
20 39
6 12
19 12
7 5
38 8
4 12