50
31 24 35 40 36 39 23 23 20 21 37 30 34 35 36 30 20 21 39 36 24 36 23 39 33 20 22 38 38 39 32 39 40 33 40 25 24 23 36 23 28 20 31 28 29 26 29 28 30 26
10
26 30 28 25 29 43 21 40 20 29
911
1 34
9 5
23 14
46 49
5 3
44 21
35 4
33 13
23 36
36 3
36 9
39 17
42 12
31 23
9 49
28 11
39 33
6 11
45 13
31 14
40 39
5 4
28 17
26 8
37 16
6 10
49 23
26 32
11 42
16 36
22 11
3 10
42 33
39 49
37 24
28 10
24 12
41 45
19 40
31 33
27 20
41 27
26 20
25 45
21 33
38 32
45 24
13 23
44 48
22 33
16 9
33 25
42 29
1 41
14 32
26 35
42 16
42 46
33 38
41 32
47 17
9 4
34 23
46 28
41 0
10 42
29 16
48 41
32 39
44 37
5 36
28 33
36 47
19 31
49 4
15 36
38 44
37 2
43 30
7 21
3 47
11 17
21 16
14 35
40 18
29 9
16 44
31 26
19 42
1 44
7 14
1 14
25 12
38 12
10 15
5 37
49 36
8 41
7 0
2 10
10 7
21 11
28 40
23 17
10 33
35 41
7 3
9 46
35 11
2 46
23 41
11 40
30 15
18 2
7 2
17 14
10 47
37 15
46 15
7 16
43 9
41 47
4 48
23 29
20 10
35 37
13 20
6 9
39 25
42 39
10 5
16 30
40 42
3 18
44 41
27 2
29 38
29 11
20 15
20 30
21 45
7 4
33 24
27 38
26 47
30 47
12 17
1 15
20 18
33 9
1 10
18 7
41 18
11 46
36 30
0 20
11 24
28 3
26 38
45 1
29 44
5 2
4 36
12 31
33 0
19 14
6 17
40 30
10 45
27 17
36 0
21 30
28 12
30 17
29 14
39 8
30 7
16 8
17 19
42 20
32 29
13 37
23 21
3 49
24 47
28 45
20 5
45 47
2 3
23 42
21 10
39 11
19 26
23 38
13 12
11 20
28 4
8 23
46 13
46 21
12 40
19 47
18 17
9 14
39 19
23 27
14 4
6 40
23 4
30 3
3 25
47 20
10 41
36 25
30 22
47 42
46 5
37 14
1 17
4 1
22 3
46 45
12 9
1 11
6 38
35 10
8 29
7 38
21 47
1 29
33 37
36 40
8 46
3 21
30 25
48 39
47 5
21 39
21 37
34 26
43 17
26 49
30 48
22 40
46 27
9 30
4 30
23 30
35 33
26 42
2 4
12 37
24 46
35 2
22 38
12 14
37 8
35 46
17 26
49 30
27 40
36 12
10 49
19 35
1 36
8 38
38 41
4 34
30 44
38 10
29 15
23 9
9 19
15 9
2 20
10 23
6 2
11 47
4 39
14 43
2 40
29 49
43 7
23 16
4 40
30 38
3 35
38 21
28 39
11 12
43 39
39 13
4 47
26 45
1 19
37 26
9 37
11 2
27 1
25 10
11 16
19 44
17 44
10 16
41 26
0 10
43 2
3 34
30 26
1 28
18 4
35 12
39 34
7 1
41 17
29 3
9 10
33 32
40 31
27 9
26 36
30 31
7 40
4 26
44 14
20 44
9 35
18 33
34 19
41 24
6 23
35 23
12 15
12 19
26 12
0 12
22 23
9 1
6 4
24 29
11 13
9 28
1 2
5 26
38 13
26 40
27 7
9 41
39 0
34 2
15 38
17 8
25 19
17 9
43 33
44 33
7 26
17 24
8 7
36 11
49 12
33 49
9 39
25 20
16 46
28 41
11 4
33 27
10 18
38 35
9 34
47 2
30 29
45 20
22 45
47 15
1 32
32 47
21 17
48 7
38 43
40 29
25 44
48 40
23 0
1 26
47 27
7 9
2 12
39 37
22 19
45 43
42 9
45 29
4 13
8 1
19 4
20 24
38 14
43 12
38 45
27 10
6 45
4 31
16 39
26 15
3 1
5 23
15 3
49 14
3 0
34 45
23 37
24 40
48 19
6 44
25 9
30 39
14 36
13 29
42 2
24 3
41 33
18 36
14 48
18 11
16 0
16 20
2 22
19 11
44 5
4 37
0 45
29 19
16 25
46 3
21 1
38 3
11 25
32 16
0 40
2 8
34 11
31 46
42 4
23 11
25 40
12 7
3 23
20 43
47 28
5 30
22 47
42 3
33 46
47 37
43 16
48 20
41 30
22 10
10 30
26 44
38 4
46 41
41 11
46 26
16 6
46 20
43 10
20 35
20 32
16 28
5 7
35 45
20 28
30 12
27 44
10 13
0 38
6 30
4 20
45 49
39 41
30 27
45 2
46 17
4 41
49 38
17 42
2 15
47 13
32 17
33 5
47 16
20 33
30 34
37 3
2 14
43 29
29 17
41 12
49 41
39 47
6 46
37 32
44 40
4 15
19 38
29 10
30 45
13 36
11 37
20 9
14 21
30 37
22 14
38 34
19 18
46 7
45 23
19 8
30 19
17 0
34 46
9 31
30 0
15 44
39 15
49 7
12 6
45 40
49 37
38 25
46 4
26 16
41 43
7 13
48 16
40 32
49 47
39 6
48 10
39 12
20 40
12 47
11 31
30 46
30 2
37 43
35 44
13 1
7 39
16 18
21 36
45 19
5 29
20 1
44 47
7 19
7 17
8 20
18 39
24 2
5 19
30 24
3 43
1 49
44 13
21 41
47 7
24 26
26 3
16 31
28 37
6 33
33 40
3 48
16 1
16 19
40 43
32 10
26 33
1 37
46 32
45 18
0 37
36 24
2 9
36 33
11 26
16 38
25 17
16 12
38 31
14 33
18 14
19 2
45 48
18 38
26 22
40 10
45 27
28 19
31 45
2 0
37 10
5 38
36 35
4 32
23 32
25 26
4 45
26 14
44 46
33 23
44 12
35 7
3 19
15 14
26 48
33 3
17 3
13 16
34 10
44 18
0 47
12 10
46 37
26 2
1 33
38 11
46 39
6 19
20 39
10 39
26 28
30 42
37 40
44 23
36 34
1 39
24 44
4 8
14 39
40 1
2 48
40 41
10 17
48 17
26 18
17 38
11 43
25 41
19 41
32 12
43 44
12 34
10 24
10 36
39 24
14 13
44 0
22 46
48 36
29 18
36 39
29 0
44 28
41 15
44 22
45 12
12 20
21 20
30 14
38 42
15 45
23 19
19 37
11 7
16 41
9 47
26 29
33 15
4 24
36 32
23 12
27 37
17 33
12 27
3 13
39 45
5 12
0 11
30 13
14 6
41 42
22 4
33 2
48 9
47 40
24 9
44 7
20 14
13 26
9 38
3 16
1 35
21 19
8 36
39 2
3 41
38 46
22 39
33 16
48 12
7 33
12 3
0 26
4 27
49 2
4 21
5 14
31 47
21 9
38 39
36 42
29 27
1 12
33 45
12 18
49 44
36 38
40 13
23 7
4 3
19 33
21 29
13 9
2 41
26 21
33 47
17 2
14 10
14 8
32 7
38 37
33 11
14 28
4 16
29 48
37 45
38 2
45 17
47 14
10 46
37 17
38 1
36 2
4 44
49 11
3 31
43 26
2 13
12 8
24 14
32 19
27 19
9 22
28 2
16 24
0 1
48 33
29 4
0 46
19 46
8 10
45 42
17 4
25 7
9 18
37 34
36 43
40 14
23 39
44 42
12 29
38 28
11 14
43 4
38 20
12 46
17 22
3 40
29 39
37 42
44 2
27 14
15 19
47 8
11 30
40 9
14 25
33 12
24 19
14 3
23 15
4 0
12 22
27 11
4 25
27 36
13 19
42 14
7 42
0 14
5 45
47 35
36 19
34 14
21 2
39 31
7 45
39 44
3 6
22 16
21 12
17 20
41 34
30 1
46 40
34 7
25 2
38 24
12 4
19 0
14 45
23 2
7 28
38 40
19 10
16 14
26 10
32 30
9 0
15 7
35 39
36 44
37 48
28 36
39 3
19 20
36 45
28 30
47 34
13 41
5 41
46 14
2 32
23 40
30 8
47 6
41 14
17 36
5 39
13 17
15 11
47 29
27 3
37 18
33 29
20 49
49 19
20 3
20 23
29 34
33 34
16 45
44 10
18 30
25 29
40 21
34 44
19 43
46 36
17 31
26 6
2 29
46 29
8 33
24 23
8 40
48 11
10 11
30 35
9 26
44 31
28 23
38 47
34 20
2 31
16 27
4 33
5 11
38 48
28 29
7 24
37 25
26 23
10 31
29 35
2 16