30
20 39 24 29 39 23 27 35 39 33 22 26 22 23 36 30 30 24 27 38 21 36 34 38 34 36 26 30 21 34
6
36 39 49 43 37 24
103
15 10
1 12
11 23
3 15
28 15
11 24
16 15
1 13
13 11
23 17
15 7
1 26
11 10
1 28
15 4
28 11
25 13
25 6
1 21
23 12
0 15
3 23
15 27
23 18
11 14
5 15
23 1
19 15
11 21
6 1
6 15
17 11
25 16
27 1
14 23
1 16
11 29
1 29
15 13
25 8
11 20
1 10
23 22
18 15
20 23
19 1
26 15
24 1
24 23
19 11
5 25
23 26
25 2
8 11
6 23
20 1
3 1
16 11
18 1
14 15
1 11
2 23
11 25
15 23
12 11
1 5
28 23
11 18
23 10
15 11
1 25
1 17
23 29
23 0
8 15
22 1
9 11
9 1
23 13
3 11
23 8
5 23
7 11
18 25
11 22
21 15
2 15
27 23
0 11
0 1
11 27
7 1
20 15
15 25
1 15
11 4
5 11
15 12
23 9
11 2
23 16
4 23
6 11