80
27 26 35 21 22 34 40 37 38 20 40 35 37 40 37 32 28 36 25 40 30 20 27 39 33 34 25 32 27 26 31 36 34 30 31 37 22 28 40 40 31 20 29 20 37 23 32 24 33 21 22 38 37 29 34 33 28 22 33 24 26 23 33 28 38 27 36 24 20 34 25 37 30 24 23 21 40 29 20 26
20
23 35 28 37 38 28 47 31 30 38 31 50 41 23 48 43 23 49 36 20
924
78 27
61 33
11 49
5 61
50 27
52 34
8 47
5 57
8 77
49 31
74 54
14 31
8 53
14 7
70 21
78 39
33 27
14 8
67 4
44 34
75 8
49 47
7 21
35 65
65 4
47 61
65 29
14 53
27 71
25 49
51 14
19 1
40 27
36 21
57 70
29 19
34 36
21 56
0 19
13 34
42 4
52 27
46 4
28 4
54 78
54 0
19 17
8 70
77 67
42 61
14 13
79 14
4 6
14 62
22 14
67 16
14 19
21 40
4 31
47 39
71 57
49 26
19 72
61 73
76 54
7 37
57 44
65 32
34 61
74 67
43 54
39 48
65 33
8 67
54 17
68 7
37 59
14 15
23 8
30 59
45 49
8 28
59 6
34 48
27 11
75 57
61 79
70 49
35 27
67 72
60 54
67 51
61 46
54 9
74 8
61 74
72 7
39 7
56 57
39 0
12 4
63 19
73 39
64 54
59 31
69 39
76 4
8 34
69 67
54 10
25 21
54 7
61 71
57 35
41 19
27 10
12 54
27 14
27 56
8 49
27 23
4 60
75 61
34 18
63 8
7 59
79 21
34 32
65 43
72 34
13 57
69 49
58 14
12 65
44 67
47 19
54 29
59 33
61 58
5 59
49 38
7 67
79 4
27 32
13 19
39 3
65 8
43 4
75 34
17 57
59 66
25 61
39 36
59 55
14 72
2 49
15 8
8 72
19 33
8 44
27 74
34 78
14 3
39 46
2 14
14 73
66 7
29 14
34 10
65 50
7 52
59 35
64 27
60 19
4 61
27 13
4 55
37 67
72 4
49 73
77 34
28 54
3 8
16 59
67 30
71 65
11 57
39 13
11 14
32 67
38 7
75 7
51 7
27 38
15 7
4 41
31 54
32 8
34 17
49 60
65 56
67 76
34 28
13 54
29 4
52 21
4 70
18 4
13 49
45 21
11 4
27 68
44 7
39 29
33 34
4 23
6 67
31 7
21 73
67 62
43 67
67 35
67 78
7 77
19 3
74 4
43 14
49 54
64 49
57 29
19 75
27 34
49 14
7 57
52 67
74 14
34 15
1 54
73 7
39 18
25 67
79 39
21 59
54 57
59 58
35 8
57 16
61 18
19 78
59 45
73 4
12 67
34 79
8 76
7 79
39 22
47 14
65 52
16 4
59 28
57 78
27 44
19 8
49 32
34 42
39 6
74 65
35 21
43 57
21 41
66 57
78 61
14 30
67 11
68 59
67 22
29 34
59 51
61 37
7 47
49 19
14 77
19 57
30 57
50 7
21 34
26 54
40 67
54 8
8 26
8 0
21 76
20 67
54 48
61 43
32 7
21 47
49 33
37 4
34 40
74 49
67 64
79 65
59 38
67 0
39 28
14 26
70 65
19 62
48 4
24 34
54 3
12 57
44 19
27 45
4 15
14 76
37 54
54 18
59 40
0 59
56 19
35 7
21 43
73 54
55 61
53 4
14 65
57 45
67 42
14 75
65 69
19 4
34 69
59 43
46 67
65 45
69 61
59 53
54 59
6 34
39 55
25 59
51 49
50 8
39 35
49 40
31 67
6 27
43 27
79 8
77 59
33 21
22 7
57 18
8 55
24 54
59 49
19 32
14 39
15 59
27 54
27 17
72 59
57 64
8 25
31 27
61 70
68 34
27 47
19 15
63 27
67 73
7 56
63 39
7 63
59 8
29 8
4 45
29 49
21 64
8 5
34 57
59 32
4 24
7 25
2 39
53 54
47 65
66 65
65 11
65 7
19 68
19 48
59 22
34 22
54 55
52 39
27 7
35 34
58 7
58 8
50 59
49 56
55 19
19 79
59 3
59 61
61 3
49 10
36 7
19 6
61 24
34 47
54 38
68 8
10 67
57 67
4 21
67 34
72 54
17 14
12 59
19 53
67 68
59 71
19 24
1 4
8 64
67 55
39 44
57 10
57 39
36 57
2 59
2 27
63 67
46 19
6 14
59 9
49 76
7 1
49 18
62 7
2 54
61 60
31 57
14 34
48 14
69 8
54 23
24 14
7 23
67 71
57 8
21 2
27 73
13 67
34 60
48 61
5 39
8 48
49 75
44 49
37 27
71 49
49 17
27 8
67 53
7 11
44 65
23 67
9 4
26 4
67 5
9 67
4 51
74 59
47 57
1 57
37 57
49 78
61 21
54 15
39 56
2 65
15 67
8 21
36 49
65 75
39 49
7 28
62 39
21 68
19 40
27 25
46 34
54 6
30 8
7 5
57 6
65 76
57 41
38 67
67 14
58 54
4 3
61 38
0 14
20 14
42 7
51 54
9 21
34 1
71 39
60 14
27 75
67 27
57 25
27 76
30 54
21 54
34 55
76 59
4 78
58 4
18 8
19 52
8 42
61 36
50 39
8 16
66 34
49 12
54 79
65 67
61 40
26 19
65 36
21 74
31 61
27 39
42 39
8 20
50 67
39 59
57 79
39 75
7 70
54 45
31 8
4 39
40 7
61 65
1 49
16 21
39 26
49 37
11 8
52 49
47 54
31 65
27 16
19 70
28 14
65 59
19 35
65 38
62 59
49 50
21 12
7 78
51 21
46 14
61 76
34 0
4 10
34 25
7 49
71 19
59 19
34 59
57 23
17 59
59 11
19 61
42 59
39 66
21 63
16 65
49 35
8 73
59 64
11 21
57 59
65 23
19 21
7 71
2 4
8 12
27 66
67 48
44 21
38 57
58 19
51 61
0 61
46 54
41 39
31 21
54 16
7 34
39 68
57 73
21 26
61 9
73 19
34 70
9 57
59 10
64 14
28 67
65 68
61 66
61 22
39 54
74 7
63 57
27 69
49 9
0 7
7 41
23 61
61 39
19 28
1 14
4 38
7 60
65 64
49 66
59 78
75 21
9 14
65 18
61 15
48 7
7 43
72 61
34 5
19 45
9 27
59 69
30 49
1 39
67 45
60 21
54 42
61 11
21 20
63 65
21 10
41 8
65 30
67 56
43 49
7 20
77 54
39 15
8 37
19 22
7 55
34 49
70 39
45 34
54 41
49 6
21 69
12 61
57 50
79 27
57 76
24 7
14 61
2 19
57 61
39 72
17 39
61 63
27 20
2 67
64 7
65 41
63 59
76 7
19 27
5 21
30 7
35 61
65 20
4 64
26 7
30 4
9 65
65 25
65 26
59 27
28 61
61 1
39 40
45 39
5 65
34 71
4 7
39 10
54 70
65 19
73 65
27 5
41 27
40 57
19 69
5 49
56 61
61 41
24 59
59 4
77 19
16 7
21 39
63 49
4 13
19 18
3 34
55 14
57 52
34 54
39 32
7 29
61 52
23 14
29 21
34 26
34 43
19 54
49 4
68 54
7 19
62 4
41 14
27 61
8 62
59 48
4 68
7 12
70 14
36 19
32 57
23 49
38 14
68 61
39 65
65 13
34 50
39 33
57 51
4 0
75 54
59 36
21 30
58 39
73 34
34 2
65 17
19 67
8 52
8 38
43 39
21 32
43 19
10 65
61 49
38 21
61 77
67 17
44 61
21 66
57 20
21 17
78 14
4 57
34 62
34 58
61 26
8 39
27 70
4 75
57 69
65 40
57 68
67 33
17 4
4 20
22 8
18 27
1 8
67 24
51 27
30 27
12 27
60 8
8 78
34 65
7 46
16 61
8 40
32 61
69 7
39 77
71 21
39 24
65 51
19 10
4 77
7 18
78 21
33 7
5 19
47 4
25 19
41 49
58 67
54 65
36 8
27 4
4 22
65 37
67 3
14 57
18 21
51 8
57 60
53 34
67 21
20 54
34 56
8 66
54 11
24 8
39 53
14 10
49 20
74 57
36 27
42 14
9 7
34 63
8 56
42 19
14 37
19 66
26 57
29 61
52 59
66 67
78 65
61 64
8 9
67 39
6 21
56 59
39 25
59 20
8 43
44 59
50 21
34 4
36 67
49 79
37 21
54 22
54 61
13 59
41 34
14 21
33 57
16 14
49 67
65 60
54 67
50 19
30 61
65 1
16 49
23 21
61 67
62 61
21 13
29 27
27 60
59 73
14 12
62 54
27 26
46 59
7 53
8 4
61 53
49 68
8 71
61 20
14 59
8 33
14 45
8 46
14 18
14 68
57 2
1 27
23 59
61 50
21 1
7 3
65 6
39 60