70
39 29 35 27 28 39 20 26 39 39 34 27 39 30 38 31 25 31 22 23 28 38 26 39 34 26 23 40 25 39 40 25 33 25 29 33 22 39 38 20 23 24 24 39 29 32 30 28 36 28 25 25 29 32 40 28 26 20 36 37 39 27 22 33 24 28 33 32 29 20
16
48 27 45 40 43 47 49 41 37 28 46 40 41 49 25 28
358
39 53
18 59
25 39
54 20
62 59
19 63
17 45
39 61
58 20
35 50
36 45
20 26
37 63
27 50
64 43
45 4
42 45
46 64
2 50
69 20
39 35
64 56
39 23
63 54
44 59
63 64
21 39
59 33
59 55
59 1
24 50
20 36
9 50
26 59
59 61
46 45
2 59
46 50
50 30
56 63
64 50
39 52
68 45
50 54
27 64
66 20
31 50
22 63
64 33
20 18
67 50
45 61
20 35
59 5
44 45
50 58
25 64
39 13
20 22
51 39
64 68
8 50
15 64
48 59
20 21
64 59
9 45
40 45
63 43
62 63
25 63
42 63
45 33
7 59
6 45
20 10
55 39
4 39
50 45
63 6
20 64
31 20
65 50
7 63
69 59
39 7
50 6
64 10
19 50
50 69
52 59
49 59
29 45
69 63
50 38
39 28
28 45
63 40
63 13
45 52
52 63
1 39
1 45
20 34
59 11
15 50
44 39
41 20
6 59
65 59
44 63
63 9
50 12
39 68
39 3
5 20
33 39
15 63
20 19
18 50
53 63
26 45
50 0
24 39
4 63
53 45
34 63
68 20
23 63
20 11
45 37
20 57
59 9
50 21
45 64
10 50
0 39
45 0
50 63
22 39
17 50
39 48
59 0
49 39
13 20
37 39
40 20
20 2
60 63
65 39
20 45
39 27
32 50
51 64
28 50
63 1
59 36
50 53
50 48
40 59
45 15
47 45
59 57
59 22
23 64
28 64
39 29
7 20
54 59
42 59
66 50
20 12
54 39
62 50
17 39
59 58
5 63
51 20
19 59
67 45
32 64
20 65
36 63
59 25
50 47
5 50
50 16
20 27
64 60
18 63
45 19
50 3
59 63
20 0
67 39
39 5
20 17
39 50
24 20
63 57
18 45
50 52
22 45
63 14
69 45
50 61
39 30
63 16
67 64
45 7
16 20
5 45
20 30
31 59
39 43
0 63
3 63
38 20
41 64
63 55
63 28
60 39
20 4
45 8
68 63
36 50
59 24
39 45
29 63
45 34
20 33
37 50
48 20
61 63
47 63
11 64
16 64
45 51
17 59
39 59
63 26
39 38
9 39
39 32
56 20
45 59
39 66
44 50
45 43
50 49
59 67
14 45
30 63
41 39
20 44
14 50
6 20
8 39
65 63
50 60
39 2
20 52
50 26
67 20
68 59
23 45
64 37
41 45
50 59
15 39
12 63
59 15
50 57
20 61
46 39
33 63
20 63
50 42
59 8
63 51
27 63
45 3
59 30
64 47
65 45
39 12
50 33
39 11
20 39
56 45
63 67
34 64
63 8
39 14
45 62
59 38
8 64
45 12
63 39
59 12
62 20
63 17
41 59
56 59
46 63
55 20
60 45
55 50
59 66
51 59
59 13
15 20
20 25
45 25
50 29
55 45
39 34
30 45
20 46
20 50
1 50
43 50
4 50
16 45
20 42
32 20
39 16
20 53
53 59
27 45
45 57
59 10
39 31
39 47
13 50
35 59
34 50
1 64
4 59
45 13
20 49
54 45
20 1
56 39
50 11
10 39
40 50
9 20
32 59
8 20
23 50
59 16
41 63
59 21
34 59
59 46
27 59
39 58