20
40 34 37 22 29 34 36 39 29 39 29 40 24 25 36 31 37 29 33 39
4
37 47 49 41
99
14 13
15 10
8 13
2 7
12 9
13 7
15 0
13 9
11 13
15 8
17 12
12 7
9 7
17 11
9 8
17 6
7 0
1 13
13 0
9 18
8 7
3 9
5 13
9 15
3 7
0 9
16 13
7 1
14 3
3 15
5 11
11 19
8 0
17 9
13 10
0 17
17 3
2 9
15 14
0 11
19 13
17 5
1 9
7 14
18 11
16 9
15 11
7 6
5 9
9 11
1 17
14 0
10 11
11 3
13 18
17 7
6 11
13 15
6 8
13 3
10 14
14 8
11 12
14 11
2 14
1 14
15 19
15 12
13 6
13 2
16 15
10 9
14 5
18 14
17 15
17 19
13 17
18 17
7 4
18 7
11 2
11 1
8 11
10 7
7 15
2 17
11 4
15 2
14 17
6 15
19 7
4 9
4 14
14 16
12 14
4 15
4 13
5 7
16 17