50
29 26 25 26 29 28 36 40 39 29 31 34 33 25 25 26 27 25 27 33 37 35 35 26 39 30 28 22 26 40 28 31 37 30 39 26 35 26 29 40 40 29 34 20 24 20 26 32 35 24
10
28 21 22 27 26 22 24 38 45 37
912
13 24
19 21
9 47
28 9
34 25
29 16
30 5
1 32
6 8
5 11
38 21
7 45
46 47
16 35
35 8
47 4
37 20
41 2
39 34
40 41
15 48
3 35
36 44
42 33
10 45
42 25
38 3
32 43
6 10
17 42
10 0
8 31
45 40
2 4
35 45
42 24
43 37
38 36
10 37
15 7
11 16
17 44
41 16
29 40
16 42
3 6
40 26
11 27
10 18
7 18
32 49
7 0
38 6
28 42
6 27
3 19
23 3
29 17
25 39
16 34
44 47
16 36
25 2
21 16
23 44
2 33
23 34
25 29
31 46
11 23
19 48
36 25
1 47
18 34
3 8
4 40
38 29
44 24
14 24
22 24
3 33
39 22
30 45
7 29
33 35
24 45
41 48
26 36
26 42
12 11
3 2
17 3
17 38
4 3
45 39
38 37
20 45
39 47
38 49
38 32
20 17
49 39
20 48
27 13
46 27
41 20
30 19
14 42
35 49
43 12
41 29
24 18
34 9
29 23
0 15
30 36
16 30
29 24
45 38
12 2
42 23
28 40
39 44
35 26
46 3
48 5
40 20
40 42
36 29
35 7
28 17
47 45
2 15
49 2
8 10
27 38
33 47
39 42
27 15
44 16
15 10
22 43
20 42
21 15
40 32
9 48
8 44
39 35
36 8
16 0
36 19
2 27
7 41
27 35
18 0
12 28
21 6
0 45
46 34
29 37
24 40
32 39
34 29
5 35
24 34
39 43
14 28
1 20
6 2
49 43
32 28
30 10
28 24
45 28
46 40
21 12
19 34
3 32
11 3
30 25
19 42
13 3
36 10
45 34
9 32
24 48
27 42
38 31
26 38
6 44
39 2
11 18
22 40
35 9
29 45
24 31
23 16
11 20
16 39
18 42
8 43
31 2
38 39
37 3
0 38
5 20
41 24
37 48
37 35
0 3
44 49
22 7
9 3
5 28
38 23
31 15
5 42
43 10
9 31
8 24
10 41
19 38
42 44
20 9
18 35
2 22
21 23
39 12
48 34
26 47
46 35
14 21
0 14
38 7
35 28
24 6
34 49
10 5
48 47
11 36
44 48
1 42
14 29
28 41
10 23
16 17
24 9
15 20
35 40
10 48
4 6
22 10
32 47
0 25
31 4
39 19
12 31
4 36
19 47
35 1
43 28
12 20
40 8
24 30
16 1
24 3
40 36
40 31
6 20
4 35
15 34
31 18
37 11
16 12
11 49
14 47
4 30
39 36
21 49
48 22
12 10
47 29
16 9
23 0
40 39
43 35
27 16
33 27
28 3
13 29
2 11
34 6
32 44
31 49
27 9
33 38
19 29
15 35
2 35
21 28
21 17
2 20
11 30
25 35
6 48
33 20
47 3
28 2
34 1
43 23
47 12
20 28
3 5
26 0
12 34
21 26
11 28
42 35
21 41
30 27
34 38
9 7
1 28
15 38
34 31
35 38
21 2
44 35
33 30
34 28
47 10
13 16
16 14
5 7
46 11
10 16
27 20
11 41
19 16
28 38
3 45
41 31
44 21
11 24
0 22
30 8
43 30
10 46
39 3
10 1
25 27
10 3
40 43
23 40
11 42
25 21
11 19
48 33
8 28
45 2
37 24
47 28
42 13
7 6
44 14
0 27
2 43
13 31
6 35
34 42
37 32
31 14
46 42
31 39
6 42
44 7
3 34
16 32
21 9
13 38
13 7
41 34
10 27
17 35
15 11
47 31
47 40
25 31
30 14
24 47
27 24
16 15
30 32
3 41
31 11
6 32
21 48
48 30
15 3
35 41
42 43
34 43
40 0
48 27
42 3
31 33
14 27
17 24
26 11
37 27
41 42
35 20
49 24
46 39
0 17
7 47
20 36
31 27
26 32
2 40
21 1
13 35
29 1
4 43
37 0
4 16
23 24
14 7
36 45
30 7
32 22
26 30
43 38
9 6
9 29
48 4
15 24
13 47
12 7
31 26
42 4
46 30
29 22
15 40
3 29
30 29
35 34
11 33
20 43
24 35
31 23
19 6
38 1
21 33
40 30
17 7
40 49
47 25
16 43
7 34
35 31
36 34
48 31
2 48
29 31
37 39
0 12
30 44
46 7
27 36
37 28
33 44
10 7
2 9
30 31
24 7
18 20
12 27
36 32
29 12
35 10
39 11
29 49
43 14
23 48
20 10
42 36
43 13
37 7
10 31
40 33
11 21
46 29
28 13
2 14
24 39
11 34
10 39
49 28
20 38
42 32
4 24
3 22
30 1
8 2
14 10
31 0
42 47
7 25
28 36
30 21
36 14
16 38
46 0
0 1
39 18
3 48
5 21
23 35
24 36
46 43
40 6
0 9
36 49
16 45
20 31
30 22
10 29
36 9
27 18
31 17
10 38
27 40
39 15
32 46
7 21
31 45
17 2
34 26
20 44
47 17
20 34
35 48
1 36
38 44
12 35
31 37
28 10
32 48
0 28
48 43
31 32
36 5
48 29
3 21
45 32
7 1
32 34
13 2
47 30
6 16
20 25
42 10
12 42
39 4
48 0
8 0
30 2
38 41
43 3
47 15
43 21
7 2
6 43
47 5
13 20
19 44
19 43
34 44
5 38
48 12
47 27
20 14
11 32
2 38
30 35
34 0
12 36
34 2
21 4
34 13
28 15
26 10
30 13
49 48
2 24
20 39
16 8
14 39
11 9
16 22
35 0
7 48
6 0
44 4
28 48
4 7
20 8
10 2
31 42
19 35
30 0
12 44
1 24
3 36
24 46
39 26
37 40
21 20
38 18
27 29
32 10
36 18
31 28
11 43
20 4
32 24
1 11
47 35
46 16
3 1
8 27
25 24
49 27
47 2
10 49
12 32
30 37
20 46
36 35
22 36
31 7
44 28
0 36
11 22
4 11
36 43
40 25
41 43
24 21
42 7
47 16
14 3
37 16
46 48
35 32
16 18
32 17
49 30
34 14
42 9
19 10
25 43
12 38
5 2
47 8
39 8
22 44
48 45
39 13
25 10
21 39
5 32
27 22
5 29
40 9
44 46
0 43
28 18
5 16
25 38
24 43
33 36
28 29
38 48
20 19
28 4
27 26
33 39
1 48
11 35
31 19
42 15
32 20
21 32
41 27
29 44
9 30
44 11
24 5
36 47
31 21
36 21
21 29
34 10
47 37
0 4
23 27
27 21
2 0
2 23
7 11
20 29
10 9
31 44
3 44
45 42
40 3
30 42
27 39
40 21
49 0
7 43
2 42
31 36
6 36
14 6
37 34
22 34
21 10
33 7
32 0
47 6
21 18
25 28
5 34
32 25
24 0
28 19
33 32
6 29
48 36
30 18
43 26
47 49
32 19
22 20
18 48
6 31
8 34
2 29
7 36
43 31
41 47
28 7
13 0
11 38
41 36
5 40
11 45
11 0
8 32
48 39
26 44
43 18
46 38
47 20
40 12
41 44
47 11
21 45
0 47
38 47
16 33
40 10
21 13
34 4
24 38
47 18
29 39
2 18
30 34
29 26
32 2
41 30
21 47
22 28
29 4
8 7
41 0
1 31
19 2
23 7
32 23
32 13
28 46
27 4
36 13
30 38
28 27
17 27
10 11
16 2
13 44
10 44
16 24
43 47
47 23
32 14
22 47
34 21
9 39
8 21
30 12
17 34
24 33
22 42
3 12
40 44
10 33
6 12
17 39
18 3
1 2
26 24
42 38
42 29
0 21
29 0
25 3
39 0
40 7
49 42
31 16
42 37
16 40
42 48
11 29
43 29
35 14
9 44
2 44
39 5
1 40
30 20
31 5
16 28
15 30
17 36
21 46
10 4
8 11
44 15
25 16
28 26
33 29
3 31
41 39
38 22
15 43
38 14
0 42
33 34
13 10
4 32
19 40
48 8
2 26
22 31
18 40
40 34
29 8
23 20
20 24
36 23
30 3
0 5
16 48
19 27
0 33
29 35
19 7
44 37
27 34
43 33
42 21
17 30
32 41
36 15
7 27
19 0
39 1
32 7
38 8
0 20
9 43
40 38
37 21
17 43
25 48
11 6
26 48
11 25
18 44
7 39
27 3
28 33
17 10
10 24
44 25
0 44
27 32