60
33 31 25 20 32 21 39 28 20 40 31 30 27 20 28 33 26 21 20 29 30 24 37 35 25 28 28 39 29 33 22 40 26 32 22 36 40 24 34 21 25 32 37 31 35 38 27 33 32 32 29 28 21 36 28 28 21 28 25 33
12
34 45 44 50 36 21 28 47 27 41 38 41
267
23 29
29 14
10 7
19 58
35 10
29 40
8 28
29 39
19 46
26 14
10 5
26 55
29 45
5 13
28 31
30 28
38 28
50 13
10 30
19 6
10 59
33 28
13 1
12 19
45 13
24 10
32 26
44 28
12 29
28 10
6 13
48 29
10 12
35 28
37 26
19 40
36 10
26 3
13 24
45 10
19 3
19 5
26 42
27 26
44 19
13 47
27 19
28 42
48 13
19 15
6 10
18 19
26 46
13 7
28 58
47 28
28 15
55 19
10 8
17 28
10 46
26 56
28 36
13 29
10 56
28 2
26 6
19 8
31 19
28 20
53 13
25 28
5 26
27 28
4 28
30 26
38 29
52 28
13 31
41 10
19 37
9 10
52 19
50 26
19 29
11 29
13 19
28 3
56 29
37 13
10 25
39 19
21 29
10 58
41 28
42 19
13 32
29 9
12 28
55 29
28 7
29 42
25 19
44 13
10 13
17 13
26 58
19 36
47 19
10 51
10 21
41 13
1 28
46 13
42 13
21 19
35 29
29 1
13 38
26 13
36 13
29 57
50 19
58 29
19 38
34 19
13 4
59 13
17 29
19 9
12 26
29 3
10 37
26 59
23 13
10 0
13 9
13 57
21 28
27 10
35 13
53 19
19 23
31 26
19 24
13 12
10 32
34 29
5 29
29 28
26 23
3 10
53 28
28 26
19 56
37 29
29 31
28 11
59 28
19 33
28 43
28 19
13 43
29 0
15 13
8 29
46 28
47 10
18 29
10 52
13 25
31 10
13 11
28 37
49 28
13 55
32 29
32 19
51 13
22 29
10 40
2 10
19 35
28 6
10 38
29 49
19 45
28 39
13 49
43 29
55 10
9 28
28 40
10 44
29 52
19 0
10 54
30 19
38 26
30 29
14 28
28 18
29 24
28 23
23 10
28 45
14 13
26 25
33 10
39 10
29 53
50 10
13 27
29 36
57 10
57 19
2 13
10 34
20 29
20 13
2 29
29 16
22 28
29 51
57 26
29 7
16 28
54 13
19 22
13 22
53 10
28 0
13 0
24 28
28 13
21 13
5 28
28 48
0 26
51 19
14 10
27 29
41 19
40 13
54 29
34 28
10 18
13 33
10 15
54 19
29 26
19 4
10 42
19 7
13 58
14 19
6 29
16 13
50 29
19 2
10 4
29 10
19 59
10 22
26 18
28 56
26 39