30
23 30 25 33 24 26 34 21 25 37 22 37 33 35 27 20 22 39 22 33 25 37 21 34 24 36 39 26 34 38
6
48 49 22 41 43 28
378
17 13
2 18
17 27
12 7
23 13
9 4
16 20
26 2
24 14
2 13
22 12
29 10
0 18
17 3
17 24
26 23
6 17
29 25
10 7
23 10
6 1
23 9
22 25
4 11
17 26
16 29
25 14
8 11
7 23
3 22
26 18
21 8
16 18
22 28
15 18
23 8
4 19
17 11
10 4
28 0
26 3
5 24
19 14
14 10
20 29
20 6
11 7
1 28
24 20
8 6
28 25
12 15
19 2
3 24
10 2
13 14
6 2
29 28
25 1
7 27
9 15
0 1
14 7
15 8
2 11
16 10
5 15
11 21
19 18
27 14
14 22
4 12
5 11
6 22
11 0
6 14
1 23
6 11
16 8
28 2
29 8
16 15
22 16
23 6
13 1
15 22
18 7
14 16
4 5
10 6
29 7
28 13
2 5
17 29
2 29
4 16
11 27
22 7
23 4
9 25
29 1
23 16
7 4
29 22
21 3
14 18
18 24
23 2
15 28
0 2
27 21
4 27
20 14
10 28
27 6
5 18
2 17
28 11
17 8
4 26
22 1
12 11
29 19
11 1
12 0
3 11
12 25
20 27
26 12
25 19
29 13
8 18
1 12
1 2
17 20
5 17
13 11
11 20
16 17
27 1
9 17
27 22
0 4
29 4
26 13
0 29
14 12
17 7
14 4
13 7
23 20
29 24
12 10
24 19
8 27
4 17
20 15
20 19
7 8
6 12
15 29
29 27
24 7
12 21
12 8
19 17
23 5
8 26
25 15
1 24
8 0
3 1
10 26
4 1
9 16
7 2
9 27
5 19
7 16
14 1
8 5
2 21
2 24
13 9
15 7
13 19
20 21
19 28
7 6
15 19
18 10
0 16
16 28
26 20
28 5
9 22
10 8
22 11
19 0
8 13
29 5
6 28
5 1
10 1
18 4
17 23
6 0
13 10
1 16
12 17
6 3
11 18
23 19
23 11
23 14
14 17
18 6
25 17
8 14
24 23
19 26
15 11
29 23
24 28
1 20
21 7
10 5
15 26
21 17
14 5
13 0
11 16
1 15
0 17
17 28
21 29
3 14
4 13
9 24
10 21
24 16
3 10
26 22
21 26
27 26
27 0
22 19
15 4
14 2
25 4
15 6
13 18
18 17
20 12
9 8
3 9
29 18
24 11
3 16
2 9
23 21
13 24
18 9
19 8
9 21
23 22
13 22
24 26
22 5
25 27
19 10
10 11
0 10
6 24
15 3
19 12
15 27
25 23
12 24
19 16
4 28
21 0
5 27
20 5
10 20
7 20
22 24
0 3
10 24
6 4
25 26
14 21
6 19
20 3
25 3
7 0
0 5
13 12
2 16
12 9
15 23
25 20
2 12
0 20
18 22
3 5
28 14
8 25
16 12
15 14
26 1
26 7
5 9
17 15
20 18
2 27
24 27
3 4
13 20
25 11
21 18
9 0
29 3
8 3
19 27
7 3
17 22
26 0
6 26
19 3
26 28
22 10
13 15
9 19
21 22
8 1
28 7
25 0
19 21
25 10
22 0
28 8
21 24
17 1
2 3
28 20
9 10
27 13
7 25
1 18
16 26
0 23
25 24
4 24
28 21
8 24
15 2
21 1
9 28
10 15
7 9
12 5
0 14
5 7
21 4
6 29
10 27
5 26
1 9
11 19
20 9
27 16
25 18
15 21
29 12
2 25
13 3
6 9