60
40 37 35 27 27 37 36 22 23 39 25 26 33 30 38 25 31 37 36 24 24 36 39 25 20 27 21 20 22 22 35 21 30 21 30 33 30 24 31 21 25 39 31 33 34 31 36 23 34 34 27 24 27 22 24 27 27 32 40 35
12
27 27 36 30 40 34 28 21 30 34 44 38
144
34 39
23 47
10 2
2 37
22 2
2 12
23 2
2 30
27 2
5 47
39 57
9 2
47 1
2 50
39 20
47 17
47 58
16 2
2 48
47 19
31 47
39 53
2 55
39 36
18 47
10 39
13 39
47 3
1 39
39 38
39 44
58 2
9 39
39 15
22 39
39 21
36 2
1 2
31 39
47 24
24 2
12 47
39 12
33 39
47 53
47 40
19 39
26 47
41 39
31 2
47 15
52 47
47 57
2 17
32 47
2 7
56 39
32 39
39 0
2 35
2 59
47 25
47 36
40 39
47 38
0 2
2 56
47 9
43 47
25 2
2 5
47 27
39 16
2 51
39 23
2 6
29 47
49 2
50 47
2 11
39 46
42 2
39 11
47 35
2 21
2 45
24 39
47 20
28 39
2 29
4 47
47 48
14 2
39 26
28 2
56 47
2 18
39 29
2 57
8 2
47 6
2 47
35 39
0 47
11 47
39 50
2 54
39 4
39 14
52 39
47 21
34 2
47 41
49 39
53 2
39 2
39 18
26 2
47 46
47 22
28 47
2 13
2 32
47 34
33 47
55 47
25 39
5 39
39 43
47 49
39 17
39 48
55 39
14 47
39 58
47 13
3 39
6 39
47 44
2 3
47 10
16 47
2 41
39 27