70
38 37 37 20 29 24 32 29 28 40 22 33 20 20 40 28 40 27 26 26 21 28 31 30 24 25 27 28 38 38 35 31 22 23 30 26 34 36 22 29 40 23 24 30 29 40 25 32 25 40 24 23 36 20 39 25 40 21 27 29 22 28 33 39 36 33 35 21 31 26
16
41 32 22 22 36 47 49 42 21 40 34 26 42 25 42 21
1276
43 21
2 53
24 20
58 37
55 63
56 3
52 10
3 6
26 62
23 60
6 44
36 61
18 42
56 62
17 24
12 42
56 10
59 43
51 37
52 11
23 63
41 30
6 67
30 17
45 51
55 34
7 65
29 44
56 6
12 47
17 18
14 69
6 62
52 37
63 40
14 58
62 9
40 7
21 0
12 50
48 24
55 6
16 43
11 1
12 16
7 31
3 13
11 48
69 42
55 32
39 24
21 4
6 29
69 16
50 43
20 29
56 41
10 55
21 23
16 62
46 30
60 10
10 46
43 25
24 0
29 33
39 2
13 46
61 38
42 63
39 60
32 43
31 16
19 30
62 51
63 65
12 15
13 32
30 38
13 14
7 26
28 56
1 37
47 63
66 40
37 29
33 43
15 37
39 38
15 13
60 42
29 41
50 47
55 29
17 45
61 34
42 43
28 6
31 62
25 61
40 20
27 13
45 29
42 55
53 33
31 6
58 53
35 61
7 67
61 10
46 24
16 63
48 6
37 69
53 3
12 14
62 33
62 66
34 40
12 5
10 15
12 59
47 15
6 15
12 11
27 39
62 44
13 45
32 39
37 42
62 13
64 11
47 61
24 56
47 52
26 51
50 13
25 29
14 24
29 32
10 54
39 37
6 64
12 68
11 0
37 64
38 13
11 58
52 42
9 61
21 50
32 7
64 10
22 51
67 17
43 1
30 22
56 55
12 66
5 63
53 17
12 6
10 24
29 26
50 17
62 5
30 37
59 16
2 30
61 44
50 40
56 35
14 30
47 30
10 53
12 40
22 43
41 43
16 32
37 24
11 30
4 17
7 38
39 20
22 7
12 25
32 30
62 64
55 33
13 26
21 8
38 14
21 32
46 6
27 24
26 16
6 7
7 25
14 11
3 24
65 37
36 62
39 9
9 21
23 44
13 16
66 17
60 43
16 22
39 40
6 1
53 52
50 61
56 68
38 56
35 16
61 22
23 22
43 36
36 30
21 59
15 56
28 51
62 20
43 52
6 39
16 60
51 57
14 26
44 11
51 5
49 42
48 55
65 6
10 68
63 31
14 65
15 62
51 52
5 24
43 44
43 11
38 23
24 59
6 41
0 13
40 52
30 49
43 57
6 60
7 13
65 12
21 38
37 11
47 19
60 47
7 19
18 51
3 16
28 24
50 10
63 36
56 13
7 34
22 37
4 37
23 58
12 51
25 21
33 14
7 30
69 47
13 52
10 4
4 56
24 16
23 25
47 29
7 56
20 13
61 42
57 10
2 17
65 29
56 8
35 7
14 28
51 19
61 41
3 11
30 1
12 13
14 27
40 22
27 42
39 16
6 19
42 17
56 58
26 63
17 13
24 47
53 44
51 68
53 54
37 34
61 2
14 49
35 21
28 61
56 51
16 64
23 56
6 38
21 22
38 11
39 23
13 11
6 27
39 48
56 5
58 47
6 0
3 61
56 30
68 11
43 7
13 49
62 42
20 12
13 5
24 9
45 63
44 21
42 14
41 47
63 7
29 69
45 10
29 30
41 62
51 7
33 47
39 46
32 12
52 7
62 30
14 3
37 27
40 42
39 31
1 61
14 61
21 16
39 56
15 30
21 49
20 11
32 53
63 30
52 55
56 1
21 46
53 41
40 55
63 41
16 29
18 55
49 16
58 16
44 14
23 20
40 16
61 46
30 8
42 47
53 61
11 63
15 51
7 28
6 68
15 42
21 58
16 38
56 17
13 6
30 67
11 36
29 59
69 24
35 24
20 56
55 14
33 16
13 42
65 55
28 23
23 37
54 37
8 6
17 9
39 30
19 23
8 55
11 34
26 23
26 42
54 6
64 12
3 43
14 43
23 54
34 6
55 54
40 23
10 23
66 24
24 23
54 14
48 14
11 27
42 56
66 56
17 38
47 8
24 31
0 17
17 7
18 62
43 39
62 17
6 51
28 37
19 39
40 24
65 10
61 69
27 7
25 24
21 12
12 36
45 42
53 14
23 32
11 23
12 56
47 39
47 62
15 14
39 58
13 37
60 40
40 8
17 22
53 16
17 48
40 13
3 47
17 16
53 8
18 43
64 21
18 23
61 60
24 53
3 51
21 54
24 11
30 59
69 23
42 1
24 32
38 42
48 37
62 45
59 61
55 41
63 10
43 54
13 18
40 35
52 39
37 61
68 24
25 30
47 66
63 56
16 42
55 46
19 55
5 10
7 66
33 63
12 24
39 57
61 19
42 44
33 21
17 14
60 13
55 3
53 63
11 4
55 39
62 68
27 16
68 39
17 36
66 42
35 63
43 49
37 21
43 17
37 26
23 46
35 6
7 50
7 55
44 56
43 0
62 35
1 47
53 38
5 39
30 26
57 21
30 6
6 42
27 40
51 30
36 7
53 0
6 59
53 56
69 21
42 36
5 42
22 24
6 40
29 56
6 11
34 16
12 49
7 10
61 66
17 33
37 63
13 55
13 39
23 36
39 4
27 62
56 26
3 39
7 4
24 43
40 43
16 55
42 9
23 3
60 30
40 26
69 43
65 62
25 10
27 43
4 16
12 41
14 64
6 63
46 56
64 29
6 66
58 63
66 55
43 20
55 35
50 16
24 44
43 55
23 57
14 4
40 30
50 56
24 55
49 23
57 62
22 55
28 39
61 18
52 17
8 10
61 20
53 57
36 55
67 55
7 18
42 68
62 61
38 10
68 14
42 67
5 14
6 32
30 5
19 42
55 59
30 44
37 32
11 42
55 53
53 46
21 39
29 58
69 17
7 42
57 6
21 47
11 60
42 20
48 40
10 27
49 61
1 16
67 43
12 9
4 47
58 30
29 43
39 67
21 10
60 24
29 17
53 69
61 43
9 55
24 19
0 37
40 17
21 30
12 18
42 48
54 7
41 13
38 43
41 21
64 55
62 32
50 62
14 66
23 50
34 17
21 3
24 62
40 14
16 67
14 35
54 11
37 66
2 7
64 24
15 43
11 18
0 56
23 29
32 63
13 29
10 35
30 61
2 23
23 55
16 51
11 65
47 14
53 20
16 15
55 47
17 23
4 24
56 16
17 60
29 18
6 69
68 7
12 39
10 48
42 22
45 7
47 53
48 21
34 63
29 67
37 45
2 43
51 38
17 65
47 38
56 48
27 56
23 41
69 51
11 2
67 37
11 29
63 59
55 69
65 56
41 40
63 9
13 44
47 34
24 21
48 16
39 0
16 65
21 63
38 55
43 58
24 26
29 8
11 5
16 25
10 33
51 21
20 17
65 47
15 53
21 19
54 56
61 56
39 29
59 10
28 16
16 52
35 17
21 31
30 18
36 47
51 2
5 16
14 0
67 51
42 2
14 45
47 0
47 68
19 43
7 3
15 11
42 0
6 26
23 33
37 35
19 16
53 59
43 63
57 42
12 4
15 7
52 61
20 55
13 21
24 7
34 51
19 37
56 19
13 59
23 0
46 51
21 62
9 11
48 51
5 29
23 12
26 43
27 23
61 29
2 24
23 51
12 48
31 55
10 26
7 46
16 68
20 7
61 51
37 41
28 42
24 30
2 14
51 4
16 44
54 61
45 6
30 33
21 56
6 61
29 49
8 17
17 31
39 11
25 55
42 59
53 6
37 55
34 29
18 40
52 56
51 17
29 51
4 29
10 67
21 6
22 39
6 58
0 30
40 36
11 61
21 7
53 39
9 56
55 2
10 51
10 30
48 63
31 29
55 28
55 4
40 62
23 59
39 42
26 11
37 47
40 29
35 12
47 27
1 17
65 39
57 17
65 51
9 29
68 37
53 29
7 23
40 51
54 51
5 43
10 39
55 30
6 43
29 14
51 13
39 62
14 21
2 47
53 1
44 37
43 12
11 17
33 13
53 49
63 24
12 17
11 7
16 23
33 39
7 57
30 54
60 14
42 31
53 28
14 7
7 49
11 33
13 10
63 39
11 21
14 51
63 61
10 44
63 69
42 23
62 69
9 23
34 39
67 53
1 51
13 67
60 51
34 24
23 61
64 39
53 22
61 65
56 14
63 8
51 0
24 65
29 35
13 9
14 63
68 17
52 21
64 42
40 53
46 42
37 2
36 51
38 40
50 11
56 33
43 56
29 24
43 46
21 67
28 11
67 61
63 57
51 43
42 21
21 66
52 24
62 10
49 24
21 45
24 15
5 23
17 25
49 17
67 14
37 5
29 66
28 10
45 43
6 2
42 8
12 44
68 55
53 7
51 53
42 10
3 17
47 9
20 30
57 16
10 12
40 37
25 6
12 7
62 55
21 28
10 3
63 18
39 51
20 51
58 7
11 19
58 12
60 55
61 0
44 55
9 7
63 20
19 53
11 10
66 11
11 31
51 11
58 62
27 63
17 28
56 34
50 39
10 66
42 30
30 69
52 6
24 61
18 21
1 14
23 62
42 4
4 61
14 41
8 14
16 11
56 18
2 21
41 7
26 53
49 39
13 19
62 14
32 42
66 16
45 23
51 31
25 53
45 61
63 17
37 12
13 28
51 8
57 13
2 13
22 14
16 41
51 44
49 63
61 31
54 42
49 10
56 64
50 53
35 51
51 63
10 1
6 50
17 64
3 30
54 39
9 43
7 37
34 12
39 35
27 53
58 13
69 10
33 61
21 65
16 2
31 47
53 36
12 30
7 64
39 36
28 43
31 37
53 45
30 45
27 30
14 57
39 41
10 34
29 48
55 11
55 12
11 41
45 16
67 63
17 46
8 43
41 10
17 6
67 24
7 1
14 34
39 14
15 63
17 44
8 61
39 45
47 43
22 47
7 33
1 23
6 22
69 56
61 57
6 47
2 56
14 32
64 63
59 17
0 16
12 69
68 61
17 41
11 22
8 13
37 53
56 31
23 6
62 34
57 29
68 29
55 51
16 47
17 32
53 11
17 10
59 37
33 12
24 6
23 67
4 6
1 13
5 6
52 23
7 0
21 68
25 51
21 29
54 13
55 0
4 63
62 49
10 43
14 31
14 46
36 24
10 40
59 56
47 7
16 46
32 10
21 34
57 12
13 69
36 56
24 8
13 36
8 11
42 35
13 25
32 61
47 17
23 47
61 39
11 35
61 7
16 8
62 59
62 53
33 37
58 61
11 46
18 47
61 12
32 51
24 45
29 15
55 50
51 27
37 57
49 6
42 29
67 12
9 51
44 47
52 14
59 47
36 21
28 47
51 64
42 25
45 12
66 63
64 61
62 11
47 13
54 17
61 16
3 37
37 43
15 39
23 15
53 60
10 47
38 37
44 63
22 13
50 63
68 63
62 8
1 24
50 29
54 16
30 57
48 61
26 39
67 62
38 24
57 55
56 37
29 27
14 23
43 62
18 24
25 14
50 14
30 16
12 53
66 39
60 21
61 40
27 12
2 10
62 48
46 47
53 5
49 37
47 5
37 17
25 62
59 51
69 11
19 17
12 26
20 47
22 56
48 47
64 47
6 33
55 49
13 63
17 39
37 25
37 8
25 63
11 59
30 28
54 47
13 61
10 0
24 57
20 21
52 30
19 14
53 21
21 1
58 55
51 66
56 60
36 29
23 8
40 21
7 48
1 55
37 62
47 51
7 60
31 12
51 49
7 62
42 53
42 3
22 10
17 58
37 60
9 53
42 34
55 45
30 50
10 19
46 37
35 47
62 4
9 30
5 7
37 50
53 18
26 47
39 25
18 39
29 10
16 7
58 10
54 24
1 39
13 24
10 31
12 8
14 59
65 42
29 7