40
23 24 37 32 33 39 29 21 25 27 20 25 38 36 25 33 34 20 24 31 21 30 27 38 29 35 26 25 27 32 39 34 21 24 38 20 40 38 29 21
8
41 39 45 24 42 23 42 28
86
39 26
1 20
20 35
31 20
39 8
39 23
6 20
33 18
38 39
7 20
30 20
4 18
39 13
0 39
30 39
20 23
20 37
11 20
39 10
18 17
21 20
39 18
5 20
27 20
29 20
18 29
39 11
20 36
34 39
18 32
20 10
15 18
26 20
14 39
22 39
20 17
39 35
24 20
4 20
1 39
39 6
34 20
39 7
18 28
5 39
20 9
12 20
39 19
21 18
20 28
20 3
18 31
20 38
13 18
15 20
18 19
18 20
32 20
39 33
18 36
24 39
39 20
39 16
18 2
18 11
17 39
0 20
35 18
5 18
39 36
39 9
20 19
18 30
39 2
39 28
21 39
8 18
39 27
37 39
18 24
12 39
14 20
22 18
8 20
25 39
3 18