200
25 37 32 20 35 31 37 24 24 27 24 22 32 21 31 26 26 35 36 21 35 40 36 40 35 30 29 27 38 32 36 36 29 28 35 40 21 38 21 27 36 37 22 27 37 37 25 30 35 40 24 22 34 29 23 33 26 34 34 22 34 40 24 25 30 20 24 30 37 33 32 36 25 21 24 29 24 31 38 32 37 35 20 21 24 28 24 37 29 30 37 40 26 20 22 22 33 35 26 24 37 25 20 36 29 23 32 37 23 30 25 22 36 27 22 26 38 38 29 31 31 30 27 23 36 34 35 27 34 34 29 22 40 36 36 26 39 21 35 29 29 29 31 23 35 37 38 31 36 40 21 30 33 33 38 21 31 29 23 29 40 34 31 21 40 37 35 39 24 32 28 27 21 39 21 39 34 32 27 29 31 27 38 30 29 24 27 20 21 33 32 30 24 34 36 34 22 30 40 34
20
32 37 23 33 33 42 38 31 42 33 31 38 32 49 20 47 44 22 34 21
39
73 35
168 73
183 73
91 73
73 97
73 84
73 64
73 145
73 32
27 73
118 73
73 110
73 131
73 77
73 8
137 73
166 73
184 73
121 73
69 73
109 73
73 72
34 73
73 132
192 73
73 152
73 104
73 108
73 140
73 79
73 21
73 164
28 73
151 73
73 16
73 146
73 57
73 40
73 46