70
34 24 25 25 20 38 39 36 36 35 37 40 33 34 26 37 37 21 27 21 33 24 37 23 26 34 28 35 31 23 30 27 23 38 30 40 24 30 22 37 25 31 21 38 29 40 32 30 24 36 27 30 32 39 30 32 25 24 26 29 20 26 20 40 25 35 37 20 34 32
16
48 45 29 23 36 28 48 34 22 43 25 39 45 22 32 43
72
64 12
6 64
53 64
64 22
64 47
64 55
27 64
8 9
64 20
15 8
64 3
64 25
11 8
61 64
64 29
9 64
42 64
36 8
68 64
64 2
64 18
8 24
50 64
8 30
63 64
5 64
64 69
8 69
8 64
23 64
66 8
64 66
64 19
64 45
64 54
40 64
56 64
16 64
8 25
64 0
64 58
65 64
58 8
8 46
64 17
64 60
64 35
64 52
64 32
48 64
15 64
21 64
10 64
64 59
64 31
26 64
64 38
8 37
13 64
33 64
64 39
44 64
49 64
64 57
1 64
64 46
64 7
64 4
51 64
64 11
64 43
36 64