40
26 23 30 24 27 29 26 21 30 22 34 22 31 26 28 24 31 26 26 39 34 25 33 25 31 28 24 24 24 21 29 39 29 25 33 29 36 20 29 28
8
45 45 42 47 42 24 24 36
387
14 1
15 29
19 29
5 38
6 33
25 3
20 4
7 3
23 32
31 2
37 28
4 2
11 17
3 0
9 4
11 12
26 9
32 13
0 15
35 12
1 12
25 2
3 29
5 20
3 10
39 32
1 32
3 5
14 13
23 2
26 29
2 35
12 2
37 1
18 33
11 1
19 20
29 1
38 7
26 28
5 37
16 3
2 16
14 39
32 21
33 3
20 32
3 35
26 32
36 20
17 32
2 29
11 29
1 0
22 11
11 27
37 36
10 38
25 37
23 11
20 1
26 23
3 6
11 7
33 10
12 6
11 18
37 10
36 2
20 37
32 24
0 32
4 11
17 3
3 23
0 12
38 3
32 18
28 0
4 12
22 0
19 32
25 33
26 0
14 0
11 28
25 12
33 11
29 14
38 36
14 17
33 36
3 2
30 26
9 31
8 37
28 38
33 31
24 33
23 0
31 37
26 3
28 14
37 2
2 38
15 2
32 28
16 33
29 4
33 4
19 33
11 6
15 38
9 0
26 38
36 9
12 21
29 30
8 20
12 17
38 24
26 8
7 20
38 19
12 3
38 30
0 31
13 20
20 0
11 30
29 7
9 23
37 15
32 22
7 33
2 19
19 12
3 39
31 32
22 9
8 14
38 21
34 9
27 29
33 8
19 26
29 12
29 32
33 17
39 38
33 30
32 12
39 20
23 12
2 6
11 19
36 26
38 16
37 11
24 12
31 11
2 14
21 14
34 38
23 14
19 0
14 37
32 30
5 32
33 32
11 26
9 6
37 33
18 12
37 27
5 33
26 24
20 31
18 26
16 32
14 3
8 32
0 16
10 11
38 18
0 35
0 2
20 38
32 2
7 2
31 29
5 0
0 10
8 29
30 9
14 18
3 4
10 29
27 3
17 20
19 37
39 11
37 26
13 11
2 33
3 20
2 27
22 14
1 3
26 1
38 12
38 1
2 39
0 27
24 3
11 15
20 30
37 35
4 37
18 9
33 38
2 21
0 24
0 33
38 17
20 18
10 2
32 15
3 22
28 9
33 21
3 8
37 38
20 2
0 38
20 35
3 9
20 14
11 8
7 12
9 20
33 27
37 9
12 14
33 14
0 8
34 2
29 35
22 37
36 11
33 39
21 20
33 34
9 7
16 37
4 26
17 0
29 33
26 25
33 9
36 14
12 30
12 33
9 17
37 3
0 6
38 22
22 33
24 29
2 17
9 16
37 23
26 31
15 12
35 33
13 38
14 15
29 9
38 8
34 14
3 18
7 14
13 33
26 21
18 2
6 14
23 20
28 29
23 29
25 29
0 30
18 0
6 32
5 26
9 21
8 12
11 34
5 12
11 0
11 16
19 9
9 10
11 3
11 20
26 2
4 38
26 7
32 36
3 21
35 26
0 36
20 15
15 33
23 38
17 26
7 32
14 5
5 11
37 0
24 37
20 29
33 26
22 29
10 32
36 29
32 27
34 29
13 9
30 37
16 14
5 9
9 39
32 4
38 29
12 36
12 28
0 13
10 14
37 7
9 2
0 25
11 24
22 2
14 26
1 9
3 28
39 29
12 37
20 28
6 20
2 11
12 9
32 34
29 5
33 1
20 25
20 24
3 30
27 9
33 20
16 29
32 37
6 26
31 12
3 13
8 9
12 13
0 29
15 26
9 15
34 3
38 6
27 38
34 0
11 21
13 26
38 31
9 24
33 28
12 39
37 34
0 21
26 39
3 32
2 13
39 37
4 14