20
32 25 31 30 31 34 33 25 24 31 33 31 39 34 34 36 38 32 21 38
4
41 34 25 37
130
16 9
17 9
6 4
7 2
14 5
12 1
9 2
9 13
2 12
6 17
18 8
6 16
1 16
3 0
15 2
0 8
8 13
10 16
3 12
17 3
12 0
4 11
3 16
14 12
9 10
11 8
13 5
11 16
5 2
10 12
12 5
10 11
18 3
16 0
7 3
12 16
10 7
11 17
11 14
13 17
15 4
4 1
1 14
2 8
1 8
12 9
16 13
14 19
13 11
4 12
2 19
17 16
17 2
8 10
19 3
5 17
3 2
13 0
2 14
15 3
16 15
9 4
5 8
2 16
2 13
16 4
9 8
1 10
3 4
11 12
10 14
6 8
2 0
4 14
8 17
15 14
3 5
10 4
3 8
4 7
3 9
18 12
14 9
17 1
19 8
4 18
2 10
13 10
3 1
17 4
13 19
18 13
2 6
14 18
4 5
15 8
17 10
14 17
16 5
18 16
6 14
13 6
4 0
7 16
18 2
12 8
7 8
6 3
1 13
15 17
12 17
2 1
16 19
17 7
19 12
3 11
8 4
19 17
4 19
14 3
14 7
3 13
10 3
13 14
11 2
5 10
0 14
4 13
18 17
6 12