30
31 26 34 21 33 40 39 29 22 21 25 34 20 20 38 29 23 25 21 20 34 36 30 22 23 21 30 22 29 26
6
42 31 39 40 49 37
373
12 1
23 18
4 6
8 25
25 2
27 18
26 21
11 15
17 24
20 13
7 8
5 7
12 8
16 5
12 11
19 3
24 16
14 29
10 11
18 14
11 13
14 15
12 29
8 4
16 20
19 25
20 1
18 24
0 4
29 18
2 23
18 21
9 29
19 17
8 2
0 18
20 23
23 7
8 6
7 17
22 13
16 12
13 17
5 11
27 16
18 15
9 13
1 5
18 13
26 12
19 24
28 27
6 13
7 22
26 23
5 29
26 8
27 7
3 15
12 21
14 3
13 25
9 26
9 19
20 29
14 9
22 1
6 19
23 6
25 4
1 4
0 20
26 29
23 13
17 0
7 24
24 20
25 3
12 7
8 10
12 27
12 24
3 11
15 29
7 25
22 0
3 18
3 10
28 19
11 18
11 16
19 29
1 14
13 26
1 21
15 9
10 13
19 4
16 0
5 15
15 27
23 4
28 13
25 29
1 0
3 5
11 19
18 10
22 29
6 21
6 28
11 8
5 26
12 15
28 3
7 2
5 22
10 7
2 3
15 10
12 2
17 15
5 14
4 29
6 10
4 21
19 18
22 8
23 25
6 12
1 23
10 12
0 11
4 10
8 21
28 11
26 2
18 5
20 22
11 20
17 8
14 13
16 9
20 5
19 2
9 1
13 16
0 14
23 29
23 15
14 6
1 11
2 17
15 1
7 14
2 5
24 2
6 9
7 21
27 4
18 4
17 9
9 22
19 5
0 19
12 4
21 23
28 14
28 15
28 24
28 18
15 16
8 19
18 6
10 26
13 27
13 7
5 17
24 14
6 2
21 20
17 18
25 17
27 0
29 2
2 4
23 11
2 0
17 21
0 21
21 27
25 5
16 19
17 20
26 0
3 20
23 22
22 6
25 22
2 20
24 25
6 20
3 17
0 10
25 0
21 29
2 28
8 18
10 9
16 22
26 22
23 19
9 4
9 8
9 21
26 18
23 9
8 14
8 16
27 5
21 13
20 8
15 0
10 27
25 20
19 15
7 6
19 21
23 28
7 28
9 3
2 18
4 24
5 8
16 3
16 23
0 9
17 27
25 15
25 6
28 8
21 28
8 15
0 23
26 16
2 1
2 27
9 12
17 14
3 1
4 5
1 26
6 16
3 22
9 11
3 12
10 23
25 16
9 20
3 4
27 19
10 25
26 14
10 22
20 14
11 17
1 25
14 25
21 24
1 13
1 19
28 20
13 29
7 0
15 13
5 10
24 10
28 26
6 17
22 19
3 6
1 27
8 0
9 24
10 21
7 9
4 16
21 25
7 1
20 12
23 14
21 5
17 4
26 11
0 24
3 26
14 27
2 10
4 13
11 25
22 27
26 17
7 19
10 14
5 12
7 16
15 24
29 0
18 1
12 22
3 7
29 8
12 18
21 3
18 22
20 27
20 19
18 7
28 0
1 24
28 4
9 28
11 4
3 13
0 12
17 12
12 25
14 4
4 22
23 5
3 29
26 6
17 23
0 3
7 29
26 25
5 9
9 2
2 16
19 10
6 1
13 24
26 24
12 23
6 27
13 8
5 28
2 13
18 16
22 17
19 26
22 15
9 27
19 14
11 7
21 15
22 28
21 16
13 5
24 5
15 6
18 20
8 1
12 28
25 27
15 2
12 14
20 10
26 27
22 24
14 16
25 28
0 13