30
27 40 40 34 29 37 23 33 37 31 29 39 34 34 31 23 23 37 28 24 40 27 30 27 29 20 34 32 28 34
6
22 30 42 29 37 22
254
26 21
18 19
25 2
8 12
19 21
20 26
29 20
10 2
0 14
3 8
4 2
25 13
19 16
9 28
17 26
26 29
8 10
14 4
8 25
18 28
17 25
27 25
3 5
8 19
8 9
16 0
14 13
15 21
12 14
15 28
12 13
25 19
10 19
19 5
19 7
20 4
7 2
28 11
19 2
25 10
15 14
3 16
14 26
22 21
22 20
8 28
26 24
28 13
3 26
21 10
0 25
28 4
8 20
24 21
16 26
16 25
28 26
16 28
19 3
22 3
0 2
8 14
28 1
1 14
7 3
3 14
29 14
20 1
12 28
6 25
5 0
3 18
7 14
20 21
14 16
1 26
11 2
20 15
24 0
29 21
3 2
6 28
21 14
24 20
26 7
19 28
2 28
23 19
19 11
6 0
23 8
23 20
28 7
2 13
10 14
3 15
14 22
12 26
14 28
18 12
19 14
19 17
12 6
8 7
6 14
21 5
6 26
20 2
24 19
24 12
2 14
7 25
21 13
25 3
4 3
19 12
27 0
19 26
25 26
25 5
26 11
13 8
2 5
1 0
24 3
26 23
12 16
14 5
20 10
29 0
12 17
25 28
26 10
0 4
0 26
21 7
2 17
3 6
19 20
29 8
15 19
29 19
28 10
22 19
26 8
4 8
21 2
20 16
28 21
27 28
0 8
5 20
0 10
3 1
0 15
25 21
1 2
3 29
14 25
23 21
1 25
9 2
8 5
29 25
22 8
16 8
27 21
10 3
3 27
9 20
15 12
18 20
22 28
27 14
6 20
12 25
19 0
25 15
20 13
3 28
22 2
0 7
8 6
24 28
15 26
29 2
17 8
12 2
11 8
14 23
23 2
25 20
1 8
21 8
18 14
21 17
16 2
11 25
18 26
26 13
3 0
16 21
21 6
20 7
26 2
21 4
23 25
8 15
3 13
9 0
0 23
24 25
12 3
4 19
13 0
20 11
9 19
3 9
27 19
28 23
21 18
15 2
11 14
3 23
27 20
10 12
5 26
4 26
26 27
25 18
28 29
3 20
27 2
5 12
19 1
26 9
21 1
20 12
26 22
9 25
0 22
11 0
0 21
17 3
24 14
21 9
5 28
14 20
2 6
14 17
18 0
8 27
12 21
12 0