60
34 40 29 20 34 39 26 30 36 20 34 32 38 35 21 29 38 30 31 25 28 26 28 39 27 22 23 27 23 24 40 34 27 23 32 35 29 34 40 37 22 35 33 38 20 26 20 34 20 21 26 20 27 29 32 28 36 32 23 26
12
38 23 33 38 49 44 49 20 44 36 38 26
264
25 14
6 21
20 21
58 46
21 11
48 34
34 43
58 39
23 25
37 25
25 48
45 25
58 48
33 58
21 54
34 55
21 17
53 25
58 36
25 9
25 28
27 3
21 47
21 8
21 31
40 58
28 34
25 41
0 58
30 58
58 32
34 44
47 25
28 59
21 52
59 44
21 27
3 9
24 3
29 34
59 14
25 38
23 3
43 21
18 59
7 21
49 59
58 55
59 10
2 58
50 34
59 35
25 12
59 33
32 21
15 25
34 51
41 59
21 45
19 25
15 59
25 35
15 34
21 2
57 25
59 9
3 20
19 58
30 21
34 17
16 34
57 3
21 25
6 34
21 14
21 15
58 15
21 57
25 11
34 14
25 49
59 45
17 25
58 29
43 3
46 3
59 30
58 24
34 19
34 54
55 21
25 16
3 37
34 45
21 26
6 58
25 31
51 21
31 34
58 23
25 2
21 48
59 3
13 58
41 58
43 58
53 21
7 59
25 13
21 49
25 30
59 29
25 56
21 5
18 34
28 58
12 59
59 1
50 58
4 59
58 52
3 34
19 21
59 58
17 59
40 21
25 26
21 46
47 3
8 34
55 3
25 36
38 34
34 20
25 5
58 5
58 25
28 3
36 59
58 11
59 0
34 11
25 20
34 53
58 12
23 59
3 51
9 58
25 51
1 34
12 21
59 43
38 58
58 14
58 42
43 25
35 3
40 59
40 34
53 58
59 34
42 59
34 2
3 45
34 30
34 52
26 59
21 16
58 17
3 49
21 10
58 4
36 21
37 34
52 3
34 22
30 3
37 21
25 1
57 34
8 25
1 21
3 31
34 42
59 56
34 7
59 5
19 59
58 8
59 8
21 50
21 18
59 2
25 42
25 3
34 26
22 3
58 1
34 5
3 6
21 59
58 35
3 19
34 24
25 0
59 51
34 10
59 39
22 21
21 58
42 21
34 49
11 59
29 25
7 3
59 38
34 58
59 37
58 20
3 15
40 25
28 21
58 26
10 25
21 29
3 58
34 25
59 57
58 56
25 54
16 58
14 3
49 58
34 46
53 59
18 25
25 7
27 58
58 51
12 34
44 25
25 39
32 34
27 34
20 59
25 4
21 38
13 59
47 34
59 47
6 25
59 54
39 3
58 22
59 16
25 33
34 36
24 21
6 59
59 31
50 3
21 44
3 21
48 59