40
26 31 22 26 36 29 20 35 22 21 28 26 24 24 39 20 30 26 20 40 24 35 22 26 24 38 33 20 34 35 22 33 37 33 20 37 21 38 30 33
8
49 43 33 29 50 23 32 41
346
37 15
31 3
16 20
11 29
18 37
39 32
11 25
28 4
2 29
39 8
33 39
22 5
37 38
35 1
30 37
20 36
18 36
22 36
11 19
37 24
10 20
10 30
39 13
20 30
20 29
4 2
26 10
20 31
39 37
37 14
9 10
1 32
12 37
5 10
32 11
0 15
39 30
36 0
4 15
7 0
3 36
9 1
2 7
25 20
33 0
1 4
6 20
22 13
11 26
3 7
24 4
3 23
20 35
15 20
37 28
11 31
34 11
0 22
22 38
3 22
3 34
35 3
18 26
33 3
18 29
24 1
2 18
6 1
3 29
1 3
26 37
9 18
22 35
33 1
15 22
10 1
0 1
0 34
11 6
24 18
37 36
13 11
34 10
25 4
14 39
10 11
9 2
10 38
11 36
4 32
14 10
14 4
10 35
20 17
13 1
20 4
13 37
24 10
39 36
19 10
19 3
1 27
16 37
32 10
0 29
4 9
1 5
35 0
39 1
10 31
18 39
16 3
0 6
2 31
19 18
2 8
0 5
39 5
20 32
20 33
20 3
11 15
25 3
24 22
2 24
26 0
24 0
2 15
16 2
37 21
3 37
14 3
11 9
18 13
0 20
39 26
23 39
17 4
2 37
20 24
22 18
20 11
11 2
18 32
11 30
1 29
33 11
4 11
28 20
4 0
22 8
2 33
39 24
21 1
5 3
22 14
20 2
39 9
17 1
39 31
25 0
7 37
39 16
1 8
13 4
36 2
0 2
6 10
2 38
18 1
22 31
34 4
18 25
10 12
3 21
8 20
20 21
10 25
0 12
28 1
36 1
18 5
23 11
4 19
30 3
8 4
33 37
0 16
33 18
11 22
2 34
19 20
23 1
35 4
39 6
39 20
26 20
38 4
2 27
2 25
3 10
35 11
9 22
14 0
21 11
1 25
29 39
2 17
4 23
20 34
31 4
3 9
27 4
7 20
10 18
9 37
39 4
18 28
2 30
35 18
9 0
35 39
6 2
22 12
22 39
37 19
16 1
23 37
18 12
22 1
4 3
2 5
6 22
0 10
11 5
3 32
11 8
3 15
30 1
4 18
0 27
26 3
14 11
10 28
37 10
11 24
0 37
2 35
0 31
31 1
8 10
22 37
18 30
11 18
22 25
30 0
22 19
12 2
0 8
5 20
26 4
23 18
26 22
22 27
18 3
18 7
22 28
0 19
1 37
30 22
38 18
39 21
37 6
12 11
18 20
37 17
10 13
39 7
36 10
18 16
2 13
11 27
4 6
37 11
22 20
34 37
3 8
27 20
32 0
37 27
39 15
12 4
2 28
10 39
0 21
32 22
16 11
24 3
10 23
23 2
34 39
1 34
0 18
21 2
18 6
8 18
22 2
27 39
39 25
4 37
3 12
14 20
12 1
20 9
2 10
18 17
14 18
10 17
5 4
39 19
22 17
27 10
1 11
6 3
10 15
13 0
20 1
1 38
21 18
2 3
15 18
4 36
3 13
32 2
2 39
15 1
23 0
7 11
39 12
4 30
7 1
3 27
20 38
37 20
31 18
29 37