60
24 26 30 40 20 23 28 37 22 39 22 30 21 34 31 32 20 27 31 35 22 30 25 30 37 24 38 32 21 29 31 20 34 23 23 31 39 38 23 30 27 32 24 23 35 39 24 23 22 30 28 24 27 31 31 32 35 29 34 32
12
28 27 21 32 21 25 48 34 43 43 28 28
1037
38 53
14 26
0 37
25 53
25 24
9 29
27 55
18 42
13 20
38 40
7 29
20 8
25 28
41 18
44 0
17 46
37 27
54 19
42 55
14 24
11 58
47 32
34 32
4 30
37 1
52 16
38 45
6 52
45 2
45 14
18 6
21 57
50 52
32 23
32 29
22 19
4 28
29 8
16 28
29 24
48 15
56 4
38 15
47 3
59 2
41 29
39 19
2 5
38 2
34 48
5 4
39 52
13 23
5 13
14 52
20 29
20 22
5 15
3 5
46 31
38 44
19 27
59 32
41 25
34 29
19 9
12 37
25 33
50 29
28 50
42 25
58 49
37 54
55 46
10 45
55 37
43 18
15 28
45 15
59 53
5 32
12 18
4 22
3 4
15 55
48 6
43 37
21 52
28 22
9 58
37 3
17 37
47 1
14 51
11 55
20 59
13 31
54 51
37 56
41 52
27 46
30 5
19 6
32 22
37 40
36 28
38 9
56 45
12 57
57 13
31 18
4 20
50 0
33 4
56 2
14 30
12 5
51 4
0 26
58 15
10 38
26 38
5 21
33 13
23 55
19 20
13 48
37 52
25 4
12 45
7 45
57 42
16 46
47 13
55 22
36 46
0 41
4 31
26 25
4 10
25 45
10 37
51 13
13 38
1 38
1 56
32 15
14 0
37 32
18 39
44 4
28 57
4 49
17 25
5 47
3 11
58 25
29 3
2 32
32 14
58 0
20 14
29 59
5 56
16 20
0 49
48 26
56 46
16 14
52 43
38 29
5 27
40 14
35 19
48 42
36 29
51 3
46 38
39 37
39 55
53 45
10 58
44 58
32 30
38 39
19 26
52 15
5 48
56 32
45 36
48 45
40 0
13 26
52 46
4 18
47 9
59 5
47 15
20 3
11 51
57 53
9 37
12 56
56 30
46 11
29 31
8 18
13 55
59 12
53 28
3 14
32 46
16 45
48 2
48 10
25 13
14 36
56 6
12 58
4 36
18 20
32 6
47 56
42 56
34 37
51 38
56 51
19 33
19 40
58 50
46 34
47 25
5 24
49 55
46 19
28 30
3 58
13 18
48 46
9 3
3 59
30 13
12 3
14 38
51 21
32 18
47 29
3 35
48 7
58 2
57 6
14 35
57 7
57 40
36 47
25 22
49 51
3 0
7 3
47 23
27 58
9 20
5 53
30 47
33 29
32 50
54 14
55 30
52 49
53 0
0 29
16 32
41 55
4 50
54 47
32 28
51 15
13 43
46 0
39 45
48 11
56 35
29 35
23 14
25 30
14 21
36 48
43 51
56 20
28 14
4 27
14 7
20 41
21 56
14 42
4 9
51 35
29 42
18 5
39 32
32 49
57 38
14 47
3 52
56 34
18 3
40 51
47 52
14 33
32 45
53 14
32 26
53 52
5 8
51 47
28 11
13 0
46 44
54 45
17 28
11 52
0 18
20 42
5 20
19 32
2 51
10 32
34 51
44 48
45 34
52 18
16 29
54 57
57 44
22 58
2 19
6 45
36 58
45 49
44 25
15 18
59 18
15 14
3 24
36 56
41 38
51 16
18 33
45 30
48 18
37 31
31 32
9 28
20 7
32 43
27 56
56 52
21 59
46 10
56 54
42 47
51 19
38 32
19 10
25 20
35 38
20 38
26 20
54 32
22 52
37 15
2 0
14 9
22 0
55 5
1 51
43 14
11 18
2 47
21 45
51 50
49 13
49 14
6 14
22 14
51 20
25 54
52 17
21 28
32 11
13 27
29 6
55 57
56 55
45 44
29 17
19 36
49 38
32 21
22 47
13 16
3 32
59 31
38 23
52 40
55 17
28 7
46 39
57 23
45 23
55 40
49 56
58 8
6 20
32 55
16 3
34 25
32 4
59 22
4 0
55 45
59 26
19 49
57 37
30 59
21 0
23 25
13 59
23 46
55 1
31 19
3 31
56 23
20 17
4 52
7 37
13 42
56 22
51 53
52 59
32 44
23 19
51 44
3 54
34 5
45 17
39 4
53 56
13 56
21 55
9 48
55 51
10 25
45 31
39 28
0 43
29 51
57 47
53 19
4 26
28 8
18 23
8 57
44 19
51 9
52 38
48 16
43 57
40 46
46 54
21 20
29 25
54 18
37 4
50 46
1 57
28 59
57 0
47 46
28 38
56 50
17 5
41 32
6 0
38 5
0 33
26 47
51 10
15 46
7 51
59 56
29 44
5 25
6 25
29 46
47 33
46 30
55 29
12 38
35 55
28 24
32 13
15 25
35 13
0 55
59 39
7 58
31 55
18 16
35 28
39 47
48 56
48 49
33 52
14 37
50 5
59 10
52 28
4 12
38 17
38 3
5 31
19 52
4 40
58 6
3 49
5 0
0 34
38 21
55 54
30 57
48 39
44 28
52 57
46 35
6 28
57 46
45 52
57 16
48 28
56 7
50 55
18 57
29 37
38 27
57 2
44 37
1 28
58 47
39 25
25 19
45 24
52 2
30 51
59 44
20 46
58 20
54 48
28 55
48 14
54 20
28 19
29 45
56 0
8 56
4 21
19 14
0 10
19 12
28 0
35 5
50 48
48 47
18 55
21 19
4 29
58 57
47 10
58 16
45 1
37 30
47 35
5 23
23 28
18 1
58 39
56 17
45 4
0 51
46 1
19 0
37 13
20 33
40 47
27 28
25 37
17 4
3 41
25 48
33 48
28 56
23 58
23 52
12 47
57 51
28 18
38 50
19 17
38 25
48 40
1 4
28 2
34 14
50 45
13 8
10 5
30 38
37 22
4 41
3 56
3 10
29 2
12 20
58 18
57 11
5 40
29 22
25 43
51 52
46 3
0 54
45 18
39 56
18 17
9 57
59 49
14 8
11 19
28 29
7 0
28 43
57 26
35 58
10 55
5 52
51 17
53 47
31 14
13 2
40 56
0 45
19 50
45 9
52 42
45 57
10 20
41 56
48 12
50 37
35 0
5 57
14 12
32 7
54 58
8 46
19 45
44 20
28 40
37 2
19 48
15 4
13 29
29 1
20 40
48 32
2 14
5 9
30 29
18 29
52 35
18 22
14 17
20 15
30 19
52 30
59 0
58 17
29 19
47 28
52 44
23 4
59 9
57 34
17 0
3 28
55 12
17 48
55 9
53 18
32 33
51 12
13 12
23 20
13 41
13 9
48 37
25 57
18 19
29 48
53 32
27 20
48 51
29 58
16 37
13 10
18 38
37 36
48 21
0 23
36 55
19 58
3 57
6 5
59 15
34 52
22 45
56 29
59 35
24 46
6 59
6 38
27 45
7 18
49 20
4 35
37 24
8 51
17 59
22 5
51 18
59 51
14 13
46 9
20 1
51 25
51 36
25 56
58 31
24 32
25 40
13 52
43 48
46 12
30 3
59 11
0 30
48 24
56 26
24 18
58 43
15 29
14 58
46 25
13 54
14 55
59 50
14 50
48 27
52 58
24 20
45 47
58 1
13 34
29 23
55 2
50 18
42 0
54 5
5 44
6 51
32 8
44 47
18 35
5 14
13 53
53 46
37 49
52 54
24 13
14 1
59 57
38 58
52 31
31 57
46 2
23 51
57 10
7 13
36 20
11 25
13 45
35 25
54 59
14 4
27 29
6 55
3 48
59 25
27 59
33 57
20 28
51 32
37 38
55 20
47 18
37 21
48 52
4 6
38 48
51 31
5 11
37 59
7 52
20 52
47 31
13 44
48 8
24 56
34 58
57 15
37 53
58 13
10 28
25 7
39 51
49 47
48 58
20 37
26 55
29 5
35 45
5 39
45 59
37 6
21 3
5 19
59 23
47 41
57 36
11 45
34 20
56 9
4 58
46 43
59 1
50 57
0 48
19 3
56 16
19 37
40 58
11 13
15 19
13 46
47 27
52 29
37 23
3 25
12 29
21 29
3 23
49 46
45 3
24 58
36 13
1 5
24 0
0 20
33 38
7 46
18 2
5 49
36 18
5 7
40 59
37 11
4 54
57 14
56 58
43 45
48 1
31 56
37 18
54 29
26 29
18 25
27 18
0 15
25 14
14 11
59 36
47 0
55 33
57 56
48 4
56 19
55 44
55 3
2 4
18 9
0 11
37 8
40 18
11 4
52 26
58 59
45 40
53 29
43 20
8 0
57 27
20 47
59 41
33 56
54 38
32 20
12 28
20 45
49 18
6 46
42 38
57 20
31 0
26 18
28 31
50 20
48 41
48 55
54 28
3 36
1 19
3 44
42 32
29 40
5 36
19 13
13 28
42 19
52 10
29 11
52 24
27 3
41 57
57 4
25 50
39 20
11 38
50 47
14 46
51 24
46 22
25 55
42 59
43 5
14 29
47 21
57 19
47 11
29 43
20 2
22 38
39 14
57 48
25 2
25 8
53 4
11 20
56 43
14 59
32 17
37 47
22 51
48 23
39 0
18 34
28 49
0 16
29 10
56 38
32 35
55 52
57 22
40 32
59 48
53 55
13 39
59 46
41 19
32 57
21 13
25 49
45 8
58 32
28 34
57 35
53 58
18 46
31 38
4 42
27 51
38 0
15 56
4 13
47 17
11 56
27 14
6 47
33 59
25 21
24 57
48 22
52 8
46 21
30 18
21 58
25 16
58 30
55 58
36 38
17 57
35 37
41 14
4 46
13 1
5 16
25 31
18 21