80
25 29 27 23 25 24 27 23 34 35 24 22 33 27 28 29 30 26 36 31 26 37 30 20 29 26 27 27 24 28 33 26 35 32 39 26 36 38 40 33 32 32 39 39 26 24 20 23 25 33 27 33 26 32 26 27 38 24 24 31 36 31 35 30 33 35 40 30 35 32 20 33 29 22 38 31 31 26 33 38
20
28 26 26 20 45 26 29 31 43 21 29 50 42 43 26 39 31 33 31 22
1786
75 12
25 46
38 71
59 6
43 29
17 78
79 65
48 38
11 29
12 73
35 48
23 64
29 73
21 27
14 23
6 11
15 21
6 16
66 62
44 67
70 12
68 43
26 29
78 32
56 18
59 33
55 38
27 37
69 46
28 6
67 29
27 59
25 4
1 5
34 71
54 69
65 22
52 38
3 65
78 23
71 41
14 10
43 69
77 21
16 48
20 44
30 64
65 66
40 68
62 31
60 38
73 62
1 67
5 55
69 24
19 41
60 6
43 8
9 41
16 15
26 74
60 41
65 21
36 5
14 12
47 1
21 48
22 34
30 12
42 49
60 31
70 74
20 12
78 18
75 48
47 20
17 56
69 73
73 45
42 26
54 78
29 21
6 20
19 76
31 28
28 34
43 52
2 76
32 69
67 12
77 70
48 12
43 16
47 30
45 44
33 64
48 45
42 68
5 40
45 29
72 27
34 56
36 48
46 49
16 49
57 49
40 6
78 20
54 42
27 29
6 10
1 32
62 68
14 60
49 10
35 5
43 25
32 26
14 17
31 1
21 19
64 61
30 6
26 21
65 62
22 27
76 57
69 6
8 33
39 34
56 33
17 5
40 12
65 59
31 32
30 8
75 11
42 16
63 41
48 39
41 25
73 14
14 54
78 65
67 33
24 43
76 50
33 66
43 10
67 23
13 45
21 18
57 64
15 58
41 2
40 65
16 5
30 48
37 11
31 68
12 25
2 15
34 14
30 59
44 27
50 56
21 63
48 74
48 66
22 74
20 49
76 1
10 38
20 59
12 53
20 41
71 77
62 64
7 11
49 40
75 33
77 30
4 74
58 5
8 25
21 17
58 12
21 2
22 67
67 72
68 63
0 43
11 31
60 5
1 54
13 15
35 78
69 72
1 64
68 54
67 76
41 37
45 0
78 30
42 75
34 41
37 15
26 2
33 19
10 29
25 44
65 14
12 39
37 45
45 12
31 39
64 60
6 47
22 68
41 70
64 24
1 78
51 56
44 41
17 31
30 67
38 37
76 64
52 48
23 76
31 36
77 25
39 33
75 65
76 27
17 48
43 30
75 68
33 46
45 19
28 69
1 35
25 36
26 1
31 44
25 55
43 18
29 59
1 28
64 72
13 31
7 30
5 59
29 46
1 27
49 36
72 65
6 42
49 3
0 33
45 62
64 21
69 50
13 42
3 6
9 6
33 60
26 33
31 47
38 53
38 47
14 13
41 5
69 23
21 10
60 12
55 20
47 25
71 20
6 38
64 35
49 75
24 48
76 3
77 55
16 11
10 64
68 11
38 31
0 21
29 51
56 38
46 21
63 1
50 78
64 2
34 55
44 34
4 29
28 5
1 6
29 41
43 33
56 26
61 48
20 65
45 65
17 68
1 8
14 3
55 56
27 20
52 49
5 62
49 39
61 43
25 16
69 77
43 5
66 56
76 32
36 45
49 78
43 54
47 56
46 76
13 62
14 41
10 30
9 65
28 65
42 55
25 18
69 40
41 36
15 47
21 49
37 68
12 10
21 70
76 36
52 67
46 5
45 14
32 14
31 6
74 78
48 56
36 74
29 40
51 42
29 38
48 78
76 70
45 23
53 69
65 19
15 36
18 1
44 33
38 45
26 10
38 27
44 26
69 63
72 48
57 34
49 59
20 45
74 27
26 12
51 1
2 74
74 63
68 77
27 56
65 25
10 15
5 74
57 62
27 2
33 12
77 42
11 33
11 47
74 54
5 76
38 69
77 34
72 76
24 45
65 37
42 8
18 12
20 2
46 64
38 62
50 21
40 67
39 43
78 2
43 64
34 10
40 56
22 20
34 30
13 56
42 7
20 32
47 74
63 14
71 12
55 76
14 64
48 10
16 27
24 77
76 10
31 41
25 40
6 76
13 29
77 38
3 45
1 44
31 23
34 47
69 33
44 42
50 30
33 51
48 76
23 65
23 49
78 37
38 70
2 48
23 74
78 76
11 28
27 54
5 47
78 21
59 14
27 33
24 38
34 3
77 5
13 34
28 43
65 46
76 26
31 77
24 12
26 69
65 52
55 27
33 23
78 70
38 35
5 78
15 14
69 5
74 16
56 64
63 5
29 35
71 21
77 19
69 8
42 25
38 13
6 52
50 14
30 55
62 59
12 36
57 15
52 26
77 41
27 69
11 25
38 32
62 51
69 67
48 1
75 15
20 3
15 45
78 67
14 2
42 70
9 12
14 16
74 71
55 68
69 59
79 27
28 67
34 2
62 1
70 34
41 61
64 19
60 49
38 22
42 28
68 18
4 21
14 66
79 26
77 12
9 45
21 62
56 62
49 31
9 64
48 7
76 0
5 61
77 75
9 21
38 58
51 34
72 6
41 0
7 14
56 11
0 11
49 47
29 58
45 17
6 78
13 20
49 77
45 71
28 74
73 77
51 14
65 47
60 26
15 61
65 33
41 11
49 12
21 8
69 14
19 69
1 25
58 68
75 45
40 64
56 65
7 56
42 76
49 1
6 17
3 62
62 19
32 12
6 54
3 31
79 33
72 21
54 31
2 11
38 7
79 64
53 31
22 76
79 5
72 31
0 20
42 60
26 78
34 50
29 65
57 30
11 3
78 8
53 42
43 77
72 1
1 21
49 14
77 40
20 36
44 49
31 19
42 36
53 67
15 31
62 58
42 69
64 41
47 68
20 73
67 7
42 32
39 25
49 2
58 31
43 51
38 57
56 49
43 73
53 76
29 15
25 45
49 17
20 60
22 45
13 33
25 51
14 28
34 69
43 14
23 29
61 45
18 31
34 60
10 42
13 78
42 48
73 78
43 41
13 69
52 56
23 48
43 44
52 27
10 25
19 78
12 22
54 48
18 64
25 2
25 19
77 8
45 68
32 21
30 5
41 13
42 3
43 45
76 44
26 77
63 65
30 23
6 74
35 62
48 41
46 26
30 65
45 39
76 73
39 69
27 77
62 0
71 25
14 52
10 1
33 7
29 64
78 61
55 43
43 37
27 28
73 11
3 12
44 6
62 33
13 77
67 79
1 79
41 3
26 55
34 78
25 3
64 53
25 68
5 29
42 14
69 76
41 7
40 15
45 16
46 74
22 33
63 56
26 17
48 63
35 6
11 21
41 42
32 33
39 56
25 59
9 15
33 58
34 29
43 2
15 49
63 34
65 77
5 38
51 20
1 68
34 68
40 38
5 42
25 70
7 25
39 15
43 79
58 76
11 54
57 25
53 62
62 50
69 0
14 18
33 16
5 14
9 43
56 53
62 69
49 41
74 0
33 9
74 9
31 52
14 9
51 45
73 33
26 30
50 11
32 25
56 1
60 21
18 45
20 48
52 11
14 48
12 37
36 64
53 5
56 69
76 51
62 4
35 12
77 78
2 68
63 43
33 6
76 8
27 15
29 24
67 41
33 47
41 58
30 13
1 53
76 54
38 39
74 13
0 30
41 18
20 9
67 56
11 5
45 4
56 42
79 42
60 78
50 29
0 42
29 70
30 3
56 77
15 28
15 53
15 77
63 26
15 26
49 22
68 14
59 56
67 15
5 45
4 15
31 12
47 29
67 42
76 29
31 8
22 21
15 74
74 55
78 44
72 12
78 68
77 28
33 71
38 28
41 69
6 2
61 12
77 50
72 15
42 4
65 7
2 31
26 18
28 62
68 3
60 76
43 78
14 38
69 18
69 75
0 15
45 34
54 38
64 20
20 34
74 18
21 40
1 50
39 6
41 59
46 62
74 7
58 27
45 11
30 33
68 79
11 32
7 20
65 74
49 72
64 78
65 43
69 36
20 26
59 45
38 4
51 30
43 48
75 67
14 47
45 63
78 47
74 73
42 78
52 1
42 74
50 33
28 20
67 18
38 50
77 10
60 45
52 41
27 57
48 46
52 69
43 7
11 69
69 12
14 44
78 52
2 69
21 23
37 48
58 49
7 78
31 51
15 20
75 29
6 45
77 79
76 16
48 28
68 33
7 49
62 24
31 63
6 36
4 43
71 42
26 35
51 77
49 74
76 18
25 60
54 34
1 9
26 19
19 67
45 69
69 79
77 61
64 28
3 78
11 70
11 51
72 20
77 1
32 5
65 41
69 15
49 62
77 35
63 67
53 74
18 34
75 43
34 4
30 58
26 37
40 27
24 49
25 9
71 11
48 57
77 53
39 21
79 29
64 17
22 14
41 1
16 41
14 77
36 21
15 3
45 64
11 72
33 48
34 9
29 57
24 41
58 26
42 30
79 11
41 76
64 37
22 41
76 63
49 45
76 66
30 69
14 53
34 5
78 25
56 41
6 21
14 70
14 62
67 54
56 16
31 66
62 15
33 72
48 62
31 64
6 55
46 20
20 10
46 77
44 68
78 11
14 71
11 76
21 68
74 1
38 64
64 74
30 36
67 35
50 42
43 6
38 25
29 78
46 56
14 78
46 31
74 60
62 61
11 64
56 36
4 11
74 67
53 30
78 58
20 69
62 70
41 4
70 56
1 65
42 64
62 26
41 79
45 27
6 41
49 61
69 35
14 11
27 7
78 62
74 68
15 65
62 43
76 33
13 43
49 28
31 48
56 8
22 48
68 12
20 38
40 48
69 66
27 3
11 40
14 4
38 49
26 57
49 63
57 5
54 30
36 1
31 57
69 17
39 11
52 45
4 78
11 13
8 41
65 2
25 73
21 55
20 68
59 26
34 67
0 31
15 18
17 30
14 27
60 69
22 31
77 3
33 17
34 31
68 56
59 48
24 5
38 21
34 72
42 58
67 46
20 66
27 18
47 64
77 59
29 53
29 33
60 67
27 42
77 47
42 72
25 17
58 20
76 7
40 26
31 55
30 44
66 45
57 74
56 3
69 68
58 1
10 74
58 67
14 55
45 79
34 62
66 68
45 8
6 46
7 62
39 67
66 26
73 41
61 42
43 47
19 74
70 69
29 28
37 33
27 75
13 76
70 43
44 12
27 31
78 16
12 6
29 56
40 30
15 71
34 27
20 67
15 44
41 30
31 73
20 17
68 72
26 45
22 69
55 64
25 33
37 29
23 41
66 29
43 36
39 14
76 12
26 22
15 35
36 65
6 24
67 14
64 58
56 45
14 29
31 9
38 16
21 34
41 26
79 48
29 30
74 69
65 42
53 43
31 43
12 51
11 67
66 21
37 1
34 64
65 54
27 25
66 5
53 20
36 27
76 68
35 42
12 55
50 41
66 25
40 42
21 69
53 65
19 14
38 9
41 38
69 31
56 4
22 78
41 47
17 62
6 37
46 27
10 69
76 52
58 14
34 65
36 78
34 75
67 32
35 27
3 48
15 79
39 41
62 67
21 7
64 32
54 33
78 27
11 44
54 64
2 12
29 3
66 74
42 47
15 7
68 57
39 68
17 67
44 5
35 49
30 62
55 29
62 40
15 41
21 28
64 75
7 77
49 55
34 26
34 40
63 6
39 1
64 7
5 21
48 15
42 29
49 32
38 61
28 26
19 5
27 9
57 77
43 57
23 56
9 5
56 72
45 74
22 30
69 44
1 69
22 6
27 53
25 64
68 61
47 76
62 8
30 11
45 7
65 38
72 45
78 63
37 69
35 34
63 25
63 64
5 56
41 27
25 22
12 79
24 33
11 62
1 30
53 25
3 5
20 18
65 35
64 3
23 6
62 76
48 44
24 67
24 65
75 78
41 74
2 38
6 61
20 42
32 45
50 20
15 63
68 60
58 25
70 20
48 77
35 11
55 11
41 12
18 33
74 17
20 11
68 52
69 64
52 21
12 65
52 15
31 70
1 71
76 49
52 30
72 74
6 34
20 54
56 58
40 20
26 43
42 21
8 38
24 42
69 65
33 52
48 29
28 12
78 69
2 33
45 70
48 53
33 77
67 31
77 0
52 34
65 31
38 30
59 68
38 36
41 68
29 61
60 48
62 20
34 32
22 56
73 38
76 15
57 14
74 3
75 62
15 6
29 31
1 22
55 62
38 72
27 17
74 33
12 78
65 57
43 21
9 49
65 10
31 16
15 73
20 57
10 27
24 78
29 69
76 59
1 20
59 31
45 35
56 12
67 16
12 0
40 1
12 4
16 12
20 43
18 5
67 36
6 25
72 25
77 74
56 73
29 25
41 66
36 26
65 18
56 9
21 51
79 34
30 9
13 21
37 42
25 15
27 43
15 32
69 48
66 77
49 11
49 66
21 73
20 29
38 0
7 68
15 78
72 43
6 62
79 78
74 29
54 56
1 70
48 34
15 30
42 22
47 12
40 43
2 42
20 63
26 16
0 14
9 48
68 9
63 33
73 1
15 33
2 5
67 45
54 41
56 28
74 58
30 2
66 67
61 67
25 69
67 43
60 30
45 76
74 8
56 44
45 42
11 63
27 23
71 78
35 43
77 17
26 24
0 1
30 32
22 64
62 12
17 29
27 19
38 18
60 15
69 51
14 33
6 7
10 5
74 38
63 27
48 25
42 57
8 29
21 45
32 74
13 12
46 68
30 66
34 7
62 23
54 5
61 69
39 27
50 12
49 53
4 69
67 21
30 68
50 45
48 55
59 21
76 40
21 3
77 64
29 19
11 26
42 62
14 6
64 59
18 30
16 64
25 62
21 41
5 37
24 1
33 42
44 65
34 49
74 50
52 5
66 6
56 15
48 19
63 30
40 14
56 43
49 54
41 75
26 25
4 33
4 1
12 64
57 21
62 10
49 25
52 25
34 61
4 31
76 4
14 26
12 8
53 6
76 38
78 72
56 10
18 49
63 12
42 39
74 51
15 22
61 33
77 23
13 1
1 16
55 67
50 31
26 47
38 26
64 15
71 30
1 7
68 24
12 5
76 71
16 68
42 18
44 38
34 37
40 31
38 79
62 74
71 62
6 58
36 11
78 0
53 68
7 12
24 27
12 27
60 27
45 31
6 19
7 26
15 54
1 3
25 50
3 26
63 38
77 11
76 65
20 39
11 58
3 38
25 13
48 18
43 76
1 45
23 68
31 33
32 6
15 24
9 76
8 11
65 55
35 33
57 1
21 53
30 19
1 55
62 27
11 53
34 76
32 68
58 21
67 25
71 43
30 70
74 59
63 42
50 43
67 77
53 26
67 2
65 16
67 37
5 33
12 57
39 30
27 61
46 41
3 43
28 68
33 20
10 11
1 61
69 71
0 29
20 77
39 65
72 14
77 58
1 60
33 70
2 1
11 65
72 5
25 5
68 35
33 34
69 49
2 56
12 54
56 0
5 15
44 74
6 75
19 68
20 16
58 65
31 42
52 64
8 14
24 34
72 41
21 33
71 31
24 11
17 65
76 77
12 52
5 75
47 48
42 73
77 4
38 51
45 47
10 68
29 71
55 69
45 30
26 31
25 54
32 27
23 5
9 11
57 56
50 15
29 68
45 58
56 19
41 62
41 32
71 56
54 26
47 27
26 75
27 11
21 54
67 57
78 38
26 23
20 19
27 30
51 15
67 59
5 31
74 39
31 10
17 41
37 62
32 43
34 16
47 21
36 68
11 18
6 77
53 34
27 66
26 39
43 58
36 34
7 31
1 14
64 66
45 77
56 6
78 59
67 47
69 16
74 43
73 30
38 67
8 34
8 15
9 42
33 36
10 67
30 49
5 39
67 9
21 44
52 20
4 30
41 51
74 11
35 41
58 34
55 15
33 1
6 79
74 52
43 60
30 16
7 29
4 20
28 25
62 79
14 46
60 65
69 57
36 14
1 29
15 68
6 29
15 70
5 20
22 43
33 49
33 38
60 56
48 11
12 29
49 43
37 77
74 12
20 8
30 28
23 20
72 26
11 61
58 48
56 78
21 16
26 61
74 40
5 22
42 52
49 29
69 9
6 18
68 38
3 67
66 78
31 78
11 60
56 32
49 79
22 11
46 30
72 30
9 26
74 34
12 21
7 5
65 61
25 34
76 17
44 64
75 1
76 28
25 0
49 19
3 33
45 2
64 39
46 45
47 62
23 25
45 54
6 57
11 57
0 34
34 73
32 48
38 75
32 65
49 37
76 39