60
37 29 25 39 23 20 37 28 26 22 36 33 34 40 20 39 36 28 38 23 21 22 29 37 38 20 32 31 39 39 38 40 30 25 37 21 23 33 39 23 28 22 36 35 33 37 20 20 36 22 23 32 28 40 24 30 33 24 20 26
12
26 50 34 27 30 44 22 50 21 27 39 25
838
56 20
48 30
14 56
28 33
47 29
26 16
50 33
27 23
50 40
47 52
22 55
0 22
35 27
50 55
44 41
11 30
0 53
2 49
33 35
50 4
28 25
28 30
5 52
5 51
40 44
28 46
10 3
58 44
4 56
0 9
50 35
16 21
32 35
11 49
56 53
40 16
26 11
56 36
44 32
5 45
16 11
30 36
18 23
55 40
30 16
54 49
45 6
29 59
40 17
30 53
26 36
50 54
28 48
11 25
56 31
16 45
27 16
58 55
50 58
36 52
36 44
31 35
50 23
15 45
14 35
5 10
52 3
23 2
44 50
50 12
26 27
23 14
17 44
9 30
0 36
22 10
51 26
22 35
47 16
40 48
55 3
2 24
35 16
44 10
28 56
50 29
11 45
26 7
30 44
40 58
13 16
29 5
55 34
50 21
42 11
0 20
12 35
50 7
26 33
51 59
38 52
25 55
55 1
25 51
8 55
6 26
43 23
28 43
10 49
55 21
35 21
7 52
6 40
23 29
56 12
40 53
22 16
54 26
16 23
10 25
46 29
31 44
55 16
11 7
28 6
12 0
50 56
23 24
15 30
0 44
24 45
23 7
17 49
23 39
59 45
12 45
25 49
46 40
40 2
2 11
30 40
0 51
23 59
55 6
55 7
19 40
59 10
42 55
40 12
12 23
4 30
40 8
52 28
44 57
21 26
50 51
3 29
45 48
16 25
34 56
13 51
42 45
46 56
33 10
47 30
41 45
50 41
45 36
23 30
56 13
20 55
55 9
55 37
52 29
35 26
41 16
23 15
51 36
56 27
43 44
53 23
59 28
16 8
35 44
52 10
23 28
29 33
57 0
44 24
51 20
21 45
28 21
53 50
11 59
20 26
40 20
56 9
56 59
55 48
34 50
24 48
11 15
44 12
45 8
51 56
50 22
9 45
45 30
51 48
35 45
45 56
18 49
47 10
44 49
35 47
45 43
16 54
51 49
27 49
25 35
51 3
24 40
30 8
34 30
18 51
52 22
0 48
56 0
30 27
52 21
52 9
44 5
58 28
49 43
23 1
54 52
35 42
0 13
47 28
23 11
37 40
30 21
26 47
48 49
49 26
52 50
23 31
45 55
50 11
34 52
52 58
0 46
25 29
57 56
48 35
37 51
50 2
20 29
56 29
51 44
0 32
21 10
29 16
10 19
10 46
49 58
55 0
38 44
56 32
43 56
35 39
14 28
54 35
55 31
26 23
57 49
25 56
35 20
45 18
4 40
52 30
53 26
6 16
56 11
11 34
50 42
56 49
55 46
45 4
31 45
26 57
7 29
0 8
50 32
40 31
2 52
32 40
49 41
49 21
9 35
8 51
48 56
11 12
12 49
30 58
49 45
43 40
43 50
44 56
56 19
29 13
10 23
28 20
51 14
21 44
10 39
9 26
25 40
17 11
23 0
7 28
26 31
24 11
22 49
57 52
2 44
37 35
41 52
11 1
30 54
52 4
24 52
49 3
49 31
50 45
44 55
55 56
35 53
17 10
26 3
30 19
37 29
49 34
11 58
3 44
50 31
56 21
52 25
35 59
34 28
40 39
32 52
58 51
38 10
0 21
39 52
35 13
52 59
26 32
18 10
28 1
40 1
44 27
29 43
40 35
43 0
51 7
29 2
34 35
51 39
23 38
23 58
29 45
2 16
51 21
16 4
35 52
13 50
56 18
10 50
39 11
45 20
15 10
49 46
30 22
47 56
50 19
52 23
40 47
52 46
34 10
24 28
28 26
51 4
50 20
0 27
10 2
30 56
30 10
53 52
37 44
0 59
30 41
29 58
30 3
54 11
27 28
40 13
11 44
49 4
54 44
28 39
55 52
28 8
45 17
10 20
55 27
49 33
0 41
56 8
55 30
3 23
38 40
2 26
43 35
6 23
24 16
40 3
18 50
42 26
41 10
15 28
48 11
52 49
26 18
17 28
32 55
0 47
52 48
23 21
59 26
52 13
24 26
44 6
48 29
55 33
24 29
11 21
23 19
3 24
55 24
7 35
6 51
29 51
28 50
33 56
26 30
57 50
33 51
17 30
12 26
44 28
55 10
53 11
53 10
0 4
20 30
58 0
35 23
58 45
45 1
45 27
55 5
51 38
53 28
35 2
52 37
9 23
13 11
29 21
57 51
36 49
32 51
44 14
17 56
34 16
56 41
49 28
11 5
11 51
35 46
42 0
33 0
10 28
30 29
5 35
25 50
40 10
50 26
16 15
32 28
31 0
37 10
0 35
51 54
40 59
45 14
52 14
52 19
15 0
10 13
34 51
51 1
29 32
50 8
29 39
23 36
2 28
26 0
59 30
23 20
48 44
23 17
51 45
51 35
56 5
30 33
0 17
1 56
45 38
48 10
21 40
15 51
46 51
16 3
38 30
11 47
56 3
30 7
29 17
59 50
51 19
29 6
56 24
22 11
29 9
20 11
42 28
9 28
55 49
17 35
5 23
37 11
28 16
49 35
0 45
11 3
4 44
20 52
10 54
29 8
23 41
45 26
36 50
29 0
44 59
45 33
26 34
49 19
12 28
55 26
10 24
51 31
11 40
49 23
25 30
13 24
38 50
15 40
22 51
10 8
40 41
30 32
0 7
45 40
23 4
35 15
32 10
39 45
44 19
20 49
26 46
39 44
34 29
26 44
0 34
9 44
56 23
42 49
52 45
3 45
1 16
39 55
10 31
40 42
10 0
12 55
29 31
17 16
45 32
38 56
36 16
22 29
30 57
33 11
52 56
33 40
56 15
16 0
30 43
29 15
37 28
49 38
26 13
40 9
51 28
5 40
18 16
44 33
13 55
52 31
17 51
26 22
8 35
16 12
44 29
0 38
29 14
30 18
32 23
58 26
49 40
50 27
19 26
7 40
43 10
54 56
33 23
18 0
45 57
45 53
51 2
16 20
56 6
16 33
29 1
59 55
50 15
26 1
26 41
11 43
19 45
40 18
52 17
3 28
10 12
26 4
26 37
16 9
40 56
9 49
45 28
52 11
45 2
27 11
44 8
23 8
29 26
2 55
8 49
10 4
3 35
8 26
10 14
30 46
2 30
49 16
10 51
5 16
45 7
48 50
52 1
11 46
44 20
37 56
53 51
50 17
47 50
28 22
16 31
3 0
51 42
39 16
9 50
51 47
32 11
50 46
33 52
52 6
51 23
0 19
32 16
8 52
42 52
15 52
49 53
57 10
45 10
0 11
29 10
9 51
35 10
26 10
1 10
12 51
52 26
51 24
59 16
29 42
53 16
28 40
14 40
56 35
0 52
49 47
28 31
51 55
1 44
16 46
28 54
30 12
54 23
27 10
43 52
11 31
51 43
49 7
54 40
30 13
4 24
54 55
16 38
3 50
6 35
48 23
14 16
56 26
51 16
18 52
26 39
49 59
45 54
55 43
42 30
26 14
44 53
45 37
10 11
16 44
22 40
30 35
15 44
35 1
56 2
12 52
13 44
13 28
40 57
13 23
26 40
7 44
57 16
35 58
48 16
57 23
16 52
55 23
14 55
42 23
17 55
18 44
44 42
30 51
54 29
29 53
16 43
30 31
52 44
53 55
37 23
40 34
28 5
25 26
16 50
14 11
16 19
45 13
49 29
41 51
15 55
13 49
10 36
9 24
11 6
40 0
49 32
40 36
29 40
26 15
9 10
38 26
5 26
40 23
25 0
10 6
2 0
29 12
29 27
35 24
55 47
8 11
37 16
0 28
11 9
15 49
39 56
0 54
22 56