30
32 34 31 24 20 24 25 36 33 33 30 36 23 39 35 30 40 35 35 30 27 21 40 20 21 28 28 39 28 39
6
22 25 41 24 31 41
208
26 24
26 16
8 18
3 14
29 13
21 27
4 23
16 17
15 27
10 8
6 14
17 26
7 19
28 24
26 1
26 20
1 16
12 26
16 18
16 15
27 24
8 6
1 24
12 23
12 2
2 4
23 8
7 11
13 7
4 25
2 16
8 4
6 24
19 12
28 14
17 12
16 8
13 27
8 9
27 18
7 27
4 11
18 24
24 17
24 0
9 12
4 26
27 0
2 26
27 19
0 12
4 15
29 12
8 5
20 8
27 22
9 7
14 10
16 20
6 7
20 7
10 24
8 21
27 11
27 1
14 1
7 1
12 22
4 28
1 12
9 13
18 26
29 26
8 7
24 29
14 18
24 3
6 12
7 17
26 25
28 8
26 10
24 14
15 12
21 26
7 18
18 12
24 11
20 12
17 4
24 12
13 8
9 24
14 13
7 26
25 14
16 28
12 16
7 2
21 12
27 20
27 5
4 16
3 7
28 26
19 24
26 19
17 14
21 7
8 14
12 11
25 7
4 20
18 4
13 12
12 14
16 14
9 27
13 26
10 16
14 15
19 4
26 0
6 27
14 23
1 4
16 7
29 16
14 21
22 24
7 10
15 8
16 13
26 15
14 22
7 24
16 5
29 8
8 22
20 14
28 7
6 4
27 3
6 13
3 4
24 23
21 4
14 7
29 27
27 25
3 12
4 24
27 28
4 14
22 26
16 9
12 5
26 14
29 4
26 8
21 24
12 25
8 17
10 13
11 8
14 29
19 16
13 4
19 8
8 27
23 26
3 8
5 14
5 4
24 15
16 0
17 27
4 9
16 27
6 26
11 16
25 16
26 27
5 26
5 7
7 0
22 4
8 2
4 7
27 23
27 2
0 4
23 16
9 14
14 0
24 16
3 26
11 26
14 2
20 24
8 0
12 28
7 22
14 27
12 7
24 25
24 8
12 8