50
27 39 27 36 24 37 39 32 30 23 24 37 25 20 22 21 26 37 23 36 25 39 32 37 37 25 23 23 32 35 28 25 40 25 26 37 25 22 39 31 40 31 32 21 36 25 37 38 28 40
10
48 32 36 35 36 47 28 22 26 26
662
47 15
17 40
4 30
15 6
33 12
49 41
0 22
24 38
4 37
30 28
24 22
13 35
17 10
16 36
40 9
30 19
7 5
23 48
14 19
5 49
41 30
17 29
4 27
23 39
5 35
27 45
5 23
35 7
37 29
36 23
16 35
2 19
22 28
15 37
35 47
21 16
22 38
35 44
44 26
23 10
7 28
37 8
28 38
28 40
14 28
11 20
35 20
1 27
44 40
23 37
49 27
40 47
24 10
23 42
11 43
9 24
15 27
31 37
33 25
33 43
35 30
11 19
11 42
28 45
18 24
44 8
40 15
21 41
30 45
17 42
31 44
30 24
41 16
1 37
40 0
16 13
46 19
9 30
37 11
23 17
17 39
20 41
19 35
42 27
23 32
0 19
33 14
24 28
45 41
35 29
44 1
31 25
22 48
37 46
6 11
26 33
17 8
5 18
19 9
30 49
19 12
38 27
23 8
32 15
41 13
19 17
30 47
22 6
36 37
22 43
29 16
20 22
37 34
22 19
33 35
24 37
5 17
34 19
24 19
2 30
30 23
37 41
10 28
24 1
19 39
6 30
23 11
41 19
12 40
35 12
2 17
21 40
44 5
30 5
21 35
40 6
30 33
46 44
36 22
30 38
8 19
11 0
30 22
40 10
40 29
31 43
9 16
35 41
33 42
12 44
12 17
19 4
36 44
49 31
25 11
37 7
47 44
22 13
16 2
24 31
31 48
29 30
45 44
40 24
8 30
19 13
23 6
18 28
19 36
18 31
17 48
23 15
37 27
35 2
40 27
15 24
15 13
24 25
40 25
11 29
40 41
31 14
35 37
27 7
11 38
16 25
33 2
37 33
17 35
37 2
14 17
47 19
44 23
34 44
30 12
19 32
7 44
4 44
17 46
32 28
11 1
35 10
17 13
27 32
31 32
39 44
17 28
15 26
40 3
17 3
6 16
5 31
19 18
1 35
37 14
28 13
14 27
23 3
31 45
43 19
45 23
15 0
15 29
48 30
42 22
44 17
40 48
45 16
45 19
1 17
49 16
9 35
9 15
42 41
24 2
5 41
24 21
30 3
22 44
6 27
33 40
5 27
38 35
22 4
6 33
11 24
22 47
31 15
41 32
32 37
37 38
39 30
33 3
38 23
41 34
17 34
11 32
17 7
11 48
26 22
23 35
31 28
19 16
18 37
23 2
22 8
11 9
27 23
8 35
39 11
26 30
4 17
24 44
28 33
43 40
40 11
31 26
41 2
42 24
41 4
41 11
36 40
41 12
24 8
33 36
29 27
26 23
30 13
16 38
10 37
11 13
15 17
40 22
15 49
12 37
24 33
22 37
32 17
31 11
26 19
17 37
31 13
15 14
31 20
20 27
35 6
40 20
2 22
17 16
22 14
33 27
6 17
16 1
47 17
11 47
34 24
35 40
22 21
48 33
33 11
5 48
24 47
38 17
20 33
42 15
25 22
44 41
27 30
0 24
16 23
9 33
7 33
28 27
34 23
1 30
30 17
41 46
21 17
17 45
5 19
3 44
16 37
22 32
2 40
21 30
30 44
30 15
18 44
35 3
33 5
35 42
7 11
44 0
16 8
10 19
38 44
5 12
41 3
31 23
17 22
41 9
40 19
18 22
10 44
10 30
3 16
48 15
37 39
15 34
16 0
24 27
16 22
16 44
37 5
44 9
19 31
20 30
48 41
39 27
37 49
36 28
0 30
46 33
11 35
28 29
24 29
4 16
26 35
17 31
23 21
41 18
5 24
35 28
28 1
21 33
8 27
17 36
4 28
29 5
26 5
28 0
23 4
24 26
24 36
40 18
37 43
36 41
35 15
34 16
39 15
5 34
37 3
11 30
44 43
33 17
27 2
44 2
17 0
35 18
31 21
35 39
7 24
36 30
5 39
46 22
49 19
7 31
15 38
33 49
5 13
5 0
14 24
27 21
28 23
31 29
11 34
35 0
16 33
22 39
17 24
43 15
16 28
26 16
16 11
16 39
28 43
15 33
27 34
22 5
21 11
41 15
31 46
21 15
46 16
9 22
10 22
25 41
42 30
15 25
5 38
8 5
40 4
39 28
33 23
40 38
31 3
24 49
24 43
41 10
7 41
14 41
36 27
12 15
33 10
27 44
49 11
31 6
35 32
8 15
3 28
15 28
42 40
24 20
45 22
31 40
40 1
1 19
12 28
9 31
43 5
42 16
26 40
23 25
27 10
18 30
22 31
19 3
26 28
35 34
0 23
46 24
49 44
3 15
32 24
24 35
6 24
48 27
49 35
41 43
41 6
24 4
5 21
11 28
39 40
27 11
46 27
11 46
29 41
48 35
27 25
1 41
31 16
37 13
16 5
17 49
20 5
31 1
25 17
16 12
40 49
47 37
2 31
24 3
23 19
18 23
31 34
34 33
5 40
41 17
27 13
27 31
34 28
47 5
4 35
23 43
33 13
31 4
46 15
40 13
12 31
23 41
30 46
32 5
38 19
31 35
29 19
11 12
20 16
37 40
37 0
11 14
5 1
23 40
14 23
19 33
22 7
18 15
44 11
27 35
41 24
5 6
44 14
33 4
0 27
41 26
5 3
35 36
23 22
16 48
12 24
49 23
27 16
44 32
23 7
18 11
40 8
20 17
30 34
43 16
37 30
35 43
23 9
7 19
16 47
11 22
19 15
22 35
12 27
47 27
40 34
30 43
29 23
39 24
28 2
24 16
5 14
37 9
42 5
9 5
5 46
35 14
40 45
40 46
45 35
15 1
35 25
16 10
23 1
44 33
42 31
18 33
29 33
37 45
26 11
33 22
7 15
3 11
1 33
22 41
13 44
11 8
41 27
22 15
29 44
17 11
33 32
22 27
23 47
15 16
28 5
15 20
8 28
23 20
19 27
18 16
10 31
28 41
48 24
24 45
44 15
36 31
30 31
27 3
30 25
9 28
23 46
47 28
25 5
46 28
37 26
49 28
33 45