50
26 36 34 34 35 39 38 26 25 27 25 22 22 34 31 20 21 27 35 26 24 40 24 36 36 36 36 34 26 22 38 37 37 22 38 39 33 26 33 36 27 28 31 30 36 30 25 40 26 31
10
50 20 20 47 39 44 49 26 28 20
97
49 45
19 26
9 26
37 26
35 26
28 21
6 26
28 16
10 49
9 28
26 32
26 48
26 42
30 28
20 26
40 49
28 0
26 46
4 28
49 27
48 49
35 28
40 28
1 28
28 34
26 23
46 28
28 29
7 26
31 26
8 26
26 49
28 42
26 28
26 16
28 39
30 49
26 29
28 2
36 28
44 28
26 2
47 28
14 26
28 38
20 28
21 49
28 13
26 3
43 26
22 26
49 13
24 49
26 47
26 27
25 28
26 34
6 28
49 34
18 26
1 26
26 11
26 5
33 28
30 26
28 23
17 26
7 28
28 11
28 5
26 21
41 26
18 28
13 26
10 26
17 28
26 15
28 41
12 26
36 26
43 28
23 49
28 22
24 28
28 19
28 12
28 3
38 26
26 45
49 28
15 28
26 33
28 32
27 28
28 14
26 24
31 28