80
24 31 36 33 23 36 20 24 22 24 39 22 25 30 25 21 20 27 37 34 26 21 27 29 26 21 23 37 23 22 23 23 37 27 38 35 40 32 27 23 32 34 39 29 33 25 30 34 22 36 33 38 35 31 22 30 36 38 28 32 25 26 39 26 28 32 23 40 21 21 37 39 40 38 36 36 20 39 23 26
20
31 45 33 26 42 48 38 44 34 20 42 43 24 25 36 33 34 37 30 44
1528
38 3
70 61
9 29
28 45
8 33
77 0
41 23
74 26
48 41
24 25
52 28
35 32
21 38
73 62
31 79
27 38
14 55
38 18
13 73
11 56
32 20
11 61
55 78
29 51
61 74
30 6
12 74
58 36
52 59
31 40
79 7
73 75
73 72
61 13
5 25
62 45
40 2
29 19
1 56
70 8
10 52
52 30
2 57
79 34
72 26
56 14
57 4
75 40
56 52
20 55
71 52
0 21
72 62
53 11
40 72
48 74
46 49
70 45
28 74
57 67
58 47
73 44
58 11
54 24
41 79
52 48
29 6
78 57
46 24
33 30
53 78
18 34
9 19
3 34
16 41
29 15
57 14
79 49
38 44
42 45
56 35
45 77
19 74
41 26
8 0
39 73
64 73
58 50
42 79
17 30
73 76
56 76
10 32
4 0
57 41
41 40
43 24
71 51
50 17
8 54
15 17
76 62
45 69
76 17
78 58
6 76
41 5
7 61
71 58
11 34
56 30
18 30
45 1
5 58
56 69
54 57
58 8
78 38
65 52
8 41
74 67
32 63
25 65
25 44
54 74
24 11
41 17
30 0
22 71
71 4
23 53
42 56
62 39
15 24
41 56
50 45
71 5
32 33
12 40
3 32
30 10
3 73
40 19
39 42
67 61
39 21
32 67
45 73
49 0
50 76
67 52
0 2
77 17
76 27
44 19
17 49
51 17
40 20
7 19
35 40
5 53
66 34
33 19
11 0
52 27
66 73
34 68
32 54
77 76
69 17
22 74
61 18
29 20
39 74
30 25
41 20
74 52
15 71
9 74
38 11
39 63
43 30
7 34
79 2
17 68
23 61
0 29
19 78
40 8
25 62
32 78
10 17
59 71
48 57
58 37
39 36
39 12
40 43
26 46
25 6
58 42
77 39
73 48
19 63
2 39
30 58
34 25
32 72
52 25
7 58
73 71
24 36
27 57
10 34
38 29
55 30
57 79
19 38
43 74
30 53
76 33
65 17
75 57
26 53
58 51
38 28
61 30
0 7
55 50
0 68
74 13
18 57
1 58
46 6
73 46
24 31
56 19
41 66
73 77
30 67
34 52
77 19
46 31
73 0
56 33
79 18
54 19
38 10
61 47
14 46
8 5
30 21
17 7
46 78
55 38
12 73
0 76
38 42
67 55
68 8
72 77
71 11
46 21
29 42
39 32
66 40
41 71
66 24
72 75
18 74
23 34
34 63
79 25
72 49
0 33
15 38
7 8
76 1
55 4
52 54
71 38
56 20
79 20
30 57
13 46
24 39
40 79
57 11
11 17
44 61
61 32
56 71
1 25
71 60
6 71
11 41
15 46
58 10
68 76
38 6
71 57
52 15
24 33
77 52
59 0
38 73
74 1
40 78
44 30
35 24
7 72
28 58
46 45
25 29
73 79
76 59
45 3
41 33
66 46
54 17
72 60
29 46
38 62
15 39
31 0
64 34
73 11
32 66
10 45
70 0
25 45
32 22
45 11
58 13
1 57
78 24
55 33
57 68
69 57
16 29
62 79
41 31
76 55
1 34
32 41
40 17
79 50
66 0
57 77
68 52
58 57
13 57
38 47
49 71
13 55
34 33
19 4
35 8
76 52
39 43
17 28
4 46
52 23
35 34
29 22
27 30
56 79
79 51
51 41
40 47
16 34
19 21
76 16
24 13
61 36
15 0
58 44
8 51
77 58
34 75
8 22
61 65
72 20
46 0
36 25
40 77
44 55
60 39
0 51
53 32
49 41
19 49
55 37
73 30
14 19
44 72
34 69
58 56
55 75
29 34
12 45
41 45
18 76
32 30
36 53
38 72
4 53
41 68
25 59
38 50
3 79
29 62
1 24
25 61
26 71
50 57
7 53
45 37
55 11
10 76
55 28
17 72
71 48
56 75
72 55
17 1
45 76
37 61
60 53
65 53
24 27
54 72
15 40
67 29
50 8
25 27
35 30
73 15
41 63
74 53
56 62
74 71
58 49
52 78
0 60
24 47
29 63
52 39
25 18
8 36
9 46
58 72
74 41
23 19
53 31
25 42
2 61
25 76
0 42
79 44
61 19
74 14
12 71
71 43
36 32
72 30
58 68
61 39
42 55
27 73
23 38
59 61
21 24
73 22
58 15
55 3
16 53
74 35
4 29
23 45
22 0
9 8
1 61
15 34
71 19
46 38
39 50
76 24
40 46
76 75
73 43
65 71
2 32
73 19
76 70
20 24
52 32
8 4
1 38
79 29
39 45
74 30
45 34
58 19
60 34
71 64
57 25
43 55
79 12
63 0
74 20
34 24
69 58
41 39
0 71
9 24
57 37
69 41
22 24
21 76
79 66
38 51
46 16
56 37
61 77
37 73
0 75
39 3
54 39
58 70
72 52
14 71
14 39
42 40
0 20
29 21
32 27
0 47
53 56
64 25
23 39
9 0
30 2
37 29
13 71
47 45
4 39
25 33
39 25
13 17
4 34
51 34
26 29
60 40
55 71
30 26
15 74
73 31
26 56
64 8
26 19
66 71
32 69
21 17
40 76
68 40
56 61
53 70
73 36
46 19
70 41
9 34
40 63
55 58
38 56
40 3
61 48
30 62
48 56
5 46
2 52
13 52
61 40
17 6
27 0
25 53
61 78
19 68
28 24
77 79
56 39
4 56
24 12
42 74
29 14
56 21
4 76
37 39
56 2
19 76
35 25
61 50
40 69
19 5
25 50
79 76
74 38
28 61
40 71
45 53
20 45
4 73
33 53
15 79
52 42
61 29
74 2
26 55
59 34
3 52
73 53
65 38
17 8
54 29
44 41
17 48
32 21
44 24
47 52
12 29
8 10
75 39
19 62
18 17
29 35
48 0
47 57
54 58
54 45
0 35
27 17
36 38
17 74
47 39
54 0
38 41
73 21
3 61
79 6
19 24
40 4
6 34
20 30
47 73
17 42
52 70
21 40
21 41
6 58
71 79
55 9
32 75
66 45
66 38
41 77
79 68
0 6
16 57
76 2
65 30
53 52
56 47
52 12
53 57
39 72
52 18
39 0
8 71
31 57
24 2
32 4
44 8
19 34
29 40
69 0
63 71
8 73
20 39
53 12
52 44
76 37
47 17
53 75
41 76
29 57
37 24
58 46
41 73
36 40
45 15
17 31
46 54
60 57
39 68
32 79
8 56
2 45
53 69
1 53
25 31
73 78
74 60
31 61
42 19
56 13
32 58
74 37
46 75
40 38
11 32
64 56
0 40
54 38
31 52
36 79
24 17
40 1
34 39
66 25
45 29
28 79
18 56
64 0
0 24
35 57
32 19
34 21
20 17
47 76
78 74
76 32
29 75
50 74
73 26
79 53
71 45
21 61
52 73
39 38
34 8
74 8
66 19
3 53
79 27
30 23
62 0
5 79
30 50
32 47
29 59
69 8
65 8
18 58
41 60
68 30
53 61
28 57
55 69
79 74
40 30
55 29
25 72
61 51
76 12
57 43
69 76
78 72
10 24
0 74
32 68
68 38
27 41
60 30
30 42
79 72
75 74
32 13
38 7
73 28
55 1
3 24
46 48
76 46
58 27
62 52
38 59
53 49
41 59
29 5
25 71
6 41
39 26
38 67
30 63
53 28
52 11
58 21
53 14
73 50
69 19
8 59
22 41
0 32
34 67
29 1
70 34
52 40
45 59
76 58
22 30
48 34
25 32
48 19
6 19
53 66
58 3
77 24
78 34
71 33
74 36
29 27
3 76
76 35
7 25
76 14
47 74
45 67
37 40
69 79
65 19
40 50
10 71
60 55
43 46
4 41
29 13
12 56
61 41
73 35
19 59
55 31
61 71
34 57
23 8
63 25
78 25
56 16
29 43
47 29
24 14
52 50
9 30
41 14
41 50
38 37
41 37
25 49
73 33
12 32
32 48
0 38
50 19
75 71
53 15
32 14
76 61
79 37
32 45
0 50
11 40
33 74
46 52
26 8
25 55
71 32
24 58
34 40
8 72
12 25
71 3
61 66
46 33
52 6
18 45
37 17
9 56
30 77
8 77
6 45
26 40
64 57
67 8
47 72
57 39
11 46
45 7
8 37
14 40
25 16
72 27
74 68
50 56
36 45
19 37
36 46
39 17
25 73
28 19
46 72
29 7
56 34
66 58
9 57
36 76
76 38
54 73
73 58
41 62
29 74
24 67
53 13
57 72
72 15
76 42
19 52
56 15
72 5
41 2
34 12
46 25
23 46
53 76
22 46
42 24
72 4
19 17
15 30
30 64
35 41
30 46
10 79
25 75
53 21
34 61
45 5
73 68
64 19
39 69
19 25
72 50
66 57
1 79
74 46
17 29
69 74
72 21
63 73
39 27
59 30
57 45
64 40
52 41
38 34
60 73
57 76
60 29
38 70
50 29
16 19
5 17
37 0
53 58
40 33
68 71
10 74
52 7
45 31
60 76
55 27
30 38
54 79
56 77
63 53
11 74
19 57
58 12
76 65
38 5
49 34
1 32
60 19
41 30
71 76
20 8
1 8
39 5
67 53
12 55
2 17
51 25
62 24
17 3
9 71
21 74
71 67
30 79
0 17
49 52
53 41
57 8
36 52
8 52
65 39
70 17
10 61
61 27
0 43
56 10
52 57
49 29
19 30
79 70
10 39
14 73
72 76
34 65
7 41
17 59
67 79
47 19
71 23
25 20
43 56
72 68
39 51
47 30
34 26
12 57
21 8
52 51
38 20
40 18
39 55
20 73
57 46
57 17
57 21
56 27
2 38
16 55
62 58
40 27
41 9
58 25
1 46
71 24
29 18
8 13
61 24
66 72
71 70
27 45
29 56
10 46
70 30
40 16
56 63
27 74
56 45
74 25
56 3
29 33
35 46
46 60
20 58
30 14
32 8
63 57
25 56
19 51
76 20
34 58
40 54
45 19
46 63
61 20
39 19
25 70
0 45
32 43
0 53
30 34
55 15
55 10
56 46
61 72
53 40
55 18
44 57
15 41
77 38
2 8
73 42
28 34
60 8
13 34
30 75
21 79
34 55
50 24
68 55
38 8
41 43
58 0
52 29
21 52
40 48
32 29
62 17
77 32
53 39
19 8
24 52
21 45
2 72
67 76
46 65
40 67
40 45
7 39
32 46
24 60
25 28
12 30
25 13
8 12
25 9
42 61
40 28
35 53
55 47
62 61
26 76
61 46
2 73
41 54
64 46
6 61
67 25
53 43
54 53
56 67
14 8
77 29
77 55
32 62
46 17
45 13
40 22
42 8
0 25
56 78
26 25
41 55
67 46
41 46
19 27
71 35
17 78
48 25
73 61
41 28
59 46
36 34
36 71
25 14
43 76
76 23
24 45
16 24
49 61
43 34
25 37
10 25
48 79
17 66
55 0
79 8
8 24
16 39
24 75
31 32
49 76
9 39
65 0
9 40
61 57
67 39
53 55
64 74
32 37
41 29
73 16
29 10
22 19
69 38
76 7
38 53
25 43
22 25
45 72
53 68
24 64
16 8
56 36
39 35
69 52
13 38
17 25
0 79
72 63
8 53
18 71
32 42
63 76
39 49
79 55
25 38
17 36
30 1
55 2
30 49
41 42
72 65
3 25
58 39
31 58
22 39
55 8
32 15
61 15
3 30
19 31
44 29
23 0
74 3
0 16
30 24
9 76
57 20
45 44
56 22
56 54
12 46
58 48
29 23
17 73
72 28
8 61
30 36
6 53
41 64
13 76
30 16
71 30
76 74
39 1
51 72
43 8
36 55
7 46
19 35
57 38
10 73
20 19
39 40
32 17
26 24
48 38
34 14
31 38
29 64
38 32
54 55
8 63
44 39
24 38
58 40
79 11
58 2
52 1
60 25
29 73
17 44
55 64
51 53
53 19
53 24
23 58
43 19
36 29
28 0
78 41
19 15
49 38
32 18
41 65
51 30
30 69
68 45
69 73
13 40
29 71
0 78
79 59
59 53
65 58
65 45
13 39
40 25
28 71
55 35
48 45
71 78
32 9
74 4
56 60
25 23
73 9
20 52
31 34
4 24
41 25
34 72
9 53
36 57
48 55
52 66
8 49
72 24
58 59
19 70
69 71
72 33
77 25
46 68
63 24
19 75
17 56
17 12
39 70
26 0
40 44
5 0
24 48
32 50
6 39
28 56
67 58
67 17
0 61
76 22
16 32
2 19
57 0
56 66
45 74
46 55
22 55
8 75
29 70
29 2
30 37
61 54
47 8
64 76
52 37
58 29
53 17
10 57
58 74
53 22
34 17
11 72
34 5
44 56
45 8
30 4
64 32
25 47
8 3
53 72
29 65
13 30
28 46
8 62
79 65
61 5
71 1
29 24
26 57
31 56
73 18
3 57
46 8
3 46
52 5
24 41
46 18
72 74
71 16
23 79
74 34
22 57
53 29
48 53
16 74
39 64
30 5
42 57
79 39
0 44
34 0
74 62
76 54
71 21
55 61
55 66
79 24
29 72
24 69
0 56
74 66
15 57
76 15
67 73
54 71
52 55
68 24
45 49
45 55
76 44
74 77
32 34
68 61
40 10
73 1
24 18
30 45
10 53
25 8
12 38
0 52
51 45
62 57
29 3
31 71
69 61
72 71
79 46
2 25
64 53
47 41
46 70
46 39
18 8
39 18
25 11
34 73
68 29
32 60
19 11
78 79
23 17
6 8
47 79
79 19
8 15
8 27
68 56
63 74
34 76
17 71
12 61
32 28
25 4
59 39
46 69
54 34
46 51
62 55
40 62
63 55
7 30
21 55
54 30
44 32
39 33
44 74
17 55
18 53
32 26
76 51
13 79
72 56
33 57
69 29
41 75
58 41
14 0
78 45
5 76
31 74
34 41
39 71
22 34
55 19
7 71