20
21 24 37 30 22 34 20 36 26 35 23 29 24 25 22 20 34 36 40 38
4
21 43 47 39
120
12 7
13 17
9 13
10 16
14 8
10 15
16 11
17 14
2 8
6 15
18 12
8 16
12 10
2 5
3 15
13 6
2 3
17 19
8 15
15 4
8 9
15 19
12 5
17 12
16 14
3 14
14 13
4 2
6 11
15 18
2 13
12 16
2 11
7 9
1 15
19 11
2 15
1 9
16 18
13 11
2 14
9 4
19 7
17 3
19 16
3 9
12 8
16 1
4 12
5 19
17 9
17 15
12 6
17 4
14 5
13 12
2 16
17 8
14 9
12 11
11 9
4 19
13 19
19 12
0 16
14 1
15 0
18 9
14 19
0 9
12 14
6 9
6 14
11 14
13 8
15 12
10 2
19 1
17 5
0 14
14 15
13 16
9 12
10 13
19 10
18 13
6 19
15 7
17 0
13 3
3 16
14 18
13 0
17 10
13 5
2 19
15 11
17 18
6 16
13 15
8 19
2 18
0 2
13 1
7 16
0 12
12 2
9 2
4 16
11 17
17 1
19 3
17 16
10 9
13 7
14 7
3 12
4 13
1 2
9 19