70
29 29 37 38 36 33 22 29 39 22 34 34 33 28 29 37 33 21 20 25 29 36 26 21 38 39 28 36 30 39 26 25 40 39 39 20 37 39 28 20 27 38 24 37 22 27 22 39 37 35 40 29 26 38 34 22 32 21 20 40 32 37 29 36 23 21 39 30 30 26
16
35 28 41 36 37 20 50 44 49 38 46 44 27 41 28 21
1157
21 60
63 4
58 41
18 31
5 67
4 0
17 31
49 56
58 48
64 68
8 64
26 58
44 68
8 19
42 29
60 61
40 41
57 66
39 50
7 56
47 55
20 5
20 4
19 0
39 34
20 16
18 56
28 27
69 41
55 21
49 0
47 65
41 32
8 44
47 18
64 60
51 60
34 17
24 60
51 49
38 42
67 46
27 25
30 69
31 58
55 60
62 41
4 49
6 42
18 66
62 24
37 27
67 44
68 19
39 68
57 7
67 34
44 56
29 23
65 40
56 53
13 19
62 43
22 18
62 28
35 42
25 16
3 42
14 30
2 39
2 56
39 3
31 39
39 7
60 17
41 60
55 31
25 60
62 10
57 13
42 49
48 57
58 43
66 8
41 56
2 67
20 50
65 15
32 27
11 4
52 4
1 49
59 64
32 39
61 4
19 22
66 60
6 25
37 30
30 40
5 65
39 61
52 29
66 12
58 30
42 44
41 28
7 4
40 16
25 35
35 29
8 60
39 14
60 0
68 25
42 11
0 44
19 20
55 28
42 17
49 6
53 42
63 57
29 22
58 10
54 30
17 18
64 48
13 27
66 62
31 60
56 46
43 57
56 57
66 64
49 31
52 49
13 64
67 14
25 39
68 49
5 55
62 56
20 37
66 24
29 12
53 39
55 49
67 50
39 62
34 62
3 55
49 8
44 66
57 8
27 57
13 65
8 29
64 34
7 62
19 32
31 44
44 13
45 64
17 21
67 56
18 53
27 16
55 41
41 1
50 65
47 62
55 30
11 57
69 67
27 5
0 17
27 29
2 60
42 43
44 10
29 4
58 29
19 15
64 21
60 40
21 66
23 67
57 39
39 58
64 49
21 19
52 20
40 66
56 0
43 67
25 8
57 38
15 67
33 66
60 1
48 67
49 5
46 60
12 4
57 16
64 19
46 17
60 67
15 56
25 49
47 64
18 20
47 42
39 26
58 61
11 67
64 61
67 39
19 36
66 65
44 28
60 30
4 62
56 40
38 67
65 69
10 27
56 58
38 65
15 62
49 12
57 22
18 58
30 25
66 3
1 17
31 65
16 1
65 1
56 38
64 0
53 64
27 21
64 16
40 62
64 3
22 56
33 42
27 51
30 16
19 55
65 11
39 22
65 54
14 27
56 30
66 7
60 32
17 9
60 49
17 24
53 4
17 58
62 16
59 16
60 35
30 28
19 35
12 64
20 30
36 16
4 46
31 27
49 32
4 19
57 3
41 52
11 27
0 65
62 8
60 18
30 59
58 53
4 34
19 53
30 11
69 66
16 7
39 66
62 38
48 42
17 29
63 16
30 13
7 18
56 26
63 58
27 68
19 7
13 56
38 16
64 36
2 29
19 3
46 25
44 26
15 16
25 9
55 23
46 29
65 28
66 13
23 30
2 58
60 38
16 24
69 55
16 17
42 63
15 29
67 57
55 4
47 17
66 50
11 58
62 69
55 1
32 62
32 56
44 63
27 33
29 3
4 47
59 25
66 23
39 37
29 55
27 0
18 64
20 49
1 56
47 44
30 12
42 12
39 55
20 39
58 54
32 58
56 64
16 44
17 40
42 60
66 45
0 30
55 38
67 52
42 26
42 24
60 13
62 27
40 20
54 64
65 16
1 62
51 29
49 18
30 68
46 66
44 59
19 2
42 18
54 62
67 33
39 24
47 27
65 36
22 25
29 53
54 25
17 68
30 46
64 28
10 57
58 59
45 44
10 25
59 49
40 39
1 39
43 29
64 31
46 39
58 68
58 19
65 67
38 18
9 27
57 28
41 21
2 57
23 44
55 54
49 69
24 58
30 57
0 55
53 25
32 17
56 51
33 65
58 52
19 47
57 49
68 66
66 10
53 44
41 5
57 60
65 30
39 59
12 44
12 25
4 25
53 16
51 25
60 26
41 3
68 16
24 65
39 65
59 41
27 19
50 25
49 10
4 36
16 58
13 29
18 57
35 65
1 4
38 64
27 24
4 9
31 4
18 39
51 66
57 59
4 66
58 36
59 17
5 17
9 18
40 29
43 39
64 37
46 41
55 56
50 60
55 66
67 61
65 2
32 44
69 42
15 57
67 36
12 62
63 67
18 19
46 19
41 25
18 54
49 2
32 64
37 44
15 25
4 28
45 42
54 41
45 19
69 64
22 58
19 43
33 58
56 47
34 19
50 49
4 45
16 43
44 49
3 67
62 11
25 57
26 55
49 14
29 50
20 67
67 51
18 25
65 10
54 44
50 17
62 30
26 66
45 30
65 49
5 58
19 61
29 0
41 45
31 41
25 61
55 63
64 11
2 25
24 20
60 43
61 18
4 68
37 16
47 66
55 34
43 20
50 16
60 63
49 24
4 35
54 4
6 17
23 62
18 63
23 65
67 55
21 65
41 50
19 40
29 10
30 44
13 58
13 42
27 65
34 30
37 17
64 39
63 65
67 53
61 16
62 25
8 55
17 2
22 4
29 19
37 4
20 3
33 4
19 1
6 29
33 55
16 22
4 21
8 56
28 29
44 21
64 40
57 50
49 26
42 32
29 36
34 16
8 39
59 19
57 1
0 39
60 65
18 30
4 57
59 62
12 18
14 17
3 17
62 37
41 12
29 5
18 55
38 58
41 8
49 21
58 0
61 42
58 28
42 21
34 42
38 39
42 10
36 55
55 35
25 7
27 39
47 60
23 58
3 65
42 56
48 16
60 68
36 42
44 36
18 52
55 12
55 32
58 45
57 17
55 37
3 58
57 42
66 11
41 65
39 42
25 31
19 31
37 60
55 22
18 35
57 61
17 33
67 12
18 0
18 1
5 66
27 59
17 10
40 44
56 24
18 24
28 67
66 20
17 28
49 3
50 55
39 51
44 22
34 27
62 19
56 20
67 62
17 11
57 32
56 48
27 55
60 58
42 16
41 29
22 67
26 64
54 20
21 16
27 2
30 39
19 6
15 18
64 15
25 14
16 8
7 64
5 42
39 17
8 42
11 55
49 9
41 24
41 10
68 57
4 60
5 18
67 35
39 45
58 40
56 50
45 27
43 56
61 29
42 51
14 19
41 7
35 57
56 37
20 17
62 50
37 57
17 65
19 50
56 6
41 18
23 57
4 44
17 64
49 46
41 68
33 64
1 66
18 27
61 56
63 19
0 41
9 56
65 22
63 29
25 19
18 46
16 18
34 65
39 49
67 21
69 58
20 61
51 41
49 45
57 54
54 49
6 41
55 17
67 32
7 27
54 27
31 62
33 49
4 24
27 64
49 34
17 51
19 26
20 41
16 13
60 20
53 65
51 16
67 19
0 57
64 23
40 42
35 16
18 51
4 16
50 42
25 63
49 7
56 33
38 44
62 2
18 28
56 21
29 38
6 30
27 44
42 14
26 27
27 56
18 26
29 32
65 45
21 57
2 16
55 10
27 4
48 65
60 36
1 27
56 45
22 62
8 67
47 57
56 59
34 56
58 34
44 24
4 6
57 34
69 29
0 66
64 5
65 43
4 69
45 60
61 55
29 62
46 16
4 15
56 31
44 3
50 64
48 29
30 51
17 4
17 8
14 29
44 19
4 58
41 4
5 4
57 53
33 60
55 15
58 35
4 38
27 52
29 57
7 58
33 30
55 52
66 42
19 9
36 62
18 45
44 60
62 68
66 9
16 45
57 12
4 42
67 64
19 24
59 42
47 41
43 55
58 66
41 37
62 53
57 45
55 48
30 50
39 47
18 48
66 52
16 9
41 67
64 42
9 29
18 11
26 16
37 49
62 45
66 67
62 42
56 35
17 67
47 67
49 19
27 6
33 39
49 28
6 39
57 69
62 3
6 18
58 50
6 66
57 26
65 42
39 9
65 7
16 41
49 47
29 64
67 13
20 29
63 62
14 56
25 42
65 32
60 7
19 65
27 46
9 67
35 44
67 10
44 33
68 56
20 22
10 64
56 29
19 38
30 31
41 42
54 42
33 62
58 15
17 52
66 54
35 64
41 34
58 42
32 66
55 7
15 60
55 45
49 67
66 56
9 41
58 1
49 11
44 1
14 66
3 60
23 27
40 49
42 9
34 20
4 48
7 30
32 25
2 30
25 52
16 0
44 5
54 29
42 27
2 55
60 59
55 42
41 14
31 29
49 13
9 60
44 7
67 24
40 57
19 42
44 34
29 49
62 18
1 29
17 12
15 42
18 37
65 59
39 35
67 26
66 34
62 13
3 16
4 64
32 16
37 66
66 31
67 58
69 44
30 1
18 65
17 13
20 15
39 29
17 56
53 20
41 57
36 18
61 65
38 25
19 37
18 44
33 16
23 4
48 60
4 26
55 53
17 44
58 37
10 30
17 19
67 6
30 29
16 47
57 36
53 60
4 67
65 26
33 19
21 18
27 3
33 41
18 34
6 16
10 18
52 44
67 16
25 28
58 12
25 11
25 69
3 56
3 25
65 12
66 25
13 41
63 64
18 23
62 21
44 11
49 16
28 42
22 64
30 19
0 20
42 37
20 27
56 4
18 67
14 16
55 24
42 22
67 25
26 17
19 48
52 42
65 52
64 24
67 27
44 2
30 21
50 27
66 19
60 29
30 26
0 62
65 29
65 4
64 41
59 66
26 62
5 30
30 52
25 56
27 69
42 23
30 47
23 49
60 22
37 65
56 36
8 30
35 62
44 41
40 25
7 17
60 62
44 50
43 4
30 32
31 57
52 62
68 29
25 55
49 58
43 64
59 67
20 42
18 14
64 2
17 54
16 29
0 25
16 31
25 43
29 66
44 25
3 30
4 14
55 16
30 9
51 19
52 64
60 14
29 67
69 17
25 64
29 7
25 20
39 36
27 40
39 21
33 18
59 55
41 19
65 25
5 25
62 49
29 11
44 29
15 44
52 57
56 65
21 58
18 69
43 44
57 24
28 66
25 36
8 58
59 29
39 63
67 45
41 39
62 61
25 17
6 60
24 30
30 64
48 39
62 48
23 25
18 29
62 5
25 1
39 44
11 41
25 58
66 16
2 66
12 27
17 62
43 18
68 65
39 4
4 30
42 46
17 45
64 1
54 67
18 68
25 13
41 2
55 68
41 23
37 67
30 67
27 58
39 13
4 51
41 26
57 19
67 40
63 56
44 48
57 5
55 40
60 34
57 33
25 48
30 42
42 2
23 17
58 47
8 27
15 39
13 55
65 8
44 61
4 10
60 27