80
20 38 25 21 30 38 35 26 24 21 31 24 20 29 25 24 27 39 28 23 29 36 40 30 24 25 33 35 25 40 29 25 38 38 27 39 30 28 24 34 29 36 31 24 34 37 36 24 31 32 25 37 33 28 20 28 38 40 29 33 30 28 25 36 29 39 26 26 30 28 36 29 27 23 30 21 31 26 36 37
20
28 42 32 40 33 39 30 37 39 37 23 39 30 50 48 38 25 26 31 23
2010
61 52
50 48
26 20
55 1
30 50
45 44
2 67
56 35
70 43
51 9
61 56
72 60
43 32
49 51
56 78
69 67
20 51
73 77
64 51
15 75
52 34
28 63
18 75
41 3
26 67
48 53
75 31
47 73
6 41
57 58
10 13
53 9
51 42
51 7
35 66
55 4
72 23
0 11
3 23
6 30
6 46
63 17
39 35
30 23
43 26
43 1
27 43
34 42
6 11
73 35
72 71
60 69
44 34
63 58
12 71
76 21
68 69
26 73
70 75
13 76
44 41
62 66
6 26
64 43
13 51
61 49
60 45
47 17
15 23
69 57
69 72
42 69
72 61
4 36
16 60
50 71
26 13
11 37
71 45
5 22
7 66
61 60
50 2
49 11
44 77
78 37
34 47
61 9
10 28
30 76
74 77
10 59
30 5
58 65
57 60
4 58
2 78
12 10
39 11
28 21
68 51
1 15
54 30
20 17
79 17
5 47
14 29
71 33
74 8
60 66
78 24
33 1
66 27
22 49
35 41
29 46
73 68
47 44
10 74
33 62
35 18
73 78
67 70
4 60
76 35
63 50
65 3
22 59
57 33
60 50
76 53
78 75
69 62
43 51
65 77
56 8
41 77
17 39
14 78
1 58
7 46
19 77
57 24
3 22
23 38
77 1
2 48
24 1
12 5
21 42
35 8
52 57
8 16
20 11
24 34
36 21
59 41
66 32
4 34
30 36
6 69
26 58
1 19
3 13
31 51
22 62
48 14
35 4
39 5
52 71
57 43
47 61
78 19
48 56
54 36
53 50
26 76
38 73
72 75
34 30
73 48
74 23
41 51
59 56
29 58
76 52
28 51
54 78
48 10
66 42
50 25
71 79
26 79
24 8
11 2
50 4
12 35
57 32
48 52
73 40
44 56
29 25
79 78
23 36
77 63
4 45
20 23
55 8
4 37
7 28
35 20
35 32
30 33
19 28
42 35
54 28
15 61
66 22
9 75
75 21
34 54
59 35
25 22
71 62
22 52
48 32
2 44
70 54
30 8
6 4
74 29
8 3
65 30
36 43
78 45
75 28
51 18
65 29
20 43
70 35
22 77
56 66
64 32
10 21
23 18
15 22
61 19
1 44
65 1
8 69
9 16
24 4
17 66
1 68
46 16
61 14
54 37
48 25
44 12
27 11
28 58
72 26
22 28
61 78
8 0
22 12
54 57
71 77
34 35
21 67
46 24
29 0
41 71
77 42
41 20
66 70
45 58
67 66
5 7
5 9
57 9
11 59
71 76
61 65
43 11
26 33
1 4
11 24
47 26
73 76
65 35
5 58
48 64
0 26
34 23
25 59
38 58
41 7
27 1
69 73
0 17
71 43
8 43
12 58
63 69
17 15
30 18
45 21
21 57
33 74
9 4
49 5
4 31
39 23
67 6
55 3
48 65
50 17
45 9
0 67
23 24
18 22
9 0
44 22
9 25
73 3
43 0
30 68
2 41
57 42
23 0
73 13
61 36
2 60
63 44
12 76
57 20
34 3
8 53
31 43
29 77
75 67
60 15
28 27
55 60
31 23
50 14
50 27
58 23
48 15
4 2
61 18
21 61
21 13
76 11
38 61
24 50
35 40
75 46
6 64
32 26
23 43
13 17
41 27
38 11
30 7
35 38
35 71
62 43
21 0
1 39
47 35
31 78
47 58
78 10
17 18
69 77
33 69
35 21
46 61
46 77
76 57
34 29
7 34
25 41
64 49
68 54
14 11
62 44
51 69
43 49
22 46
41 68
58 54
57 59
72 54
46 57
15 78
54 26
71 22
36 10
41 37
44 28
30 77
41 15
29 13
46 3
43 66
3 14
57 7
0 50
31 21
59 55
1 72
28 35
29 47
58 39
60 56
3 79
78 66
57 71
17 53
7 50
36 69
35 7
1 5
71 9
54 49
39 66
14 1
29 49
26 59
6 71
9 54
74 59
30 45
67 63
71 31
54 71
24 75
10 44
47 41
9 38
1 74
5 48
2 3
17 46
3 31
74 11
8 78
29 60
72 59
10 6
52 60
58 27
28 56
22 69
10 65
30 38
30 4
22 50
8 32
41 13
43 78
11 51
17 43
57 66
67 68
33 28
53 26
5 53
36 58
41 49
54 65
60 26
55 28
5 74
20 44
71 59
72 22
64 41
78 17
27 61
50 21
39 75
12 57
5 24
21 43
9 66
60 67
59 32
68 5
61 32
25 67
57 62
23 71
45 73
38 1
5 60
79 44
48 57
10 30
21 44
17 41
69 54
69 31
63 48
34 68
30 1
37 1
17 70
17 74
79 57
20 8
43 3
21 59
4 29
51 6
59 69
23 66
25 73
77 4
71 48
64 65
64 7
3 21
4 44
5 25
14 64
67 19
11 10
51 52
50 19
29 20
54 75
13 34
3 25
11 33
10 60
25 51
76 77
29 28
48 54
74 26
38 77
55 43
63 35
67 52
10 42
42 75
4 27
55 17
30 67
47 1
54 0
7 75
29 6
25 57
64 73
64 17
23 6
3 40
69 9
14 67
77 66
68 66
20 54
54 77
75 19
24 59
33 42
70 22
4 3
60 25
40 23
44 14
11 73
48 22
11 18
1 40
45 28
23 37
51 15
77 26
33 3
46 67
79 58
48 16
8 71
65 67
71 51
17 49
1 66
8 18
30 12
1 64
5 11
17 32
59 63
8 76
11 29
27 67
11 25
41 48
58 43
31 60
60 11
59 47
51 0
44 24
28 76
9 74
4 28
36 5
67 1
69 65
69 76
77 68
76 37
35 3
69 78
4 40
34 41
46 43
10 23
43 45
61 48
4 47
17 27
68 58
23 7
75 45
58 59
11 7
8 22
3 63
24 66
73 61
28 16
73 9
79 1
6 22
52 69
13 35
72 51
64 42
6 28
67 71
41 72
46 25
78 77
57 77
69 35
54 73
36 75
46 37
3 74
18 46
65 76
48 46
40 8
29 39
71 70
21 55
53 60
26 14
29 32
36 28
59 67
24 67
79 77
1 34
8 36
43 12
44 64
58 32
12 78
34 39
13 22
1 3
64 52
44 61
78 21
71 11
66 41
51 27
48 17
67 74
29 44
5 54
46 36
76 25
54 41
21 27
19 57
40 46
52 30
29 15
47 77
15 76
38 75
54 11
78 35
66 45
73 66
2 61
54 74
64 79
15 57
10 50
5 71
48 75
4 42
68 71
50 76
30 11
63 66
18 10
4 22
75 79
35 27
22 65
14 75
41 53
23 64
65 34
79 30
27 10
43 34
46 1
13 59
24 10
62 73
51 73
47 10
34 71
65 71
66 47
11 42
54 64
70 23
34 16
34 64
29 12
79 29
26 61
30 72
77 0
60 23
23 53
67 78
9 8
50 68
40 5
67 51
35 24
3 24
46 68
71 26
30 43
75 35
60 24
49 10
20 50
53 22
33 44
49 50
76 4
51 54
2 21
11 36
8 19
76 22
21 9
18 73
66 19
50 51
41 0
4 49
73 44
2 73
55 9
10 67
45 59
71 47
64 67
5 78
29 54
3 69
77 33
68 4
77 48
75 41
46 10
26 62
48 45
79 22
54 8
8 6
11 48
73 36
16 3
5 64
27 75
27 46
21 49
39 21
44 65
20 78
28 47
69 11
3 64
43 65
14 35
21 54
26 34
5 3
17 4
69 5
47 48
17 21
49 73
48 35
38 51
64 60
57 14
10 15
29 23
41 1
75 4
2 77
1 53
10 20
41 42
28 70
28 64
47 67
8 33
71 1
4 74
75 22
48 67
33 39
68 21
5 38
16 59
11 63
18 41
9 12
52 1
24 48
73 1
22 55
77 24
39 77
3 30
39 50
16 78
44 57
77 16
67 4
77 64
57 64
49 34
3 66
43 4
68 11
35 37
46 78
40 67
1 48
18 58
19 29
20 34
34 18
29 62
53 4
26 75
52 54
51 23
57 55
34 10
60 79
75 33
10 75
17 72
26 40
12 41
30 31
16 50
67 73
52 50
17 60
10 33
11 40
28 49
29 73
67 42
9 33
73 59
58 67
4 54
64 29
17 31
24 29
11 44
24 51
53 51
66 10
6 43
64 8
35 25
11 57
61 31
1 32
27 29
26 70
19 44
61 11
54 1
48 28
36 26
45 23
12 51
70 51
26 3
51 5
37 44
51 62
29 33
21 25
41 61
76 75
30 57
63 71
21 15
77 23
28 2
0 46
24 26
9 50
61 77
10 9
29 31
53 57
66 46
51 79
24 17
57 74
77 70
28 9
64 35
59 0
28 17
34 58
58 62
37 51
66 21
39 43
77 3
8 57
58 78
69 50
30 78
49 71
77 6
61 1
41 57
38 78
45 3
15 46
4 13
14 17
34 33
47 75
46 64
39 69
28 46
76 2
29 59
39 51
10 76
59 17
61 34
34 60
61 5
29 63
41 16
43 67
30 51
21 24
12 17
0 60
9 62
10 54
31 9
23 8
70 34
72 58
11 55
43 56
73 7
41 11
35 23
58 17
70 41
31 41
49 23
48 8
67 32
51 21
17 11
59 2
17 9
9 56
64 39
8 79
5 0
4 38
78 53
27 30
63 34
0 3
75 65
62 30
76 63
31 66
48 21
65 26
17 30
61 35
38 28
31 48
19 71
35 53
74 60
49 8
75 11
12 21
28 52
5 27
68 75
72 78
51 34
76 66
67 35
61 43
40 9
19 11
10 72
28 0
30 56
31 44
26 56
0 76
56 29
63 61
2 66
39 4
12 3
37 57
13 8
23 57
52 9
71 29
71 15
4 62
4 71
35 33
49 58
32 34
24 30
29 9
60 33
44 32
44 5
66 18
26 49
35 55
63 75
9 79
15 66
76 38
31 64
16 10
46 34
26 63
27 34
52 66
27 77
70 30
3 15
50 40
63 54
76 31
66 4
51 78
10 4
43 53
12 46
20 4
69 29
22 19
6 54
26 27
41 39
35 30
34 69
44 50
3 54
54 42
13 1
41 8
33 22
11 32
73 0
6 35
57 70
8 27
48 4
50 42
41 26
47 23
60 43
11 58
62 17
76 23
21 70
59 19
51 36
10 61
73 50
72 9
14 59
29 72
28 39
79 54
41 69
62 23
29 50
1 78
26 19
39 57
34 25
66 36
61 68
54 56
39 8
22 43
38 22
74 46
71 18
18 64
14 69
13 77
0 78
48 34
11 4
46 49
71 78
29 37
73 39
19 17
38 41
67 45
76 16
4 12
9 77
54 40
43 79
12 64
37 48
22 41
1 62
54 14
63 51
16 29
70 1
14 76
21 72
8 10
9 1
3 52
37 8
50 35
73 17
29 5
42 58
25 54
46 31
34 5
49 30
17 52
50 75
3 50
77 20
73 57
59 30
76 74
44 69
35 68
34 66
50 58
46 20
36 71
54 55
52 35
10 5
62 48
17 68
50 57
31 22
59 79
64 27
32 76
34 17
77 52
43 15
22 68
22 9
6 61
21 62
66 79
56 1
60 30
42 17
67 56
54 17
9 2
26 42
30 73
1 16
29 21
19 64
58 70
43 74
10 79
28 61
64 72
54 18
56 50
61 3
44 75
30 47
28 40
58 76
36 35
77 36
57 56
58 21
43 77
1 69
61 51
4 61
26 48
3 75
58 73
64 22
72 43
13 28
75 23
20 60
37 26
19 3
37 60
67 54
73 55
42 73
69 28
45 41
36 34
43 44
78 25
40 21
13 9
45 69
76 41
13 60
21 16
28 1
53 77
63 8
43 75
37 10
29 40
56 17
11 26
30 48
15 73
30 39
35 62
69 4
54 61
78 41
28 71
28 25
28 43
47 57
3 29
79 28
6 5
10 39
52 58
56 69
9 15
62 59
29 61
22 21
1 76
47 21
66 33
36 1
66 12
3 20
2 5
65 60
8 21
1 12
32 78
67 5
60 51
46 45
17 5
70 50
23 55
11 79
53 59
22 34
11 9
57 72
32 10
44 71
62 54
76 45
8 58
71 27
1 11
64 50
59 75
64 47
76 19
60 58
73 37
36 29
60 63
26 31
6 17
7 33
26 15
54 66
1 42
67 57
28 42
1 75
17 16
26 39
26 38
8 1
48 20
48 72
65 78
32 30
22 61
53 29
17 71
25 43
5 66
66 65
10 43
41 30
16 67
8 75
43 42
19 35
22 60
58 44
20 59
11 66
71 38
15 35
46 70
43 13
78 26
0 35
70 5
53 46
78 74
31 5
30 2
58 15
1 25
26 50
62 76
65 59
54 19
14 34
26 4
45 5
7 21
34 19
20 22
26 18
52 78
60 28
41 40
57 13
0 34
5 76
54 2
22 7
42 71
8 26
28 23
11 21
0 22
46 71
38 34
11 45
7 10
25 26
32 3
34 75
70 64
3 67
57 4
54 46
22 56
60 75
66 72
34 40
9 26
10 53
35 11
67 76
60 46
44 8
61 23
10 19
52 75
55 44
7 71
14 8
77 45
38 17
6 1
12 26
38 10
43 48
58 51
75 73
26 21
1 18
30 22
52 44
36 17
49 67
37 21
55 78
76 51
39 61
26 16
28 5
49 75
11 64
33 6
78 63
59 15
9 32
39 54
13 54
10 70
3 56
48 13
2 58
9 37
40 59
12 54
67 79
68 8
1 60
25 10
56 10
7 58
40 76
66 8
30 14
4 7
35 49
30 19
33 59
46 38
38 69
48 40
29 48
47 8
32 28
23 68
32 71
21 18
41 58
38 64
33 48
3 53
5 72
54 27
50 36
60 12
10 3
70 69
9 63
46 35
29 76
78 33
66 14
46 8
59 4
44 74
23 69
8 61
16 22
15 64
5 43
64 36
25 44
53 11
23 11
3 58
59 54
23 50
79 61
58 56
36 67
24 64
27 73
54 35
54 60
11 22
54 22
71 14
12 59
75 6
14 22
21 20
10 63
40 44
52 43
69 2
19 48
7 8
18 57
40 22
59 77
34 57
51 19
61 24
36 57
4 51
37 28
3 38
71 3
28 65
29 67
67 37
58 46
59 23
14 43
37 22
50 65
76 72
64 78
24 71
77 58
47 76
57 49
22 63
5 13
72 3
8 42
9 34
41 24
73 16
7 43
73 72
53 44
20 76
23 2
51 32
17 44
30 29
62 10
46 72
59 38
79 76
57 65
23 27
77 49
69 48
17 25
61 62
5 42
35 77
46 39
9 20
51 3
13 67
14 28
78 57
12 73
51 33
72 33
16 4
17 76
38 48
64 45
4 72
66 49
71 10
60 62
30 46
50 37
46 50
21 30
66 6
46 42
28 30
74 50
8 29
13 50
17 37
67 41
22 36
35 5
68 43
16 23
37 59
24 73
71 73
24 28
70 61
4 15
40 10
10 31
5 37
41 62
58 14
33 67
23 78
50 41
66 26
26 52
21 53
17 3
77 32
23 25
44 26
8 5
60 32
47 50
11 16
22 47
33 38
38 21
57 61
61 67
47 9
35 9
30 15
34 45
12 48
65 11
17 7
41 55
73 34
28 20
24 76
5 62
8 52
57 75
61 12
78 34
51 77
22 67
35 79
57 6
63 57
59 61
14 10
7 29
40 51
44 51
16 44
57 5
30 9
8 38
38 57
34 59
61 17
30 42
34 53
29 38
75 12
73 60
10 69
41 29
9 64
55 29
29 75
2 43
54 7
57 27
9 41
18 67
17 23
28 66
2 75
59 51
0 48
1 7
11 47
51 48
18 69
22 73
19 69
22 78
4 8
44 13
28 68
6 21
43 35
17 67
46 26
41 60
35 72
76 33
69 47
21 64
78 62
57 16
17 65
31 54
46 62
56 76
14 51
78 28
50 61
58 19
37 77
56 34
50 38
34 37
48 74
56 11
28 73
13 46
0 10
50 54
51 47
59 28
60 40
10 58
7 69
78 4
76 55
1 21
73 20
58 9
33 43
51 66
24 58
22 24
34 76
36 41
40 77
5 50
27 69
47 3
63 43
77 5
73 6
17 77
57 31
64 33
53 67
28 18
14 9
54 16
73 70
21 34
63 64
59 1
77 21
2 46
55 48
50 6
55 10
69 17
9 43
35 60
22 23
11 70
54 23
29 52
43 76
72 44
55 50
46 9
3 62
2 64
15 54
35 31
48 58
40 57
7 77
24 69
19 43
70 8
64 76
60 47
26 69
43 18
65 9
60 38
59 46
45 8
79 48
5 55
12 69
23 48
50 66
16 35
75 62
51 65
64 4
69 43
51 56
76 54
54 53
41 10
4 18
39 67
74 35
11 46
55 34
74 28
4 0
44 35
3 57
5 18
79 34
29 43
73 10
23 13
51 75
7 67
43 41
29 78
6 58
50 45
56 77
9 67
2 71
16 51
11 78
64 56
28 41
67 20
43 37
44 23
25 77
57 0
73 8
10 64
22 39
59 52
65 8
5 15
53 73
22 58
59 64
25 4
26 7
54 32
28 26
55 46
43 73
8 60
20 5
5 26
68 10
50 1
66 48
6 34
51 46
69 49
42 29
26 55
21 60
59 43
3 37
38 44
50 78
74 73
53 28
77 18
77 75
68 29
33 17
19 9
49 1
33 58
23 26
66 44
32 69
9 24
9 23
27 22
15 69
42 61
71 56
50 79
79 69
47 46
23 12
60 77
59 5
8 17
1 0
18 29
7 61
59 50
26 30
44 46
0 44
59 31
34 74
23 67
40 43
3 11
64 68
77 55
55 51
43 50
10 77
62 64
46 76
44 15
78 13
23 42
45 61
69 46
66 38
51 8
17 75
74 21
10 52
44 67
54 44
52 11
78 40
50 18
22 32
14 60
74 51
35 58
13 11
50 32
57 28
50 33
71 39
60 71
29 66
22 42
4 70
14 77
75 5
2 34
33 54
3 28
19 60
71 21
2 8
21 69
59 66
5 16
74 22
17 40
1 31
43 16
29 70
61 76
61 33
23 1
8 59
54 45
31 58
30 63
63 1
75 56
38 67
31 73
30 44
20 1
8 25
78 47
74 41
64 26
26 68
67 55
75 32
68 57