80
39 38 38 35 39 38 22 27 37 34 27 29 29 30 20 33 23 36 22 27 23 28 20 25 23 25 20 22 33 32 23 35 26 25 28 25 36 40 24 34 20 34 26 35 30 30 24 34 37 33 34 25 29 29 20 23 24 22 24 21 32 22 35 29 33 39 38 38 34 34 26 29 25 32 28 34 36 34 39 25
20
48 30 49 22 50 46 22 25 26 38 45 39 42 36 20 32 27 23 25 40
2072
29 79
65 11
22 64
29 54
16 33
58 51
64 40
42 15
74 24
13 46
4 79
9 53
38 19
42 12
16 50
51 27
13 55
29 22
36 25
6 13
20 63
47 36
9 64
27 75
57 29
68 79
37 54
24 34
11 57
49 71
53 59
65 49
77 9
55 33
48 45
31 63
7 54
63 51
66 46
59 58
5 50
19 74
37 69
19 63
44 7
64 44
20 46
9 78
36 6
9 59
17 63
21 6
4 35
36 13
34 14
74 6
63 26
70 16
11 62
11 58
55 43
47 9
3 69
19 72
8 11
9 4
42 55
2 64
46 0
46 31
46 4
34 1
11 60
59 61
16 28
46 67
4 32
53 25
43 6
7 46
18 65
50 34
60 1
57 69
36 27
1 50
59 54
25 49
13 1
69 41
33 32
42 51
66 64
20 6
5 47
58 19
28 18
48 22
47 38
6 63
6 22
79 28
32 26
78 3
40 9
48 13
67 78
18 30
5 77
42 32
71 22
68 12
5 26
21 24
58 8
56 76
24 72
29 32
74 14
39 47
5 40
36 78
33 79
78 71
72 2
72 62
79 39
73 18
58 60
16 68
12 35
2 79
11 55
9 56
59 22
13 44
45 6
21 35
9 46
14 72
64 10
79 3
6 44
35 72
16 77
42 50
0 79
65 72
42 13
11 67
36 77
11 37
31 18
27 17
20 40
6 77
6 39
9 65
29 69
21 23
15 27
34 70
63 27
3 0
33 5
23 74
14 42
13 51
12 61
74 17
60 49
30 66
56 47
21 78
45 10
54 78
32 49
72 75
10 4
64 5
6 33
61 60
49 18
28 60
7 77
34 8
21 29
75 20
54 57
25 61
31 16
45 39
58 45
69 60
48 63
43 30
46 44
37 64
56 4
52 54
5 6
22 36
79 11
38 20
9 54
15 5
39 26
77 27
70 42
50 7
59 25
70 21
9 45
13 64
62 60
5 65
53 19
17 60
27 65
33 15
9 6
60 72
6 24
75 21
52 11
69 13
46 68
76 58
54 69
78 60
63 57
61 21
35 58
42 58
23 19
9 11
22 38
1 63
34 22
27 41
27 7
21 10
22 69
41 59
13 37
43 13
30 72
70 13
72 4
39 50
51 25
57 64
38 48
33 68
60 6
13 61
32 45
66 9
26 78
23 78
29 15
9 68
4 59
69 10
60 29
29 39
3 60
70 3
36 51
1 71
71 25
44 65
54 76
28 72
7 58
19 0
46 5
29 3
65 48
16 49
29 63
18 50
60 39
72 32
38 4
36 18
56 50
4 12
64 63
78 64
2 46
21 18
71 10
11 44
32 10
56 77
74 42
16 56
74 73
71 45
74 30
59 17
72 27
43 67
31 21
59 42
12 28
79 60
36 74
2 7
62 69
6 35
3 67
37 39
66 12
12 13
56 65
26 25
55 36
5 24
0 60
75 56
57 60
14 59
65 24
68 78
44 5
2 78
11 72
69 5
29 46
21 14
27 26
66 21
70 36
18 64
37 36
75 74
38 13
62 12
19 7
61 11
11 35
22 72
48 67
54 8
9 15
28 35
10 14
25 14
71 60
68 63
19 32
29 41
46 30
19 22
48 23
13 40
4 19
13 68
13 58
73 5
46 19
71 70
51 78
6 27
34 66
15 7
7 63
12 54
32 9
12 70
41 71
66 48
72 56
54 24
47 74
75 48
27 71
72 48
45 42
48 52
38 73
9 18
64 79
13 65
60 74
6 58
79 49
6 69
16 45
52 20
13 28
34 58
17 3
21 57
23 36
28 54
40 29
6 56
64 38
47 72
6 30
11 32
48 56
49 43
65 47
43 20
65 69
40 36
5 76
28 46
54 40
74 43
61 74
5 72
5 37
67 19
55 59
78 61
62 6
5 79
73 71
77 34
56 63
16 3
7 10
39 40
78 31
55 20
9 12
78 38
43 71
51 32
23 72
44 54
71 42
25 74
49 42
6 18
69 32
41 50
66 71
49 6
9 16
66 43
38 8
36 75
42 5
63 47
31 27
42 2
23 46
77 12
71 44
28 6
38 50
19 34
57 65
59 10
17 58
68 20
3 25
20 70
0 74
56 25
0 20
60 26
11 3
74 58
62 20
68 65
58 47
34 37
16 5
9 72
46 6
38 29
45 74
27 42
10 58
51 65
0 25
45 18
70 29
55 60
71 65
23 63
30 13
39 12
33 50
70 72
74 15
20 49
46 59
7 45
70 10
18 51
30 41
32 7
78 56
12 29
42 68
70 54
5 45
64 1
12 65
62 27
33 71
27 45
19 78
38 49
69 17
7 67
65 77
36 28
13 75
43 40
43 37
48 54
48 49
77 25
46 50
37 12
62 74
34 27
33 13
49 74
10 46
38 51
72 33
49 33
78 57
32 70
13 62
59 21
2 21
74 22
46 1
39 5
74 2
15 3
24 12
31 29
26 18
15 35
61 46
51 39
74 9
43 14
38 10
39 20
63 30
48 6
63 61
69 18
43 51
61 54
3 6
61 79
1 20
13 21
25 42
4 39
52 6
16 54
14 30
39 65
33 12
3 71
6 76
35 55
65 41
52 16
30 78
12 17
25 46
28 27
20 11
20 54
32 17
39 18
54 74
71 14
79 14
41 13
61 50
12 0
39 25
58 48
63 41
8 72
56 5
3 1
73 59
17 38
22 11
79 15
32 78
48 46
54 10
27 1
56 10
16 55
15 58
76 19
68 71
16 42
37 56
4 27
33 11
20 59
54 23
42 17
25 28
0 54
54 11
43 1
60 21
62 65
18 0
75 38
64 41
59 12
4 11
6 61
57 30
6 23
46 35
52 3
46 47
4 74
69 39
51 21
70 58
67 65
66 38
47 54
9 8
30 2
27 3
25 72
63 2
19 17
30 53
3 45
38 25
34 36
53 65
17 35
58 14
36 79
18 62
33 78
7 23
69 63
38 70
59 8
54 53
27 38
69 25
71 23
5 19
69 74
52 13
36 2
36 66
65 28
51 56
23 10
55 6
38 2
64 24
17 21
62 64
64 36
4 25
32 24
69 58
72 36
78 55
29 51
59 44
79 19
30 4
43 7
7 79
55 25
75 43
34 5
39 28
26 20
59 0
11 2
7 57
39 68
3 49
76 46
30 62
11 74
46 60
39 72
59 6
73 78
10 0
72 58
46 56
1 58
73 50
3 51
77 72
69 33
16 59
44 30
65 15
29 26
21 0
24 38
37 60
69 0
42 30
70 6
77 78
38 7
48 34
75 34
74 10
25 21
6 66
69 44
16 36
49 12
11 10
53 29
6 71
11 66
56 31
24 69
71 76
14 69
52 18
10 79
66 74
1 42
42 53
68 3
12 75
28 63
10 49
56 62
53 20
16 21
38 0
5 57
25 11
58 63
52 5
34 33
19 48
12 26
52 36
36 46
74 50
6 8
68 32
52 33
39 30
46 32
40 48
69 71
63 11
76 27
16 75
18 35
37 59
40 33
78 48
35 19
33 65
56 18
25 65
33 64
7 26
76 21
7 13
79 78
73 34
12 10
59 3
71 47
35 66
43 19
16 20
58 23
69 48
12 47
74 8
40 59
64 65
73 60
23 38
56 43
72 61
68 43
76 79
65 34
65 74
71 32
50 8
60 38
29 45
22 50
68 34
61 20
25 62
40 58
64 42
21 42
69 8
6 57
15 6
4 63
27 50
77 32
53 69
40 25
61 65
54 35
38 44
13 79
10 5
58 9
68 56
18 17
39 7
18 48
52 42
47 33
50 31
25 73
36 45
68 27
30 9
30 23
58 32
55 27
25 63
59 38
7 56
41 56
3 32
12 27
63 77
38 16
22 78
5 30
0 63
66 63
31 60
16 46
8 33
74 70
24 71
78 12
38 54
64 39
67 34
26 46
79 32
15 60
22 21
71 39
47 16
3 63
44 34
13 26
69 52
50 29
32 54
16 23
39 55
0 71
67 63
9 51
40 50
7 64
30 35
13 59
62 46
10 22
56 45
15 10
8 56
68 58
61 38
8 30
39 78
17 34
3 21
12 31
3 66
25 75
76 32
27 61
37 18
48 51
32 34
79 56
12 76
27 56
55 3
73 6
4 48
26 48
39 46
71 8
20 58
25 6
60 75
78 45
52 78
73 46
30 67
79 1
49 7
67 72
14 3
34 51
75 5
59 29
12 15
30 21
29 67
43 12
58 67
7 5
64 32
31 19
17 64
20 71
1 11
30 12
12 20
43 63
56 57
79 67
75 10
25 76
58 21
42 19
71 30
34 9
26 58
11 21
11 41
16 13
36 15
2 71
26 21
50 44
17 10
76 64
10 30
66 78
18 71
2 9
43 45
56 11
21 43
8 21
74 18
65 79
30 79
4 42
77 39
56 3
22 9
63 59
68 10
67 39
38 42
53 16
54 33
74 56
11 76
12 23
24 13
23 79
3 5
46 33
32 38
28 9
78 18
13 63
57 46
57 58
44 25
79 37
7 12
52 39
5 78
40 27
72 16
30 61
35 5
6 32
26 74
54 6
13 73
36 30
11 24
27 49
13 71
66 54
55 5
63 35
38 28
7 71
5 53
7 11
43 70
35 65
47 21
32 62
61 16
71 31
13 76
14 48
32 43
56 39
78 28
60 77
52 64
47 43
70 79
48 2
60 43
54 43
1 9
33 56
75 65
19 9
40 19
35 47
74 44
62 50
79 50
7 30
10 8
72 69
59 78
52 29
54 2
5 68
73 12
1 56
34 29
29 5
26 3
13 0
1 19
67 33
34 28
43 53
8 64
14 50
18 54
23 56
20 79
3 19
34 69
31 11
64 14
16 15
31 74
16 71
12 56
78 42
19 56
43 78
37 3
74 28
18 72
26 9
27 33
1 12
49 5
3 34
3 50
27 43
71 56
33 20
74 13
43 72
32 1
65 73
66 33
31 54
65 76
1 39
63 73
76 16
46 78
77 54
10 78
28 42
29 76
14 56
26 72
18 46
41 54
37 50
25 33
30 31
16 10
63 39
45 72
8 16
5 12
74 68
16 51
57 59
1 35
12 22
20 48
31 34
69 31
35 50
47 42
20 19
30 38
39 59
17 72
30 54
36 4
25 68
70 78
33 74
5 41
34 39
2 39
18 68
60 63
59 36
72 7
61 5
47 60
31 20
42 75
56 35
54 55
31 5
35 22
46 70
5 70
34 59
38 57
33 19
71 57
26 71
64 74
76 63
34 15
29 20
74 29
9 7
17 20
32 59
52 65
27 10
6 42
41 18
47 79
18 42
38 45
22 30
27 70
15 72
27 30
14 12
61 64
56 55
9 14
49 56
33 30
0 64
33 58
18 33
8 65
1 10
72 54
55 65
46 22
1 36
79 31
11 16
26 6
77 29
12 8
75 7
0 50
39 75
30 24
6 41
13 72
39 17
58 53
58 61
26 54
14 5
66 7
54 79
27 52
45 25
32 35
54 22
6 51
69 16
65 38
36 68
23 11
48 47
5 17
14 33
46 3
44 32
39 53
56 28
2 33
34 78
60 48
33 28
69 27
56 34
18 79
46 43
44 29
32 65
20 21
62 38
39 58
38 1
59 5
60 76
73 56
28 3
58 28
54 3
18 16
27 58
41 7
6 2
38 37
35 37
60 42
62 16
15 56
16 30
5 62
61 7
7 62
32 36
51 74
60 16
79 51
60 52
16 43
63 14
54 15
26 42
21 64
69 9
28 29
54 71
70 33
79 17
63 78
43 11
5 11
56 42
26 33
56 26
56 2
40 16
54 60
16 73
1 72
59 2
63 10
18 24
35 2
56 53
26 16
40 65
73 79
29 72
54 51
48 25
50 71
34 4
2 19
58 3
64 25
53 32
31 59
67 50
40 32
11 42
60 44
54 65
48 79
37 58
13 54
42 65
30 58
65 43
25 15
20 73
29 42
74 59
36 12
57 12
25 10
42 37
50 17
46 77
19 54
54 46
53 60
18 55
18 1
77 43
36 56
44 27
29 36
75 63
23 50
19 36
50 4
71 77
56 13
16 2
14 32
18 57
78 50
10 37
51 71
73 69
63 18
25 30
65 58
79 8
28 5
78 53
21 1
32 0
64 72
16 24
49 9
7 34
55 10
67 16
58 52
56 32
17 71
23 64
76 38
7 47
78 41
71 36
40 6
52 50
66 65
35 68
30 60
21 39
56 20
48 11
77 21
19 65
43 64
60 12
19 52
18 43
11 38
37 74
79 57
35 59
34 60
56 38
68 60
75 6
64 71
45 60
2 29
25 52
12 44
37 33
78 76
25 35
72 50
44 21
20 74
31 65
20 77
12 41
29 49
64 73
51 35
50 2
10 52
64 35
33 60
27 39
9 70
34 23
21 65
65 60
74 7
75 32
45 79
33 17
58 44
47 13
58 29
8 42
44 63
48 71
6 11
78 58
17 54
74 32
59 72
77 38
21 7
19 21
58 66
79 66
3 23
63 9
35 75
33 38
74 77
46 51
67 69
57 50
60 14
39 74
7 35
60 7
64 56
52 35
5 71
70 25
42 23
62 58
71 62
48 16
19 44
7 25
21 48
20 64
29 19
40 11
50 60
41 72
63 54
48 32
31 58
72 57
38 14
47 6
54 5
21 69
73 72
36 0
68 48
0 9
12 6
0 33
6 53
18 38
8 3
42 40
54 75
20 3
31 32
57 74
73 27
54 14
24 63
62 19
54 25
41 34
64 12
62 54
23 59
67 9
79 25
15 32
39 66
1 30
17 46
25 12
25 34
28 48
5 58
10 18
35 70
30 52
6 79
66 42
43 34
0 35
9 27
58 73
47 27
33 63
15 78
13 19
56 29
7 59
46 58
78 27
65 10
77 10
61 34
69 4
19 37
47 78
65 36
68 7
16 19
29 11
15 63
67 42
9 13
25 19
70 63
6 10
5 36
1 25
36 8
30 29
47 29
67 59
57 32
26 36
37 9
33 45
63 50
27 29
10 13
27 24
8 46
69 61
7 42
43 38
39 0
25 43
27 14
60 9
14 18
35 20
9 29
6 19
48 1
19 41
3 4
62 63
72 78
40 69
0 48
41 46
34 16
4 13
10 26
77 35
53 64
21 9
73 21
58 24
59 18
74 41
46 42
56 52
66 56
4 54
58 64
6 72
17 36
56 0
15 13
24 50
13 53
29 68
48 7
42 20
46 45
12 3
21 36
7 8
78 49
9 5
39 22
54 21
72 3
22 7
30 37
58 36
46 24
57 19
1 33
29 10
69 76
23 9
38 26
20 36
13 31
29 64
11 13
4 5
9 17
77 33
49 58
39 32
77 42
58 77
21 4
60 19
63 65
18 58
65 26
63 36
58 12
16 57
36 67
60 36
25 17
20 34
16 39
61 18
24 56
21 56
71 67
32 41
59 56
71 58
42 22
24 79
69 36
43 2
14 11
27 74
53 3
32 16
59 66
60 70
79 27
9 20
48 30
63 45
57 27
79 59
22 58
54 42
47 18
69 7
22 3
55 32
54 67
50 36
75 79
19 73
11 73
14 36
13 29
79 41
32 50
67 38
32 21
58 0
46 69
66 10
44 78
16 25
52 59
40 3
66 69
75 78
64 3
21 15
63 16
61 71
76 7
35 8
1 69
15 48
3 74
64 6
17 43
1 59
4 43
45 54
79 77
26 79
72 37
34 49
39 13
19 18
56 60
50 76
2 34
27 59
43 15
64 55
25 31
23 65
12 32
53 48
66 72
78 62
18 15
29 33
24 19
75 71
23 35
14 20
3 30
41 16
58 79
21 62
19 12
6 38
2 58
25 57
48 74
29 43
35 69
51 33
59 60
46 37
68 6
53 27
18 12
20 78
0 27
40 30
29 75
11 0
22 79
33 21
58 25
27 54
18 40
16 64
73 7
48 50
44 56
65 22
69 78
49 21
13 3
69 23
43 28
39 8
30 76
69 38
46 15
27 35
3 77
60 40
45 34
61 56
6 50
73 32
52 43
70 48
49 72
69 56
8 19
69 2
75 18
35 34
59 43
46 27
51 12
69 55
50 25
57 34
34 6
24 78
20 50
40 78
79 42
15 71
69 79
51 60
32 47
63 32
39 11
49 63
75 58
13 35
35 78
54 1
19 10
77 48
36 7
57 13
61 19
51 72
33 53
54 68
55 9
64 60
49 46
38 31
53 36
59 48
17 30
18 76
43 26
74 16
9 38
67 56
59 76
4 58
12 69
71 9
7 51
35 67
22 63
51 10
36 38
42 0
27 37
37 48
5 51
58 43
35 45
3 75
63 5
68 38
18 70
61 32
29 25
8 43
14 19
41 60
20 69
7 33
26 35
46 75
77 13
35 53
43 50
19 39
7 31
39 14
39 54
6 67
56 30
50 21
34 26
65 45
14 13
27 11
70 39
41 58
21 27
21 67
39 49
48 17
24 25
79 43
29 66
18 53
38 3
71 59
38 35
42 34
41 21
79 44
72 44
7 70
8 29
55 30
59 24
49 13
9 25
50 55
37 71
4 64
28 21
4 71
20 10
29 48
72 0
6 31
34 10
29 71
16 58
43 0
35 71
54 50
73 30
7 40
5 43
25 78
10 60
14 35
17 11
62 79
48 5
16 22
64 54
33 75
24 29
55 48
56 70
7 52
64 67
36 11
30 0
60 35
38 5
66 16
38 58
42 63
28 32
46 65
16 27
40 10
2 10
19 55
65 2
4 60
79 16
18 77
65 50
56 17
54 49
11 46
74 1
53 10
2 12
18 34
42 69
72 76
3 7
65 30
10 72
41 25
4 33
25 37
11 34
21 5
71 11
29 62
64 34
45 13
5 1
47 3
39 23
10 28
16 35
48 8
50 10
48 27
40 56
78 11
72 68
34 54
65 59
29 23
13 34
43 69
20 7
53 7
73 29
40 35
49 36
29 35
38 41
8 78
18 44
34 76
58 50
30 20
32 30
34 62
68 21
20 4
78 13
60 24
19 66
55 58
37 21
35 74
72 31
18 4
72 20
12 16
45 12
67 12
19 71
55 7
9 79
49 35
74 67
47 34
50 66
54 36
53 50
48 12
21 45
28 7
12 11
37 32
63 8
29 61
74 78
23 43
34 0
55 29
5 0
71 28
24 20
74 76
30 34
25 47
62 59
18 3
5 74
22 43
46 64
53 11
33 59
63 37
9 50
46 14
24 7
47 10
22 33
31 64
3 2
50 13
13 17
12 50
48 64
18 29
35 79
18 11
22 56
52 32
39 38
27 19
3 65
15 38
42 72
75 9
33 23
39 15
44 16
70 65
27 64
65 20
9 52
73 54
18 7
10 67