30
25 28 20 36 20 40 38 36 35 23 37 26 38 38 21 29 28 38 24 39 37 26 20 22 23 30 40 38 30 22
6
28 28 41 49 42 46
363
5 27
15 9
3 5
7 2
17 11
14 5
28 17
21 7
15 2
15 6
5 0
12 21
14 21
10 9
23 5
8 7
8 9
3 15
13 2
27 20
7 12
9 26
25 9
21 8
22 10
28 7
3 12
9 22
0 3
21 5
8 4
22 17
17 26
8 5
9 24
18 4
14 26
26 21
0 28
4 24
22 5
11 26
3 11
8 13
2 27
20 21
16 15
10 28
29 11
12 4
4 6
14 24
8 10
8 11
7 6
0 19
14 7
17 19
25 26
22 25
3 6
19 4
3 29
11 1
8 26
23 0
10 7
24 16
17 6
0 16
9 1
11 28
14 3
8 16
7 27
13 1
8 6
16 14
22 16
20 28
19 21
1 7
27 25
3 22
24 22
5 29
17 9
25 13
25 7
26 7
26 27
7 11
13 24
28 26
15 0
26 20
12 19
14 13
29 4
12 22
9 4
19 16
20 12
6 9
6 18
28 13
15 10
18 10
4 27
26 23
9 29
24 23
19 3
18 0
17 3
11 23
7 17
12 18
13 18
10 26
11 21
8 20
27 9
25 5
27 23
15 27
26 4
1 22
19 14
19 8
17 12
23 20
8 14
6 24
26 2
3 1
8 1
12 1
29 7
26 24
10 25
5 12
25 4
7 15
12 27
21 28
2 25
19 6
25 3
2 3
7 22
24 11
18 11
13 7
11 15
22 19
0 22
0 13
3 10
24 2
28 18
5 11
13 5
19 10
3 13
0 4
20 0
10 13
7 19
16 5
21 23
20 5
2 14
25 0
19 28
27 11
15 25
29 22
12 29
19 15
19 27
8 27
17 5
11 10
6 28
24 17
24 1
24 27
25 19
16 10
12 9
8 3
3 28
11 2
11 22
26 15
10 29
16 26
23 19
27 28
20 6
2 20
16 7
8 29
2 0
14 0
3 16
9 11
25 16
3 23
28 25
0 11
15 1
2 6
2 12
4 17
16 9
28 4
29 19
3 4
8 28
24 7
12 10
1 10
6 5
10 6
23 6
23 7
19 13
0 26
5 4
22 6
9 13
12 23
6 0
20 25
22 28
4 13
21 18
25 14
23 10
17 14
20 4
11 19
23 25
25 21
20 17
10 20
20 22
23 13
19 2
8 15
28 1
20 19
21 16
22 18
5 18
24 15
5 15
6 14
25 1
5 24
15 22
23 22
25 18
27 22
6 29
29 26
15 12
18 27
17 8
8 0
7 0
29 21
24 19
2 21
11 20
28 9
26 13
10 4
21 13
15 20
1 14
22 13
3 21
18 19
27 16
14 12
8 22
2 5
18 26
7 4
4 14
20 1
20 29
29 27
21 22
8 18
27 13
28 24
0 24
24 10
12 25
9 21
14 18
6 27
28 16
28 5
5 10
9 19
1 6
27 14
24 21
29 25
9 5
2 10
4 11
1 4
1 27
9 23
0 29
28 12
9 0
15 17
29 24
9 14
3 24
15 13
13 17
15 21
3 26
25 6
22 14
13 29
24 18
23 4
4 15
1 21
10 14
25 11
4 16
21 6
21 4
26 12
13 20
12 24
9 2
0 12
25 17
3 27
20 16
18 15
26 6
8 12
26 22
1 0
8 23
2 28
7 5
14 20
20 24
8 2
14 11