50
39 23 40 37 27 25 25 39 29 29 38 23 28 29 36 32 37 37 23 31 39 37 24 40 20 21 26 22 20 36 27 38 37 28 37 24 37 37 36 25 22 29 23 25 39 29 24 28 36 25
10
29 41 45 44 46 38 34 34 47 37
1062
30 37
26 18
4 6
12 41
43 35
4 32
29 15
28 12
19 27
24 29
22 33
10 33
16 48
38 3
20 15
20 8
20 33
24 10
39 0
17 28
10 27
36 3
22 40
4 35
31 47
21 10
24 22
11 30
29 46
20 32
28 14
47 45
12 6
19 43
23 16
10 34
16 18
26 42
5 42
34 8
28 35
37 29
29 40
34 23
20 1
25 7
7 45
12 45
34 44
2 5
11 4
10 32
26 31
17 31
12 3
39 8
17 10
10 3
33 42
44 18
9 33
36 10
12 43
13 15
16 3
25 48
45 26
8 33
19 48
14 15
32 29
37 20
47 39
22 13
21 29
7 10
6 36
13 48
31 42
13 30
19 42
19 32
7 46
42 15
18 24
3 11
25 35
24 1
17 35
3 35
21 49
33 36
19 6
11 44
3 18
40 49
3 4
45 5
43 9
5 25
27 17
40 7
18 10
39 34
19 24
41 48
40 12
14 2
10 45
6 8
13 2
26 41
37 38
44 30
34 40
42 32
13 7
27 35
44 48
6 20
44 46
5 8
29 19
29 22
25 20
30 49
44 24
2 40
14 24
39 23
48 27
25 29
11 27
25 45
42 27
17 33
29 5
49 34
22 37
32 1
16 11
17 44
26 13
16 8
26 30
46 6
28 44
45 43
23 10
30 5
37 39
29 42
26 49
31 8
0 48
47 46
49 9
11 47
27 4
26 8
28 23
12 0
0 49
25 37
45 9
36 5
6 32
47 16
32 12
11 12
28 4
13 5
37 26
26 47
29 43
7 42
46 41
42 34
11 19
39 13
46 25
21 16
37 2
41 16
27 21
29 39
1 14
16 22
4 8
8 13
21 4
8 29
35 5
7 27
23 20
14 39
6 49
32 30
13 14
21 15
4 25
26 44
6 3
5 44
46 39
36 9
31 24
7 30
8 9
40 30
45 11
15 45
21 8
40 23
46 0
7 11
14 41
43 36
43 8
27 2
45 29
11 34
1 12
20 24
31 2
10 11
22 0
32 2
24 46
30 16
10 14
11 43
46 38
24 34
1 34
29 2
16 49
46 33
28 33
7 43
45 46
22 31
28 6
26 28
19 39
46 15
18 6
35 24
35 36
38 20
40 32
9 46
11 25
22 21
31 19
21 28
17 38
3 29
18 29
40 36
32 47
46 30
48 21
25 30
44 36
49 19
21 24
19 41
40 1
45 8
40 38
31 46
28 13
21 35
2 44
12 42
28 0
20 7
28 10
14 0
26 3
47 5
20 47
33 44
10 25
44 8
49 37
45 23
46 37
23 1
17 9
25 26
35 38
36 0
7 37
42 41
48 36
3 33
42 40
5 4
32 7
23 43
27 37
42 45
29 35
28 43
48 49
14 21
6 40
11 6
6 45
13 6
22 45
5 19
28 2
23 47
15 24
26 23
0 33
10 46
14 46
13 33
2 35
14 18
24 17
30 1
36 25
13 12
45 35
36 20
8 30
11 32
5 15
23 21
39 31
23 38
47 42
38 0
34 27
30 34
25 49
38 16
34 7
44 47
5 22
43 15
16 1
37 35
31 43
44 25
4 24
28 18
2 24
37 10
12 16
48 34
1 13
3 47
16 5
9 12
35 15
19 9
34 33
33 18
22 8
9 23
15 22
22 25
31 28
6 42
7 41
23 32
24 8
15 31
16 24
48 32
42 10
38 39
10 30
16 13
9 39
33 43
36 31
48 31
18 17
26 22
48 11
3 20
0 31
22 4
11 2
16 46
44 6
31 49
17 22
13 35
25 31
29 28
2 22
29 27
43 13
12 7
33 25
28 38
17 47
35 19
19 38
23 35
19 22
17 30
35 44
41 24
20 14
49 10
9 40
44 38
48 2
34 9
37 6
34 25
19 1
8 48
35 47
28 19
34 22
8 40
23 44
3 39
7 39
20 17
41 1
27 30
13 40
32 18
9 7
42 24
28 11
33 41
47 49
38 15
15 16
25 41
9 0
38 25
40 18
35 33
33 39
15 4
6 0
9 35
26 1
1 0
43 18
40 43
18 5
14 7
28 37
43 24
10 41
27 31
0 4
6 24
23 11
36 8
44 1
22 7
6 7
24 36
9 11
41 0
1 47
22 3
36 49
1 5
17 12
9 41
10 22
4 16
23 29
37 33
44 0
29 41
16 27
9 4
38 27
8 37
26 0
12 22
5 31
3 9
35 16
48 43
13 11
42 37
43 20
39 27
36 15
32 28
5 41
15 11
11 33
15 32
19 34
39 21
27 0
29 13
22 38
20 40
42 28
25 13
23 33
38 13
26 14
25 2
4 41
44 14
36 11
41 15
16 7
4 43
10 43
26 10
13 24
45 40
0 10
18 25
37 14
24 45
11 37
34 38
22 43
47 41
15 48
48 5
20 39
11 0
29 34
37 3
4 13
32 9
28 48
9 2
43 14
23 25
11 20
18 27
46 36
45 33
1 6
38 26
21 0
43 2
35 32
27 23
1 31
46 40
19 30
8 10
36 18
31 6
47 9
0 16
21 42
15 12
38 45
36 38
15 39
28 15
26 7
48 20
29 26
47 25
13 3
6 16
47 8
18 38
4 34
45 19
6 9
33 49
2 49
12 5
3 46
17 40
2 39
14 23
9 14
39 36
40 16
19 13
49 13
5 10
48 18
29 6
25 14
36 12
12 10
13 46
28 36
3 17
3 45
4 44
42 23
24 47
44 22
32 39
48 42
37 40
20 0
9 24
22 6
35 10
1 37
3 32
14 27
44 37
9 48
4 39
7 44
12 2
6 41
7 47
20 2
9 13
26 46
41 8
22 28
21 1
3 24
22 39
41 18
6 14
29 0
49 23
17 48
42 36
9 38
20 46
23 18
14 42
41 11
33 31
12 24
36 4
19 37
28 41
21 20
25 8
25 1
47 27
5 14
14 31
42 9
40 4
39 12
33 40
26 40
33 24
40 19
27 46
10 13
25 12
19 14
6 2
48 37
37 15
47 36
42 17
5 38
28 30
31 21
7 18
18 12
6 47
9 21
17 11
27 33
38 32
24 49
19 25
44 29
38 10
1 36
49 38
4 1
34 47
3 27
25 21
12 19
19 26
27 43
49 29
17 4
19 20
43 30
39 35
2 47
8 17
9 5
24 30
32 43
0 30
6 27
46 12
26 4
13 31
27 26
2 41
37 5
49 28
6 23
2 17
48 40
37 47
31 41
41 22
33 15
39 11
35 6
22 48
33 21
32 5
14 34
28 9
49 32
12 35
45 48
24 38
27 41
0 25
45 20
24 39
7 33
3 25
43 38
46 19
41 23
1 10
37 31
15 49
27 12
13 44
23 46
30 36
33 19
46 2
45 27
43 3
27 5
26 48
6 15
42 39
14 11
34 20
41 49
41 3
39 44
30 20
46 21
45 44
5 23
20 13
14 8
16 19
14 17
45 2
43 44
35 0
19 36
4 45
41 44
30 35
28 46
49 7
43 25
45 18
20 22
49 43
49 45
26 15
15 10
36 26
44 32
27 44
8 28
38 6
23 12
17 39
18 19
41 30
26 32
37 23
10 19
3 14
44 42
18 15
33 16
2 38
22 47
18 13
13 47
38 41
10 48
38 11
20 26
18 21
22 32
45 31
48 39
17 15
1 27
21 5
21 40
32 16
3 40
7 28
0 5
29 16
24 7
17 6
7 21
14 16
32 25
0 45
34 2
11 29
37 43
12 37
35 26
5 33
33 32
43 42
15 47
47 21
30 15
30 6
24 23
3 44
49 27
37 9
48 6
43 41
49 20
29 36
18 20
1 48
20 4
1 2
29 20
35 34
17 46
17 23
3 31
42 20
40 15
31 7
31 29
9 25
17 43
19 4
27 36
47 0
34 16
21 11
43 47
13 27
3 1
43 21
34 18
39 1
20 12
8 49
18 39
8 42
21 6
25 39
21 3
1 38
13 0
23 31
11 40
13 42
20 27
4 7
14 45
29 7
24 11
29 17
10 2
40 41
38 42
14 36
23 30
14 35
1 7
15 27
26 17
12 31
8 11
28 5
40 44
48 24
16 37
27 22
46 5
3 48
5 11
12 44
34 6
33 6
28 3
5 7
27 8
24 26
6 25
39 40
39 49
10 4
1 8
16 2
49 5
41 39
34 15
15 1
7 36
11 26
16 36
18 30
43 0
38 8
47 28
33 26
37 0
47 18
7 35
37 18
8 32
1 17
9 27
18 9
34 3
23 36
31 32
30 42
0 17
19 17
15 25
20 41
5 3
19 44
26 12
36 2
13 23
14 49
16 42
5 34
30 3
4 46
8 12
34 46
42 2
22 14
42 25
0 18
30 2
49 4
33 2
37 24
42 0
14 40
28 20
41 35
12 34
28 16
23 4
20 5
1 29
40 47
15 44
1 28
45 1
32 27
40 35
17 7
25 17
4 2
22 9
8 46
26 34
49 3
30 45
39 16
46 48
21 2
43 46
44 49
10 40
36 22
8 35
28 34
45 28
21 30
37 4
48 35
38 21
17 16
26 16
11 31
9 1
42 3
29 9
10 39
30 22
1 33
26 2
15 9
45 39
30 31
24 32
4 18
2 18
38 31
49 12
26 21
18 31
19 47
34 43
16 43
40 31
21 44
40 0
4 31
45 16
24 5
4 42
21 12
39 30
31 35
16 25
17 5
26 9
40 5
29 10
30 9
20 35
32 14
43 1
38 7
39 28
49 17
31 34
0 32
47 10
0 34
19 21
23 22
24 0
7 48
8 18
48 23
10 6
32 46