50
36 26 32 40 32 20 20 39 23 39 23 23 20 36 23 25 36 24 29 36 23 35 39 22 40 36 37 39 39 32 29 32 33 30 24 28 20 33 32 27 36 39 38 37 20 26 33 23 30 36
10
48 49 26 33 44 40 32 44 48 33
85
12 45
5 41
30 45
19 41
41 20
34 41
12 41
45 9
41 11
17 45
44 41
25 41
16 45
45 20
41 18
8 41
49 45
45 42
5 32
43 45
26 45
19 45
41 23
41 2
45 8
6 41
45 3
42 41
43 41
41 30
0 45
41 39
45 14
26 41
45 48
49 41
23 45
45 32
41 33
5 45
13 45
41 9
16 41
41 10
45 39
29 41
18 45
45 25
45 35
1 45
21 41
45 15
41 3
45 44
1 41
45 24
45 11
6 45
38 45
15 41
14 41
32 41
41 35
29 45
17 41
41 24
41 7
34 45
40 45
45 21
45 47
45 10
45 33
45 31
36 41
48 41
41 0
45 7
41 31
45 36
47 41
45 2
41 40
13 41
41 38