50
29 31 37 37 28 27 35 20 28 40 30 20 26 31 25 22 26 31 33 34 23 35 24 24 40 39 34 28 32 31 25 37 27 40 24 26 27 39 37 23 29 32 28 29 24 33 35 32 30 36
10
21 45 50 21 20 24 40 30 27 42
1090
46 15
41 7
44 30
46 1
17 32
15 21
45 16
23 46
40 32
41 38
20 46
9 3
20 40
22 46
17 12
28 7
19 20
11 28
24 28
31 1
26 37
39 22
31 6
28 10
42 17
14 27
47 22
4 29
40 5
13 22
4 33
42 14
9 46
25 36
17 9
30 45
6 33
27 35
36 1
47 8
6 25
27 5
11 15
4 49
6 2
6 5
6 15
9 13
22 12
14 15
24 49
12 1
30 28
36 24
7 44
35 4
33 3
26 31
46 49
23 10
10 18
31 3
47 35
25 43
24 2
43 23
17 19
31 39
0 31
38 18
14 38
45 4
38 17
47 27
35 32
19 24
16 18
12 24
44 15
2 13
40 28
42 33
38 35
23 45
34 28
48 38
26 9
44 37
37 21
6 45
49 44
26 6
27 44
37 0
7 43
42 2
8 42
10 4
16 12
13 7
41 46
39 45
29 49
36 43
35 1
34 49
11 14
19 9
5 13
0 36
4 39
27 31
5 4
40 41
11 34
42 29
4 30
21 29
29 46
24 3
24 21
33 13
31 44
39 43
21 10
19 8
8 5
44 36
20 37
26 30
18 41
36 39
19 49
32 44
9 49
18 44
10 49
30 5
17 13
39 23
46 27
18 29
5 34
41 42
23 13
4 7
47 6
20 49
16 5
45 49
19 2
7 36
37 27
28 49
48 3
30 25
49 39
7 5
34 10
24 31
7 23
0 22
17 45
35 19
15 23
24 39
37 33
2 32
35 37
24 35
6 40
38 12
48 21
18 43
30 38
3 40
47 20
7 49
44 25
15 41
15 35
45 33
10 32
27 18
17 37
34 43
3 38
31 22
43 40
25 45
3 36
26 49
27 49
22 4
24 45
24 38
11 6
48 35
29 44
45 37
0 47
45 12
25 24
11 17
4 42
14 39
2 12
2 21
37 12
39 46
35 45
32 21
14 2
33 31
24 30
25 40
47 39
44 47
0 25
34 0
13 29
5 18
17 26
11 29
7 18
41 43
25 14
1 28
11 1
9 15
30 2
20 16
33 48
31 30
46 16
39 6
20 38
8 22
3 12
21 0
32 34
23 30
9 28
19 45
28 17
38 7
43 21
49 48
48 10
25 34
16 6
35 13
6 8
28 16
22 19
6 29
42 40
28 21
41 30
39 21
15 45
13 27
35 44
47 7
33 49
5 49
37 28
8 21
5 46
41 3
20 6
4 47
36 17
36 45
18 46
38 44
3 4
17 21
47 33
31 2
8 34
49 3
40 48
2 0
38 25
24 34
9 35
22 10
10 47
28 18
40 34
46 25
26 24
20 10
46 32
39 13
22 43
1 39
34 16
48 34
38 4
32 4
2 23
37 18
11 13
22 11
32 27
42 24
44 20
9 14
43 48
47 24
46 2
15 5
17 40
25 35
26 15
46 31
39 32
14 30
23 28
3 42
15 7
47 23
37 10
13 8
40 8
20 23
13 48
17 7
48 44
23 14
48 5
33 23
31 15
14 29
10 39
19 15
7 27
5 41
36 19
39 0
33 21
26 13
15 47
6 9
17 1
28 38
38 5
29 30
4 31
27 25
31 8
22 48
3 21
12 40
21 31
24 23
36 10
18 31
4 41
27 3
0 11
38 29
2 34
18 11
12 25
7 12
20 26
40 29
12 13
8 0
20 9
14 7
11 48
44 13
15 20
39 48
40 27
24 20
4 2
26 2
21 49
45 47
31 36
11 26
30 10
49 35
19 29
14 47
19 31
10 46
18 34
3 47
41 49
22 35
42 32
47 9
5 11
23 4
45 10
9 42
2 39
39 12
13 20
31 10
7 45
48 45
9 38
31 45
1 21
38 8
39 25
30 37
42 44
36 38
28 33
15 33
40 37
17 46
19 4
31 34
38 37
49 16
39 18
16 43
18 22
6 27
46 26
2 49
3 18
36 49
14 6
19 14
4 20
17 8
32 47
24 5
49 15
32 20
3 44
24 15
22 33
3 14
8 2
32 30
30 17
17 34
43 12
19 40
12 34
5 21
20 1
45 42
49 43
26 41
6 43
13 28
1 15
3 15
14 22
7 39
34 39
14 16
27 43
36 41
17 3
10 42
32 5
46 3
42 7
28 12
49 42
29 48
4 16
0 17
4 44
11 36
7 34
40 30
33 20
15 8
47 2
16 11
39 41
30 13
3 26
37 6
19 39
18 32
47 12
14 45
49 47
9 36
38 46
10 17
44 14
9 0
14 1
4 18
11 31
27 28
39 16
35 34
18 9
16 21
41 10
21 12
30 18
16 36
33 46
26 29
6 1
4 15
1 26
34 41
36 32
32 14
37 11
11 38
33 12
37 48
5 0
27 4
44 23
30 22
43 28
46 4
13 34
0 12
37 42
30 6
13 14
39 40
44 19
18 35
41 8
32 26
14 5
39 17
12 8
33 19
27 17
12 15
30 11
4 43
29 2
3 7
12 32
6 22
15 13
42 34
28 4
7 2
0 48
29 41
1 0
7 22
45 21
27 45
0 3
27 8
10 35
23 0
5 26
17 25
16 38
9 22
25 32
36 28
18 36
30 36
49 14
2 33
44 21
27 2
18 8
34 29
41 1
3 19
0 20
25 33
38 2
49 17
0 24
43 46
19 16
36 40
18 14
26 27
42 47
22 20
19 21
19 38
20 28
26 25
45 11
49 30
25 48
28 14
13 25
41 19
18 49
18 1
14 35
22 34
37 43
21 13
17 24
36 35
22 38
5 9
44 10
32 45
28 22
8 44
33 43
1 30
39 9
35 3
26 33
8 28
45 18
5 17
46 40
43 14
7 6
6 49
42 28
30 20
9 30
23 42
37 36
45 43
0 14
15 2
30 33
21 26
9 44
29 15
16 23
26 28
38 21
19 43
45 29
45 46
25 47
9 34
31 9
14 34
13 0
16 2
48 1
16 30
2 41
23 21
41 13
25 18
22 21
34 47
9 12
11 43
34 19
17 41
43 9
3 20
46 12
17 18
22 15
14 21
38 15
34 20
48 23
6 42
42 22
49 13
12 41
42 19
11 44
12 20
25 7
6 41
46 11
22 17
24 4
13 37
6 4
24 40
26 40
49 1
15 40
25 16
12 23
37 34
24 44
27 23
41 11
10 2
18 24
45 40
17 15
5 47
43 42
28 48
12 6
16 22
42 16
22 44
46 7
46 48
16 26
5 10
38 26
18 0
15 48
24 46
27 33
36 26
45 22
30 3
25 29
21 47
17 14
22 32
40 31
1 4
41 48
16 17
39 8
49 12
46 42
10 38
32 28
37 39
6 48
14 48
34 4
10 16
39 44
42 11
38 45
14 12
8 46
38 39
47 38
26 0
30 46
1 25
7 31
31 20
41 33
43 2
4 11
45 8
12 35
11 19
38 0
7 20
31 37
40 49
4 36
26 23
10 43
37 14
12 11
10 6
30 21
20 42
24 43
30 35
43 44
13 46
5 45
1 45
35 8
36 23
25 11
15 25
38 6
21 20
44 33
14 40
46 14
17 48
3 34
31 25
13 38
39 35
24 14
35 41
2 9
16 48
14 26
47 17
43 8
27 20
31 16
35 0
13 24
32 33
26 8
49 0
13 32
17 6
35 33
17 33
37 23
47 46
34 23
47 43
41 21
42 26
22 27
10 29
28 5
12 31
43 31
32 41
29 5
31 48
15 43
39 20
38 43
47 48
4 37
5 35
11 20
17 23
11 47
27 11
28 25
19 25
27 36
1 23
16 15
41 14
32 3
5 12
46 19
11 3
19 47
13 10
27 0
48 24
10 8
23 11
27 19
37 46
25 23
20 8
32 6
22 23
5 44
2 18
1 3
35 7
0 32
29 31
16 44
25 41
4 17
36 8
43 26
18 33
19 1
45 26
48 9
18 15
32 11
33 5
4 9
30 0
10 40
5 42
37 15
8 48
8 49
15 32
24 27
2 11
12 36
7 26
20 45
36 42
23 29
19 13
22 26
44 17
29 33
33 8
7 48
33 36
12 10
11 39
26 34
1 33
16 0
28 2
3 8
20 14
10 14
3 13
11 49
39 5
12 29
37 47
0 19
40 23
12 30
26 39
13 18
7 0
34 15
9 23
0 46
12 27
13 42
49 25
11 21
26 44
31 28
35 46
31 13
26 47
27 41
42 1
20 36
0 15
48 27
32 19
1 5
22 36
10 0
33 0
19 23
31 42
12 42
43 5
1 43
48 32
27 16
38 27
4 40
12 44
0 40
26 4
41 31
10 25
35 6
31 14
41 47
1 34
40 18
34 27
43 32
25 9
33 14
16 41
31 17
19 6
25 4
27 9
0 43
4 48
44 2
25 42
40 7
4 21
3 29
48 36
48 2
9 40
28 29
21 25
3 45
6 18
44 1
15 28
29 27
38 40
45 9
20 41
48 42
7 21
13 43
5 23
19 28
20 18
28 47
26 10
8 23
49 37
19 37
11 8
0 29
24 41
42 35
40 33
39 28
31 5
21 35
27 21
36 13
47 36
42 38
4 12
6 44
5 36
43 3
34 38
41 37
3 16
14 36
29 22
46 44
24 6
1 2
33 38
48 30
2 35
3 28
30 43
33 16
8 25
20 2
22 1
34 30
0 42
36 29
18 42
9 21
38 1
3 39
16 35
10 3
1 27
33 39
22 24
30 7
41 23
49 22
1 10
35 23
18 47
19 5
23 3
29 47
20 25
17 2
30 47
7 19
3 6
22 41
44 40
4 13
45 34
5 20
6 28
35 11
6 0
46 28
31 47
35 31
39 29
42 21
2 36
6 23
13 45
30 19
33 34
10 27
30 8
19 10
18 21
40 21
34 44
2 40
35 40
28 35
18 23
40 22
6 13
41 9
48 20
11 40
36 15
26 35
10 15
4 0
45 2