40
27 29 38 37 35 23 30 37 39 30 28 25 25 20 35 30 27 35 26 36 24 31 31 27 24 35 36 32 31 27 24 24 28 25 28 40 20 37 24 24
8
32 32 24 21 22 42 45 35
697
27 1
37 29
20 26
25 8
23 28
17 8
13 2
34 4
26 33
37 38
4 38
0 28
25 20
1 24
30 33
39 30
9 0
20 5
0 4
31 13
39 20
38 13
21 28
26 3
10 9
17 39
15 19
22 31
11 25
16 24
3 16
16 32
10 24
10 11
26 22
30 7
3 32
18 14
3 12
31 26
3 5
22 36
37 39
4 11
0 8
0 5
33 16
37 1
14 31
15 11
32 5
12 36
7 5
38 27
25 18
4 29
13 15
21 11
35 2
17 5
37 22
24 9
8 34
7 16
24 19
32 30
2 19
28 34
16 18
30 2
37 33
25 30
3 31
21 8
31 19
38 3
39 35
23 33
30 27
37 19
22 1
19 35
35 16
28 11
37 0
4 23
31 17
1 16
38 24
39 25
36 6
21 16
9 16
0 19
14 13
35 14
25 26
17 7
29 36
31 24
37 8
0 17
38 19
6 35
1 5
2 29
0 31
11 35
8 9
16 6
21 13
39 31
8 22
1 2
16 34
23 35
16 2
15 6
17 16
25 4
37 18
39 18
32 12
39 11
31 35
12 26
7 22
24 12
15 39
38 25
38 29
3 8
19 28
27 18
36 32
29 13
31 27
38 30
25 28
20 21
36 0
29 10
31 38
25 7
14 16
19 10
33 32
29 20
30 1
26 24
27 21
3 18
26 39
38 15
7 34
7 4
34 18
6 1
12 25
5 29
32 28
6 18
31 36
10 33
7 21
12 16
24 21
28 4
26 14
24 22
29 18
25 21
28 33
34 11
23 21
18 10
39 24
9 38
13 4
21 1
31 30
15 22
3 17
32 1
13 22
28 18
23 9
27 33
19 5
10 39
19 18
19 39
1 13
15 24
17 36
9 22
30 13
35 26
38 18
15 33
33 38
6 0
5 15
28 31
11 24
26 16
34 6
27 34
30 28
10 30
5 22
5 6
14 20
4 12
20 15
29 9
10 8
13 28
4 6
32 27
17 37
21 33
20 32
1 9
8 6
24 25
39 14
39 33
9 12
27 15
26 28
33 3
1 0
12 10
6 13
18 9
3 28
19 22
20 16
30 3
3 25
14 34
5 35
36 20
24 35
11 20
24 32
1 36
12 6
11 1
32 18
22 11
7 23
6 23
8 32
20 3
9 13
20 38
7 8
14 12
28 1
2 20
28 22
25 9
3 11
9 2
4 19
19 29
24 0
32 4
29 34
1 20
9 28
14 10
22 30
35 38
6 31
24 18
2 37
0 27
33 13
12 8
22 10
2 6
36 4
7 19
19 12
11 13
14 15
12 21
10 23
32 37
33 24
29 17
18 26
30 20
33 29
31 12
16 36
35 29
3 1
33 19
33 34
21 39
28 10
26 4
1 4
14 5
33 17
1 19
37 34
19 21
0 20
23 5
25 36
12 1
20 17
20 9
2 36
14 21
6 10
38 36
4 33
9 15
33 0
6 11
3 10
37 11
24 2
39 8
10 15
14 11
23 13
6 27
23 25
3 36
14 38
30 11
3 15
34 1
19 13
23 32
35 25
30 23
35 4
25 10
35 17
25 0
21 18
19 11
27 7
37 31
18 23
31 21
12 30
36 15
25 32
28 15
3 39
35 1
16 31
27 11
21 17
3 6
32 26
9 33
22 27
21 36
14 0
16 25
15 34
1 38
4 27
32 6
6 20
30 35
20 37
34 9
2 28
2 10
30 15
18 30
2 8
3 0
14 3
5 26
30 0
12 28
21 34
9 32
33 31
8 23
2 25
14 1
23 27
5 13
27 10
16 19
30 21
35 21
29 24
17 11
16 38
29 21
31 29
25 27
39 32
32 31
0 7
19 36
16 30
23 26
25 13
16 8
36 23
37 27
33 35
21 0
6 21
4 20
3 37
39 28
34 25
37 30
27 24
5 9
20 18
34 17
27 9
35 28
4 37
6 28
3 13
30 5
28 29
13 36
14 6
22 33
39 13
15 17
12 35
8 28
10 26
18 4
1 33
9 7
17 18
17 1
25 19
11 32
35 34
28 20
22 38
4 31
20 31
0 2
30 34
17 38
29 14
19 34
36 35
30 29
13 17
8 15
7 29
34 20
25 5
33 7
30 4
20 12
22 35
20 23
36 8
34 23
2 26
23 19
36 27
27 19
0 32
38 28
33 6
15 7
20 7
15 18
16 10
26 1
11 38
19 8
32 2
16 28
18 31
4 15
37 35
22 12
14 30
4 17
25 33
23 37
13 26
5 8
38 2
3 23
18 8
35 9
8 30
32 13
5 34
17 22
37 25
3 19
34 22
33 8
34 36
11 29
37 12
26 34
23 11
4 8
27 16
12 23
23 1
39 38
24 30
27 2
2 34
10 1
4 5
11 7
27 28
25 6
19 20
13 0
39 12
7 26
12 34
29 25
14 23
5 31
16 4
16 15
39 9
4 24
34 0
2 15
14 22
39 1
6 38
0 18
39 5
10 20
7 38
22 0
29 8
21 9
10 7
19 32
1 8
15 35
31 23
12 7
5 21
17 28
2 7
16 5
11 9
10 35
1 18
4 14
36 30
0 12
8 38
24 6
0 11
26 11
24 23
26 21
7 13
39 2
24 13
6 39
3 24
13 10
22 32
8 31
38 5
22 29
24 20
32 35
14 32
8 24
32 17
9 14
36 39
24 5
38 12
10 31
22 25
8 14
5 36
21 38
24 34
4 39
15 0
37 26
7 39
10 5
12 15
3 35
6 22
14 25
6 37
34 13
7 6
5 2
12 29
27 26
15 21
39 22
15 29
2 33
17 24
26 29
33 36
10 37
15 32
31 2
14 27
34 3
37 13
29 1
36 10
17 27
17 25
4 10
28 5
0 38
14 19
14 17
17 23
18 22
18 35
23 38
31 34
0 10
7 32
27 3
3 29
14 33
2 11
7 18
39 27
2 12
22 16
10 17
21 10
13 18
9 37
15 26
9 36
20 22
26 36
39 34
5 37
8 26
17 2
27 12
26 0
11 31
33 20
2 14
4 9
16 11
31 7
7 35
7 1
22 23
23 2
36 11
29 32
37 15
8 11
3 7
15 23
16 37
6 29
12 13
12 17
21 32
0 35
31 9
27 29
5 27
38 26
3 9
18 36
16 13
2 18