70
25 24 40 38 29 35 21 26 38 39 40 31 25 26 34 37 28 30 22 20 22 37 34 33 32 38 28 35 26 38 30 20 30 27 27 36 27 27 37 24 24 27 32 24 24 21 21 23 32 31 35 33 36 38 35 20 36 26 23 29 21 25 26 26 34 33 35 35 20 25
16
20 43 32 41 48 35 33 26 26 33 49 44 49 44 22 43
120
32 31
41 25
16 31
41 67
31 44
41 54
57 41
44 0
31 55
41 49
30 31
44 41
23 41
26 31
31 66
31 57
68 41
31 41
41 64
31 62
61 31
41 4
39 41
41 11
31 50
51 41
41 15
9 41
41 22
41 61
31 60
41 65
0 8
49 0
3 41
18 31
31 2
41 17
41 40
43 41
56 0
41 2
31 69
41 19
22 31
6 31
31 38
7 31
68 31
31 14
46 31
35 31
9 31
60 41
41 58
28 41
31 42
41 45
41 5
31 4
39 31
41 14
53 41
41 1
41 30
31 11
36 31
66 41
43 31
41 10
41 69
32 41
52 41
24 41
31 5
42 41
31 10
18 41
31 19
23 31
41 50
31 1
64 31
41 29
17 31
40 31
58 31
6 41
21 41
0 31
47 41
38 41
31 59
55 41
62 41
47 31
13 31
41 59
41 27
37 31
13 41
7 41
3 31
34 31
41 48
54 31
31 67
31 52
41 8
35 41
48 31
33 31
31 63
41 56
27 0
31 12
56 31
41 20
31 49
31 45