60
34 39 40 32 31 31 38 35 23 39 24 40 30 25 28 38 30 27 30 31 37 23 40 32 33 23 25 27 37 34 25 39 21 22 39 37 37 37 26 37 37 40 37 34 30 39 25 40 37 26 32 30 20 20 21 34 35 33 37 27
12
44 35 27 47 42 48 50 23 33 27 21 46
54
12 58
58 57
47 58
26 58
32 58
58 22
58 5
55 58
58 49
11 58
7 58
58 33
41 58
58 29
58 19
9 58
58 35
58 59
58 20
58 28
25 58
58 6
58 14
23 58
58 0
30 58
31 58
15 58
44 58
54 58
58 45
21 58
58 50
58 52
40 58
58 37
58 17
58 24
58 2
58 34
58 13
58 8
16 58
39 58
27 58
58 46
58 1
58 18
58 3
42 58
58 38
58 51
36 58
56 58