16
32 38 23 33 38 40 35 30 28 35 30 33 22 36 28 39
3
47 37 31
91
13 14
2 14
3 2
11 0
7 11
12 3
12 14
0 1
10 7
2 7
15 4
13 0
6 13
8 0
2 12
2 5
11 4
2 10
4 8
5 13
1 3
0 7
9 7
13 4
9 10
14 11
4 3
7 3
8 13
13 12
1 5
13 3
4 2
11 12
8 7
3 0
14 1
1 4
3 9
4 10
8 14
13 10
6 2
10 8
10 14
3 11
5 10
1 8
6 8
12 15
2 8
1 13
11 8
11 9
3 6
15 10
15 13
14 4
6 11
9 2
2 15
3 8
12 8
12 1
12 7
7 1
12 10
13 9
12 9
7 14
5 3
15 1
0 10
12 6
7 4
12 5
1 9
10 3
5 11
5 7
6 1
6 4
15 8
13 11
2 0
1 10
7 15
13 2
11 15
6 7
10 11