20
21 23 38 20 25 28 39 20 28 39 27 21 27 21 36 23 35 24 40 23
4
29 20 23 40
154
6 16
2 15
5 11
16 13
1 16
17 5
4 15
13 4
11 6
19 8
13 14
4 10
8 6
19 15
18 19
19 9
3 16
4 5
6 3
14 15
16 8
8 7
17 9
16 10
17 10
12 2
12 15
10 3
19 17
16 17
16 9
14 16
2 17
0 7
18 8
16 7
13 6
0 6
17 0
6 9
16 11
7 17
2 14
6 19
0 19
12 5
5 8
15 0
14 10
10 12
7 9
6 4
13 8
15 7
15 10
6 12
6 10
19 14
19 16
6 1
14 4
5 10
1 17
10 18
10 13
16 2
1 12
18 13
7 14
13 15
3 13
4 17
0 16
1 13
14 1
15 18
15 1
0 10
11 9
6 2
13 11
3 12
11 8
6 14
9 12
8 17
11 10
4 9
0 5
1 8
6 17
19 4
6 15
14 17
8 2
16 15
3 9
17 11
0 2
7 13
9 10
16 18
0 4
12 18
0 11
18 14
11 12
12 19
15 5
15 11
5 14
17 12
6 5
16 12
13 19
5 13
0 8
11 14
17 3
5 2
9 14
4 8
16 4
19 1
0 1
12 7
19 11
5 7
10 8
5 16
12 8
2 9
18 6
15 3
19 3
18 17
14 8
13 2
0 9
19 5
9 1
3 8
13 0
19 7
13 12
0 3
9 18
13 9
14 3
5 9
18 0
15 17
10 1
4 12