70
29 34 35 27 24 27 27 26 32 27 36 30 22 33 40 27 27 20 35 31 23 37 21 39 20 33 20 25 35 20 39 33 40 33 26 21 33 20 37 24 28 33 22 20 33 37 30 25 34 21 40 27 38 39 36 39 29 36 31 30 30 40 31 27 32 24 37 28 39 21
16
26 24 37 28 21 44 31 48 29 46 43 38 22 23 28 23
1123
19 40
57 49
34 45
40 43
6 59
59 21
61 47
36 48
66 50
55 25
40 50
7 29
48 63
9 54
68 51
13 55
32 1
43 33
54 27
55 5
65 12
59 54
44 55
4 26
36 67
45 13
0 28
20 5
32 10
59 5
68 16
68 33
68 61
32 26
63 66
27 51
60 26
61 25
40 26
57 63
17 63
53 54
11 54
51 55
15 63
36 52
50 37
16 15
54 61
56 57
60 54
11 33
8 65
14 43
61 69
10 43
63 62
40 33
59 14
17 65
37 64
45 65
55 23
59 35
49 59
66 33
42 16
65 5
11 57
64 43
58 63
7 33
37 31
29 69
25 36
43 38
50 54
43 12
29 54
65 57
61 48
43 47
29 33
57 69
31 66
6 55
16 13
27 25
24 0
32 27
24 31
16 25
53 16
20 68
21 24
35 24
69 27
40 5
22 57
32 53
0 49
11 43
57 47
37 68
57 16
54 36
0 67
0 66
68 38
46 36
20 52
59 63
7 36
54 4
52 57
36 18
0 11
62 55
64 40
43 44
45 11
37 32
64 32
45 67
27 16
69 45
61 42
24 60
68 15
8 55
13 26
62 43
66 51
11 55
16 38
65 63
43 34
64 66
12 36
27 23
4 63
36 9
47 20
32 23
27 45
0 2
20 19
23 26
59 0
44 40
40 32
40 9
20 4
66 4
33 69
65 28
3 0
32 20
54 48
29 51
26 33
63 50
8 37
20 9
27 24
37 20
7 27
65 33
20 62
17 57
20 31
33 17
44 0
68 0
2 59
66 11
25 57
36 49
19 43
66 26
17 59
18 68
18 32
59 7
32 8
40 60
56 65
56 45
29 47
67 65
40 46
16 11
44 68
61 11
16 37
20 54
42 0
45 12
65 16
45 21
32 31
32 62
27 13
10 16
33 23
29 55
27 33
63 24
16 58
15 59
51 40
61 2
68 47
27 21
43 67
23 37
45 19
44 20
65 43
36 10
30 63
68 59
55 1
27 41
44 65
59 12
55 9
26 10
20 16
20 36
27 22
20 0
6 36
31 68
5 68
20 48
16 32
34 57
20 11
22 66
13 37
33 5
15 61
37 22
19 29
53 68
63 2
51 57
20 28
65 30
58 54
45 48
26 54
4 55
66 9
42 57
24 36
45 4
32 59
5 45
30 55
32 54
4 68
43 61
55 27
40 68
11 24
25 24
65 64
65 18
65 58
23 65
56 40
39 37
0 8
59 48
64 57
44 66
65 50
28 68
45 0
33 4
45 25
0 58
31 16
66 59
65 39
40 61
23 59
26 44
45 47
68 65
30 36
66 61
33 45
43 21
37 67
33 15
38 59
53 55
46 55
69 63
20 69
46 43
26 24
8 29
57 23
29 45
24 53
3 26
32 68
27 67
58 55
16 3
20 41
22 54
60 20
27 53
46 59
26 19
43 16
20 61
37 0
57 46
4 27
31 61
35 0
32 63
37 10
47 40
8 45
48 66
29 12
38 26
63 20
35 26
24 42
0 62
33 64
1 33
59 53
29 32
63 54
59 24
58 59
9 0
48 16
14 16
36 32
38 0
15 55
20 12
33 50
34 29
49 61
25 43
47 63
28 63
61 56
26 61
56 27
66 2
20 58
14 65
41 24
66 45
27 49
59 51
26 47
65 29
65 27
42 32
53 43
27 64
29 39
54 5
20 21
54 47
40 25
51 61
68 30
41 29
31 45
57 68
12 66
7 0
30 24
64 26
27 30
63 61
3 63
57 67
40 29
66 16
24 37
24 15
37 30
58 45
24 45
16 69
29 11
44 54
61 13
20 57
38 65
40 58
33 37
18 33
61 29
13 20
33 31
52 40
0 29
21 54
42 59
40 63
0 53
51 54
24 38
17 61
59 43
46 61
53 29
58 61
15 36
64 68
24 12
32 39
12 63
59 9
13 59
22 43
50 36
17 37
19 0
67 40
43 17
24 47
57 39
15 66
18 66
65 35
43 54
37 61
49 16
25 29
61 65
56 26
66 5
66 30
16 6
68 21
42 63
26 17
1 54
9 32
30 29
38 61
56 63
66 65
55 12
25 20
65 52
33 35
18 16
26 39
9 33
65 6
37 55
7 61
55 16
30 43
52 55
3 36
51 20
43 48
20 67
34 20
29 50
8 27
49 37
54 42
16 12
28 54
44 59
30 61
24 7
15 0
20 22
55 61
59 26
33 54
44 27
64 61
27 0
68 13
15 32
45 14
16 4
68 9
63 21
12 27
16 7
36 17
41 68
46 26
59 56
54 25
40 49
59 25
42 55
32 33
45 41
34 36
29 38
56 36
62 66
31 26
59 27
59 67
15 43
17 40
61 27
24 16
56 43
50 20
50 24
69 36
36 27
51 65
28 55
32 45
48 26
15 45
62 27
61 16
16 30
37 7
54 16
50 68
51 26
22 24
54 12
46 66
57 60
59 11
16 0
28 45
16 2
10 59
64 45
55 57
32 41
6 63
23 66
2 55
55 60
3 29
39 45
26 22
45 68
57 48
19 37
14 33
19 32
21 33
47 32
4 37
12 33
55 48
59 37
39 61
37 69
59 1
58 24
60 32
66 29
61 3
54 18
55 33
0 39
5 61
62 37
28 40
57 12
32 48
25 32
10 0
59 47
24 65
37 41
40 55
37 15
14 68
66 35
16 26
55 26
43 32
40 14
27 10
14 63
27 48
17 32
4 40
66 32
58 68
4 59
40 37
1 66
53 61
66 41
13 0
5 36
37 44
46 32
33 19
61 19
40 62
65 69
36 28
51 37
24 44
15 57
60 16
54 35
29 35
37 60
68 2
1 16
33 49
65 40
14 54
1 0
55 21
11 65
56 33
32 69
0 69
55 65
40 11
37 11
55 64
27 34
53 65
61 60
63 55
62 68
66 6
43 7
27 39
60 65
36 0
8 57
66 28
5 32
61 1
45 22
35 43
66 42
18 0
36 43
29 36
67 29
3 65
48 29
6 40
20 10
66 47
8 59
69 26
39 63
37 53
32 67
8 24
36 58
68 36
13 57
39 43
43 24
0 51
31 40
29 4
0 6
23 54
61 33
36 57
66 25
5 24
65 49
40 36
33 34
52 68
0 5
46 33
45 18
57 14
9 24
38 54
40 41
24 48
43 41
50 26
43 8
13 24
23 0
43 69
49 45
15 27
38 32
3 59
27 42
40 27
6 54
13 33
63 18
20 66
66 57
52 59
43 55
61 41
66 13
37 54
42 68
32 58
32 13
29 13
22 29
67 26
23 36
57 31
34 65
59 64
60 33
63 29
45 59
65 42
27 3
8 40
17 0
59 41
53 66
3 33
27 11
32 28
68 23
61 57
54 57
2 65
64 20
16 9
30 26
10 65
62 24
20 27
40 15
64 24
50 59
35 36
10 29
54 62
27 35
36 1
57 45
59 16
48 37
59 55
24 52
65 36
9 65
68 46
43 31
57 44
23 16
55 22
24 4
14 36
19 57
24 1
57 59
51 45
45 46
20 59
36 38
35 37
2 33
65 20
3 37
0 57
34 61
64 54
31 36
55 38
29 62
20 3
66 52
55 41
14 20
57 40
25 26
31 29
26 52
15 29
54 30
15 20
38 37
66 36
37 34
40 39
33 6
63 68
24 51
63 5
17 27
66 8
3 57
64 29
59 40
63 36
61 45
7 26
48 68
32 24
27 68
54 52
13 40
65 22
26 53
25 0
45 6
2 32
41 0
26 11
62 61
32 49
20 39
57 41
49 63
24 2
29 14
66 7
37 46
44 29
18 20
22 33
40 3
36 21
33 10
60 27
56 29
33 25
38 27
47 0
39 16
65 7
37 47
33 53
59 62
7 55
44 45
32 51
68 1
54 40
2 40
48 40
43 68
34 40
55 31
26 8
31 54
42 29
0 56
29 46
60 68
9 61
58 66
27 47
69 40
61 36
62 26
57 7
10 63
52 45
68 11
42 26
26 21
45 54
54 46
56 37
67 63
65 59
16 63
61 6
28 16
57 30
45 60
56 20
24 29
29 17
43 63
37 45
32 65
49 43
35 61
45 36
21 29
59 39
55 20
30 0
16 45
26 0
22 68
27 52
13 36
29 49
30 33
35 16
36 11
55 0
14 26
68 6
59 19
0 60
11 32
34 16
36 19
62 65
23 24
40 12
61 28
8 54
29 20
32 55
12 26
29 52
23 61
32 7
40 18
47 55
33 42
18 61
10 45
32 35
31 63
23 43
60 66
61 24
46 27
57 35
36 37
65 37
16 56
63 27
68 35
6 20
29 16
20 17
1 40
10 61
40 66
51 43
50 43
26 68
2 45
34 26
59 22
16 46
63 8
8 61
43 66
3 45
44 32
41 26
7 63
35 55
63 52
1 65
0 31
59 33
19 16
20 24
68 25
32 34
42 36
24 57
38 66
28 24
41 54
23 29
59 36
24 6
60 29
21 40
16 67
59 34
68 12
45 50
21 37
36 53
45 9
65 19
33 57
55 45
55 36
27 19
33 48
0 33
26 20
50 57
65 54
46 20
46 65
0 48
43 42
62 45
10 40
50 27
37 14
23 63
50 16
54 0
57 21
22 40
39 33
67 33
26 45
26 63
37 63
63 0
27 14
52 16
57 38
17 45
62 57
24 14
20 49
10 57
16 40
27 31
54 15
16 21
16 5
33 52
1 20
43 60
16 22
44 61
66 37
21 65
69 59
55 50
8 68
64 36
41 65
20 43
36 60
22 36
63 51
47 65
32 56
68 7
26 15
0 64
24 33
25 37
18 24
20 33
63 19
12 37
3 32
29 68
34 0
6 32
28 33
0 43
28 59
36 4
66 14
46 0
16 64
53 57
52 37
27 66
38 33
32 57
65 26
32 30
66 21
65 0
4 57
59 61
40 0
63 33
13 43
54 7
2 54
4 43
52 43
24 46
59 30
55 14
17 16
59 29
26 36
13 54
49 26
40 24
4 65
55 18
58 33
2 36
20 8
63 35
45 1
18 59
42 37
63 9
20 2
63 45
45 43
3 43
67 61
36 39
59 31