80
38 27 28 26 37 33 26 30 25 33 31 35 36 33 32 30 28 26 40 39 29 24 21 28 39 37 26 31 21 38 36 22 21 25 40 25 21 38 40 34 20 21 33 22 32 20 27 36 32 40 23 35 40 20 21 38 40 22 25 21 20 33 27 38 20 27 36 29 35 40 32 29 34 29 24 34 29 23 34 23
20
27 20 37 41 31 21 23 25 42 50 28 30 39 49 49 31 41 45 23 34
495
64 24
64 37
3 34
12 36
47 69
71 17
4 64
77 34
34 62
65 56
71 70
55 56
56 30
64 51
41 69
22 64
37 30
71 48
65 30
36 46
34 14
34 41
3 64
38 5
71 14
60 34
41 71
36 67
36 34
36 5
5 49
48 5
71 8
5 3
34 0
56 70
51 56
37 71
9 69
56 66
31 5
18 71
38 56
49 64
25 34
40 69
17 69
14 69
23 69
11 36
69 70
36 14
64 1
30 8
32 30
64 62
17 30
17 64
64 36
69 65
25 36
16 34
35 69
56 23
27 71
44 69
30 49
36 23
5 17
3 69
71 0
48 30
25 56
34 46
38 30
53 36
4 30
68 30
58 34
64 76
20 71
69 64
56 9
6 64
64 70
36 60
29 5
56 8
43 56
75 64
72 5
71 2
31 69
56 18
39 69
39 64
42 30
75 69
30 27
71 21
65 64
35 36
34 13
52 71
43 71
40 30
35 34
49 56
34 53
36 54
39 71
78 69
41 64
58 69
67 5
64 47
4 36
64 33
25 64
34 23
9 64
43 34
78 34
69 42
5 46
30 29
26 64
34 5
40 5
56 72
29 71
30 1
64 50
39 30
36 2
61 36
52 64
36 79
36 42
61 69
69 48
5 79
34 29
5 69
5 2
37 36
60 30
30 61
63 34
5 10
64 58
56 39
56 1
56 12
56 3
71 60
30 35
74 56
78 71
75 56
28 34
8 5
57 34
0 5
36 59
64 48
36 32
34 6
34 54
34 71
10 71
68 71
1 69
42 34
34 11
67 71
56 59
13 64
16 36
17 34
33 30
12 69
55 64
42 64
50 71
28 36
36 43
64 68
64 16
66 69
5 15
64 46
34 69
71 38
71 6
56 36
45 36
56 47
7 69
34 15
66 36
18 30
71 3
40 56
71 16
34 22
61 34
56 7
6 5
56 60
19 64
5 37
58 30
56 26
62 56
5 7
56 64
36 8
73 69
5 28
76 5
64 31
55 69
33 5
69 38
19 69
68 36
34 32
72 34
78 36
36 52
5 27
71 40
15 64
13 30
5 77
64 71
5 18
62 36
36 38
29 64
20 5
24 36
71 4
71 42
24 71
2 34
64 74
63 5
59 30
44 71
69 4
47 5
21 69
36 47
56 61
69 51
11 5
36 22
71 54
69 11
36 30
74 71
27 64
30 75
10 36
36 50
43 69
36 55
76 69
64 72
13 56
34 33
47 34
30 62
22 30
12 5
0 64
71 13
36 15
31 56
69 63
30 79
26 69
69 13
61 64
36 18
71 26
36 13
77 71
78 56
49 69
59 5
56 35
36 19
36 27
69 50
27 56
5 4
75 36
34 52
5 54
30 21
34 30
1 71
5 73
64 2
64 44
32 71
34 75
5 70
34 51
64 7
66 34
69 30
64 18
79 71
44 56
37 34
40 36
69 8
21 34
73 34
64 34
68 56
5 1
69 71
30 19
40 64
76 36
69 60
66 5
3 30
26 5
14 30
43 64
59 34
22 71
0 30
30 24
5 19
71 62
31 36
56 71
36 7
34 9
69 46
16 69
57 30
32 64
69 72
63 64
50 56
5 41
2 30
50 5
56 34
69 74
69 25
50 30
65 34
71 9
65 5
77 64
15 71
7 71
77 36
36 57
30 54
0 36
34 68
71 75
30 20
10 56
61 71
30 64
41 30
78 64
56 46
5 74
34 20
5 64
20 36
51 5
36 51
16 30
14 56
71 23
71 65
30 78
30 5
56 4
26 34
69 28
10 69
30 23
34 74
56 53
36 69
67 30
70 34
64 8
71 36
23 64
9 30
5 45
71 19
67 34
29 36
56 28
67 64
64 28
58 56
64 73
45 71
30 26
56 54
36 9
5 55
39 36
38 64
30 44
30 7
33 36
69 32
69 54
32 56
79 34
69 6
69 53
52 30
6 30
62 69
56 57
56 41
71 5
34 12
34 45
69 27
55 34
71 33
36 49
73 36
36 72
59 71
56 48
71 58
5 24
22 5
73 56
64 14
5 53
69 59
34 31
5 39
56 63
57 64
36 44
45 30
34 76
20 64
66 64
11 64
44 34
69 68
30 10
5 52
56 16
25 5
76 56
60 64
5 58
24 34
56 5
30 15
64 12
57 71
36 63
77 30
10 64
35 64
30 43
5 21
21 64
35 71
30 70
18 69
64 53
45 64
64 79
34 48
49 71
74 30
57 69
1 36