60
26 34 22 34 26 34 24 37 40 24 26 38 26 35 38 37 26 24 39 37 27 38 27 24 40 29 34 28 38 35 23 27 25 39 29 29 32 39 21 25 37 31 35 23 21 39 21 35 34 23 25 27 22 22 37 24 28 20 34 22
12
36 48 43 38 21 23 29 21 29 37 45 28
807
15 4
14 43
48 42
38 27
44 20
20 30
5 47
26 42
27 58
50 4
57 42
7 41
45 57
49 11
2 57
45 38
20 17
14 17
0 23
0 8
54 20
8 29
28 46
0 49
32 20
14 26
8 57
12 45
30 12
11 34
27 21
28 30
13 57
42 19
17 13
57 40
7 22
54 57
1 0
36 43
37 36
47 28
20 13
1 7
42 12
49 8
54 8
57 44
10 32
40 12
9 38
1 22
36 24
20 2
17 27
30 32
4 1
31 11
3 36
0 10
47 6
4 25
28 18
11 30
48 38
8 59
47 56
14 0
3 7
32 31
37 27
38 49
4 57
27 30
38 51
40 8
26 47
28 36
29 14
20 4
14 44
42 8
29 17
45 17
44 17
34 36
36 4
54 27
55 36
11 41
8 12
57 16
47 21
43 26
4 32
26 0
36 16
39 27
31 42
32 0
14 3
57 3
34 0
4 47
40 36
6 57
5 1
38 55
19 17
16 20
52 17
17 58
7 12
17 7
22 38
9 27
52 4
0 5
36 11
26 57
20 29
12 31
11 55
38 59
23 38
41 8
24 32
38 42
35 17
56 38
56 4
35 8
12 20
58 38
4 8
27 28
12 41
48 1
17 41
20 5
38 12
12 28
20 57
53 4
42 51
28 1
50 42
32 49
27 16
25 57
27 20
14 56
7 31
37 12
40 11
20 51
28 31
16 7
46 4
12 55
27 34
50 7
18 17
28 9
25 17
1 26
12 0
42 14
8 26
47 31
2 8
52 27
30 1
28 26
38 47
7 9
37 0
50 57
39 28
16 32
0 50
8 50
36 48
11 54
43 38
50 14
29 1
0 58
32 40
22 4
38 32
0 31
8 45
7 10
40 7
19 38
11 15
12 10
7 21
55 42
17 56
18 7
43 49
42 53
43 45
47 45
0 18
41 28
8 9
36 59
33 0
14 27
58 57
29 7
46 32
1 59
53 28
17 47
40 42
56 36
20 24
2 14
51 43
47 48
0 27
14 52
22 43
50 20
42 4
58 47
43 53
4 3
51 57
3 17
57 12
3 27
12 32
54 7
3 8
36 42
8 16
47 54
9 14
21 43
18 12
41 47
7 6
47 24
57 49
3 11
11 39
20 52
32 34
47 19
1 41
21 8
23 7
8 43
38 0
8 52
41 4
27 41
14 23
33 47
41 14
7 49
36 13
21 0
19 43
57 39
57 31
28 48
55 27
7 26
46 20
13 7
2 7
12 52
58 42
56 7
43 16
27 31
28 24
47 51
20 10
18 32
10 57
17 40
17 5
36 2
57 37
28 15
57 17
33 20
58 20
2 12
36 1
39 17
34 20
34 28
8 20
12 46
33 4
42 29
53 17
44 28
3 38
2 47
21 28
12 11
39 38
46 8
43 52
9 42
41 57
32 15
20 28
1 32
51 7
43 1
33 32
31 8
40 47
27 47
7 42
19 27
19 14
43 39
38 52
32 13
25 43
38 18
48 0
7 43
43 58
38 33
54 42
28 32
55 7
53 0
23 4
22 0
8 27
59 11
36 18
12 6
36 35
11 16
36 44
57 7
44 11
43 13
17 43
27 12
25 11
27 2
14 51
4 24
26 4
0 3
10 8
1 2
4 18
14 40
42 2
7 11
59 14
8 19
27 59
17 22
50 28
4 59
10 36
12 54
47 44
33 12
39 0
7 58
47 30
47 7
53 47
37 47
0 56
32 2
8 51
12 53
32 22
7 4
28 23
47 12
2 43
51 11
48 17
36 47
18 14
28 3
32 59
8 48
16 42
5 38
57 59
36 49
15 43
25 27
12 59
17 2
39 47
56 42
38 54
42 30
18 42
30 14
28 58
1 20
6 42
32 55
47 50
20 55
58 4
56 12
38 14
59 42
53 7
49 47
20 6
51 17
58 11
57 9
45 27
11 23
21 11
4 5
17 30
14 10
47 9
12 17
19 7
17 1
39 14
19 12
51 27
0 41
48 7
1 11
7 15
36 23
52 0
45 7
46 14
44 32
46 36
11 5
35 0
16 14
6 8
28 10
36 38
8 17
24 14
11 28
43 47
21 17
16 38
42 49
44 0
4 12
12 3
32 3
6 27
17 38
40 43
11 2
49 17
36 57
53 8
46 1
17 31
32 35
42 39
20 0
22 12
6 28
8 11
0 6
57 15
57 29
1 57
8 18
55 8
37 32
8 1
1 12
31 36
20 59
28 55
28 43
42 28
42 33
58 14
58 36
28 52
4 55
13 8
7 20
11 4
24 17
49 12
36 22
57 19
43 5
57 23
20 41
38 1
32 48
33 28
36 30
46 38
27 15
45 32
38 26
5 42
47 46
51 12
27 40
57 47
36 19
28 22
0 15
36 21
20 25
7 35
8 14
48 57
7 0
32 11
39 7
17 33
32 58
14 5
36 8
33 7
50 17
55 14
23 8
10 11
44 27
57 5
38 37
21 42
17 4
3 20
46 42
11 37
27 1
4 49
15 8
11 14
37 8
4 9
45 28
11 45
14 57
11 42
31 38
42 37
23 43
44 42
36 7
47 34
27 29
11 47
39 8
43 44
36 5
34 4
12 44
12 34
52 11
8 47
11 38
24 0
20 48
43 48
29 43
38 50
43 54
0 9
32 19
20 23
17 46
36 33
11 22
35 20
59 28
4 6
45 0
42 15
12 29
0 25
13 47
17 15
14 33
50 27
8 28
28 57
55 57
38 13
12 24
21 38
16 0
32 8
25 36
35 38
50 43
26 32
56 20
46 0
38 15
52 36
4 48
7 52
47 55
22 57
14 32
7 59
28 49
13 14
42 35
16 28
10 4
8 33
11 0
41 38
35 12
28 7
34 43
32 5
47 32
43 37
27 32
20 47
26 20
49 27
43 6
4 27
34 14
42 24
8 58
57 30
4 45
54 17
7 27
34 42
24 7
6 38
25 28
47 29
42 41
56 28
27 23
14 4
11 17
8 24
1 14
42 17
16 4
27 22
43 20
14 28
9 12
27 10
51 32
32 9
37 28
17 37
0 42
42 45
20 39
11 6
36 26
28 38
9 11
54 32
42 13
32 17
20 36
43 55
10 38
9 36
48 14
27 48
36 14
32 25
37 7
4 35
26 27
27 13
11 20
5 27
54 36
38 20
25 42
30 0
38 4
26 17
47 14
42 32
19 20
22 8
27 42
32 7
17 6
24 38
53 20
7 46
4 21
43 31
12 21
32 57
39 12
29 11
42 22
32 56
14 53
40 20
43 30
22 47
36 51
43 10
29 32
42 20
7 5
11 26
11 48
11 19
59 47
43 32
12 25
17 34
28 35
38 29
17 28
25 14
53 57
52 57
36 0
2 38
4 44
0 55
54 14
9 43
25 47
20 18
12 43
0 43
35 47
36 45
11 50
35 14
10 17
57 34
17 16
41 43
6 14
11 13
3 43
18 47
36 12
57 21
23 12
20 9
4 43
5 28
1 15
21 32
39 4
57 38
5 8
42 23
30 4
40 38
15 12
15 47
11 53
29 36
43 42
8 56
38 53
27 36
59 43
47 0
32 52
36 17
12 50
4 31
14 7
15 36
37 4
47 16
59 0
23 47
17 0
0 57
23 32
14 12
27 53
13 12