200
28 30 20 38 22 23 32 28 33 33 33 23 32 25 23 22 20 32 34 29 28 25 30 33 29 26 40 25 22 28 35 31 31 29 33 21 21 34 39 35 38 37 36 20 36 40 36 39 30 35 34 37 36 40 40 21 28 25 37 40 28 26 27 40 29 24 37 40 39 24 34 31 25 24 33 23 34 35 27 34 29 24 32 22 26 25 39 32 40 29 28 32 26 36 33 27 37 37 38 36 37 40 36 33 23 27 30 28 20 32 20 37 29 40 30 32 27 22 38 21 28 33 25 30 39 36 33 34 23 37 24 33 36 26 28 20 27 25 34 37 23 35 21 39 21 30 26 23 27 30 31 23 39 26 23 34 25 31 34 23 31 35 40 22 33 35 31 30 32 31 29 39 30 40 35 22 39 35 29 38 24 35 33 30 28 21 34 21 31 36 21 39 30 22 29 25 31 21 39 33
20
31 38 43 32 37 26 20 23 40 22 36 33 41 29 46 29 43 24 42 46
12796
45 180
196 0
66 5
187 56
7 27
173 165
126 90
152 15
101 104
93 55
138 119
72 119
52 169
159 65
103 195
197 186
98 15
161 103
187 64
101 137
93 134
35 5
196 70
161 32
65 21
117 141
56 162
66 135
33 16
118 75
45 127
64 77
185 102
74 153
20 156
87 133
116 52
126 124
87 155
79 135
180 44
132 181
119 82
1 63
64 53
169 174
137 155
129 160
115 158
140 4
126 89
112 123
53 87
185 24
196 138
91 5
114 103
78 145
64 194
54 108
24 4
113 197
149 129
125 94
98 149
18 97
93 16
86 50
196 191
105 98
183 150
161 67
44 93
144 61
50 146
120 49
122 91
183 78
67 124
7 167
60 2
59 175
108 94
16 174
152 31
85 67
65 125
13 123
29 2
127 34
145 5
173 57
135 166
173 168
120 156
62 2
142 66
151 156
144 7
168 40
159 123
118 42
179 63
61 160
52 115
89 51
138 15
82 66
132 114
160 43
9 140
24 89
189 143
78 90
25 10
87 69
174 180
21 193
38 59
196 66
105 49
160 110
51 160
2 184
30 92
103 54
85 115
127 51
6 0
18 125
12 173
122 196
103 163
141 0
67 133
141 83
40 77
199 8
48 189
62 7
114 66
196 157
126 135
49 78
102 133
0 46
93 184
83 137
179 170
165 139
74 122
140 75
134 193
186 52
4 29
165 193
45 136
117 100
48 5
198 183
51 103
161 89
119 141
7 150
68 125
89 68
99 166
42 191
125 193
75 185
118 38
67 43
135 50
158 178
69 144
178 135
89 160
107 115
45 187
143 194
129 19
142 126
123 121
166 41
29 147
110 186
196 80
118 35
151 83
188 141
199 40
117 121
95 32
131 29
171 170
119 9
133 90
83 44
132 172
84 74
188 165
135 45
167 85
49 114
27 63
47 158
22 116
108 77
133 58
185 6
78 11
198 60
111 60
150 5
151 91
137 30
71 160
46 54
155 6
145 49
117 1
38 87
43 138
66 44
44 92
152 91
93 140
185 49
111 66
184 111
119 3
35 113
134 44
12 131
181 25
65 22
63 30
170 126
62 73
62 59
129 1
74 157
108 134
45 69
192 4
43 74
7 35
152 137
28 183
96 54
8 165
89 173
73 161
59 168
153 64
50 28
87 82
125 4
75 166
185 21
19 186
151 2
137 153
81 127
167 12
33 145
89 99
156 67
135 172
73 113
197 118
173 40
98 134
198 25
17 174
115 167
41 89
196 195
176 92
14 87
93 143
87 153
118 50
85 152
103 36
42 140
107 12
41 144
80 156
68 5
12 11
181 92
147 113
147 190
82 160
86 183
4 167
81 83
83 11
138 98
178 108
164 123
198 64
50 129
81 138
64 124
56 63
77 168
79 190
78 185
141 142
96 196
31 78
72 6
116 108
25 22
140 47
150 164
160 18
65 185
122 130
50 66
171 5
150 53
96 89
156 160
29 33
156 115
35 87
56 142
144 45
63 96
29 141
151 6
58 54
42 81
136 49
130 25
49 65
123 129
136 111
104 144
66 0
90 158
105 156
93 59
165 58
185 39
84 181
189 60
51 7
13 161
72 156
72 87
74 156
111 90
195 135
4 155
111 51
58 12
160 172
67 1
136 29
143 129
93 47
116 4
132 69
119 160
74 144
126 133
193 74
77 66
132 47
33 73
171 184
171 73
188 129
161 122
2 160
197 52
189 124
29 64
44 138
10 78
5 86
163 175
186 7
176 173
106 18
65 69
83 194
156 117
193 71
141 157
123 158
41 5
18 140
156 19
118 74
137 127
107 95
113 34
150 158
115 81
2 118
9 29
98 196
189 161
138 191
114 133
42 112
184 52
104 78
31 174
89 64
63 83
120 64
131 63
96 50
16 156
96 174
126 73
162 63
93 25
136 138
122 42
60 105
40 127
66 24
112 173
185 95
50 76
32 199
9 184
63 69
98 14
144 25
92 65
173 6
152 54
168 36
130 184
30 29
132 171
84 158
96 184
104 167
176 65
23 42
164 89
74 169
10 7
57 193
7 113
38 171
40 55
86 89
54 196
118 79
46 156
29 138
31 74
33 111
186 12
44 0
187 22
56 3
147 74
178 52
43 23
112 12
89 79
38 117
3 60
5 94
141 74
151 46
6 123
189 186
129 157
150 56
132 151
141 134
161 9
183 34
57 132
17 126
141 153
178 92
83 4
144 183
107 194
100 196
193 116
67 26
150 42
166 108
72 137
50 31
137 62
74 66
64 171
45 39
145 185
161 85
5 81
4 58
89 87
174 74
20 144
119 59
190 174
119 125
95 76
80 63
69 35
85 28
24 104
138 20
3 125
75 87
22 42
29 34
69 110
152 101
0 113
90 118
158 16
185 59
57 160
156 94
56 10
161 66
109 84
197 151
182 64
33 144
147 4
144 138
0 22
133 17
161 88
97 122
184 150
56 39
173 8
125 139
137 8
49 182
122 12
45 78
191 64
185 54
46 63
117 196
158 87
123 91
65 118
199 50
52 46
32 186
73 122
135 107
123 19
76 193
45 195
65 156
109 4
79 6
50 53
185 81
181 66
25 97
96 108
98 191
33 54
57 49
83 153
60 169
106 12
103 140
17 123
98 165
55 168
129 158
35 62
12 123
48 199
99 52
185 143
26 111
107 161
65 166
38 137
82 44
56 62
40 156
57 157
56 0
194 57
91 4
54 187
95 77
87 12
29 72
34 111
145 190
71 65
150 14
7 83
14 38
0 11
151 188
22 60
26 151
20 83
46 161
190 12
62 94
32 189
5 130
47 190
100 44
27 189
156 5
85 32
47 166
122 107
64 78
193 139
49 100
138 161
144 68
89 180
24 190
129 79
101 135
122 135
108 137
26 78
174 114
183 152
105 69
40 17
33 124
14 40
128 33
38 183
117 86
97 6
69 126
9 84
25 124
83 13
127 164
168 156
158 34
160 15
35 138
185 101
118 78
178 69
33 8
113 42
198 126
195 111
157 127
67 142
193 148
63 158
88 175
2 173
91 45
1 199
168 111
51 186
30 133
38 179
166 76
161 163
197 133
116 144
168 147
97 85
111 196
152 188
47 74
199 138
156 108
92 47
104 13
84 5
184 66
133 85
184 179
124 12
65 0
122 186
68 156
196 144
111 108
23 196
156 154
165 40
108 180
190 130
126 128
199 181
108 135
184 5
101 115
44 2
23 54
63 115
83 144
69 93
22 185
18 116
66 54
60 52
159 0
17 54
141 199
25 66
57 90
180 171
179 155
130 152
74 17
97 63
96 66
93 194
148 87
84 10
126 156
110 158
188 161
67 86
180 184
181 111
179 192
163 126
169 92
33 94
169 25
152 77
12 197
46 186
195 132
152 166
0 130
34 123
111 193
155 144
40 29
4 154
81 60
152 10
94 23
157 190
141 82
168 84
16 108
68 6
112 113
127 67
149 4
78 134
174 121
6 33
7 143
139 89
154 67
19 140
88 66
122 140
108 187
165 86
25 185
184 80
5 18
123 186
38 26
129 185
9 115
148 144
60 44
148 189
40 121
138 154
130 166
65 48
22 161
189 47
140 112
185 187
30 83
109 98
126 122
0 199
105 92
135 196
197 122
10 12
47 156
123 166
122 132
25 35
78 138
140 129
194 38
182 18
14 168
56 50
129 112
132 41
23 98
85 16
158 188
65 96
42 193
92 193
57 47
115 57
67 37
122 35
73 199
91 52
93 104
175 56
23 178
30 84
19 144
129 130
3 135
5 185
134 125
175 4
112 118
128 84
103 169
181 23
182 85
175 168
39 161
31 127
22 66
98 41
4 33
98 42
119 11
104 94
50 117
7 178
55 122
149 33
84 54
125 157
187 156
26 40
126 115
120 103
77 113
57 120
146 183
158 50
187 174
11 150
62 188
8 83
4 198
23 126
163 190
83 154
3 44
174 135
4 88
39 126
196 34
10 175
26 150
90 137
181 115
125 76
92 94
122 111
70 189
18 188
9 183
126 13
83 58
111 144
86 25
127 87
56 112
158 148
44 150
75 95
132 62
7 190
50 63
163 138
1 126
171 8
114 44
120 5
134 38
157 56
89 183
133 57
70 98
67 105
182 144
173 159
39 63
135 28
132 127
138 39
124 115
187 4
147 158
5 32
38 15
122 92
108 196
52 93
63 118
55 184
44 84
189 169
4 67
41 85
43 199
83 5
81 184
56 70
29 182
158 166
140 157
30 119
6 124
144 190
61 56
117 122
144 76
152 12
152 104
117 148
186 78
166 132
174 80
123 33
109 108
148 115
17 25
112 104
30 0
104 187
134 127
95 55
133 164
196 74
171 31
53 179
98 83
36 83
25 94
190 112
115 130
197 4
169 122
152 42
69 104
183 32
92 155
17 95
100 174
40 68
88 23
50 180
178 152
92 182
62 41
33 125
40 131
171 32
124 78
142 62
83 125
198 185
164 184
70 193
168 185
122 160
183 20
174 68
196 73
5 154
127 113
138 113
128 152
145 29
24 129
170 144
8 161
49 16
89 95
138 126
186 182
111 13
21 196
5 76
166 21
149 133
1 4
130 135
28 78
115 59
7 13
5 141
120 87
181 57
183 139
22 129
166 198
199 49
70 166
179 85
158 39
20 7
118 20
144 153
80 193
113 40
20 74
74 177
129 190
50 97
190 15
4 22
84 67
28 186
133 132
184 119
74 21
196 62
160 16
183 148
137 192
165 129
138 45
158 161
122 22
137 160
71 56
179 186
25 195
194 69
151 145
39 113
94 174
193 78
25 156
18 85
121 179
153 156
165 95
102 117
173 161
7 33
170 186
110 84
27 5
98 87
122 162
63 192
142 54
121 129
45 22
194 193
88 118
78 32
105 141
18 69
52 120
134 111
122 26
198 78
107 23
199 193
151 173
3 12
77 129
129 95
111 79
184 145
182 89
173 189
6 193
67 150
4 123
102 123
162 25
56 173
64 143
157 65
126 60
185 46
144 162
185 178
194 171
38 145
192 49
78 8
114 67
171 83
95 171
9 138
73 50
40 84
95 8
149 62
38 130
32 66
15 133
87 88
66 115
145 84
54 57
179 115
137 16
91 138
12 81
92 37
195 95
17 103
137 56
41 95
111 27
190 74
161 57
30 117
108 76
12 161
146 199
175 8
146 123
178 132
196 8
139 56
137 11
127 98
198 193
77 171
97 186
101 123
154 171
69 114
93 17
142 194
49 35
199 127
111 17
28 166
5 192
177 42
92 154
100 98
4 74
7 17
99 189
179 148
92 29
138 62
84 42
172 49
5 158
82 74
102 179
98 97
168 39
126 75
59 104
107 166
118 168
86 45
175 104
55 7
190 122
69 41
92 132
18 80
6 82
62 135
95 2
81 45
108 87
3 194
11 158
51 33
170 60
69 1
190 143
166 34
64 1
35 168
69 153
93 155
135 160
18 184
170 183
29 174
116 132
33 57
93 147
87 96
46 4
119 15
60 151
133 10
33 167
45 142
54 81
191 150
19 95
197 87
125 47
166 31
142 103
141 113
92 33
1 60
7 175
165 0
118 188
4 168
53 57
74 119
190 56
87 146
53 84
79 183
174 140
115 72
63 93
15 140
19 122
36 184
89 36
165 62
12 174
85 20
25 55
84 140
129 134
74 131
198 115
103 141
43 133
104 54
193 150
65 40
67 197
114 125
99 122
179 109
46 25
135 134
159 179
141 169
31 64
168 73
168 112
60 15
125 56
166 60
138 122
54 135
132 161
49 126
84 195
113 159
32 6
177 133
166 5
155 98
171 126
173 67
171 137
61 189
51 135
185 71
184 197
147 23
194 173
16 111
78 113
156 180
112 183
196 37
26 194
34 64
167 171
84 68
37 122
5 93
4 169
20 152
91 56
90 98
116 7
113 48
62 79
78 23
53 127
56 53
138 197
6 18
110 140
123 180
199 74
52 159
139 0
110 151
199 56
141 71
139 160
48 85
174 173
38 57
189 19
57 97
118 172
193 65
137 109
158 105
108 151
18 189
160 62
56 24
36 95
156 189
0 147
113 179
137 34
153 129
67 103
97 83
51 174
68 141
44 37
183 174
173 21
113 185
33 169
66 144
35 129
26 108
186 69
50 51
158 20
75 165
178 62
150 196
111 83
160 111
92 136
137 105
148 29
179 190
23 197
76 44
158 187
123 189
0 25
123 73
14 132
67 99
49 110
83 190
146 40
46 78
133 103
67 65
37 171
147 67
94 103
83 186
146 126
161 129
87 86
99 140
96 150
20 174
160 26
54 64
141 45
9 49
175 130
42 131
33 62
33 82
166 83
75 156
157 118
137 86
77 25
18 145
36 196
154 193
89 141
55 126
78 91
175 138
196 155
85 163
81 23
98 124
166 136
177 118
43 5
131 45
27 196
194 182
180 29
179 32
195 44
81 4
131 78
161 51
56 14
14 160
24 137
88 184
137 97
13 54
174 63
119 164
166 183
62 104
186 119
67 185
60 46
48 40
119 13
29 70
192 144
176 196
6 105
12 176
87 196
171 51
33 19
40 102
165 110
74 91
185 111
187 44
14 78
129 28
160 33
84 76
148 60
160 178
114 0
196 116
84 85
12 199
77 44
20 66
186 174
192 67
104 1
46 135
130 156
149 25
123 20
32 104
175 108
102 63
35 189
63 156
12 145
121 69
68 4
161 111
89 77
112 196
75 171
72 104
29 137
179 34
117 90
7 95
15 122
9 190
146 6
5 116
169 185
21 165
162 66
132 101
137 51
55 62
117 15
0 182
190 198
118 155
121 125
156 77
69 168
118 97
83 52
64 66
106 74
6 75
143 168
187 144
125 63
126 187
20 23
18 61
71 62
159 89
131 119
92 133
106 60
50 91
54 150
137 188
193 127
16 98
85 12
15 85
181 113
114 108
4 76
67 45
177 119
54 106
75 74
131 25
80 119
103 136
138 178
49 53
136 63
194 68
77 117
191 113
59 49
196 184
72 173
186 81
78 98
15 87
50 47
141 185
95 163
19 69
113 158
150 108
137 98
183 14
87 17
99 84
127 103
36 60
109 54
83 27
152 22
90 179
18 154
92 147
195 150
96 95
194 118
177 4
84 149
50 2
186 143
65 181
183 4
57 94
51 156
91 135
92 43
122 102
131 144
142 42
119 101
182 62
139 196
39 104
55 89
191 151
185 170
117 147
65 78
44 34
60 188
161 126
55 45
175 41
11 161
10 193
56 20
135 65
193 99
189 88
115 68
79 165
115 134
40 49
104 58
38 20
119 198
49 177
103 86
127 75
133 78
34 135
33 177
28 123
85 24
115 39
137 106
171 165
185 181
80 74
18 150
92 106
115 174
185 105
156 23
134 185
33 192
182 119
33 85
50 197
146 186
85 134
99 29
119 53
60 30
115 62
60 142
21 190
171 128
143 44
62 195
161 35
68 56
193 4
130 64
84 135
174 42
47 199
76 62
49 58
110 38
103 192
91 25
25 72
17 85
7 185
103 90
6 126
58 160
108 160
148 66
44 36
54 37
183 76
121 186
29 172
189 57
127 167
167 165
50 185
87 11
163 132
78 157
153 160
51 29
16 144
6 128
38 159
62 98
90 174
183 5
83 61
20 52
156 161
182 54
165 25
157 49
183 68
115 190
7 88
187 165
76 92
117 154
135 186
82 174
117 182
134 4
72 113
80 7
111 104
142 4
135 4
27 50
25 164
91 150
2 123
173 179
15 151
189 115
113 82
70 144
129 104
12 143
119 33
193 196
82 60
100 185
98 76
116 111
53 12
62 181
5 100
69 44
65 9
179 137
100 115
186 20
27 119
165 73
106 152
24 45
140 178
57 17
42 15
83 75
181 129
127 73
97 45
5 78
68 189
101 29
119 7
45 27
45 52
10 45
72 42
174 144
80 138
83 172
28 4
36 62
51 194
58 158
7 118
54 32
5 53
45 16
188 57
118 62
5 162
74 11
151 1
29 18
163 69
131 122
184 58
140 33
123 151
0 47
141 118
151 183
8 132
51 175
185 23
9 135
132 103
57 192
44 8
45 190
126 197
22 150
93 46
31 199
9 54
135 35
14 194
49 13
12 95
179 46
63 176
13 29
0 4
66 109
55 78
98 118
144 13
111 58
110 183
177 98
187 193
187 127
63 138
5 193
153 6
160 32
42 107
119 135
122 10
85 82
119 6
14 74
14 133
97 171
101 7
181 64
174 84
37 85
153 12
69 64
135 14
181 85
63 32
126 47
53 89
161 24
70 78
63 78
131 93
184 40
64 195
90 44
29 10
92 120
111 124
196 156
172 190
179 198
179 25
122 77
190 70
160 149
31 42
47 44
56 38
165 125
7 160
118 104
128 7
133 100
183 175
87 45
188 138
137 46
65 104
80 95
168 94
160 64
74 110
5 139
66 51
30 7
196 141
138 104
113 116
160 75
58 190
66 154
20 65
62 123
199 39
111 32
108 181
129 17
67 140
44 173
107 129
18 48
44 20
184 189
173 110
117 46
7 49
23 157
140 127
117 93
179 166
99 174
4 27
185 160
63 98
33 78
23 137
180 125
160 60
179 91
172 151
12 98
173 153
6 52
147 165
129 42
112 45
156 38
199 97
126 144
67 92
96 160
135 157
23 155
166 61
117 18
24 123
172 4
38 1
171 96
2 25
166 109
107 199
160 183
192 50
89 110
45 197
6 127
71 168
155 125
159 84
87 94
113 101
113 55
19 126
12 100
147 89
174 40
146 0
3 57
105 33
172 133
145 186
9 69
165 91
132 179
38 189
169 95
23 175
85 51
91 85
10 62
22 44
161 38
146 118
85 49
115 151
126 136
52 50
187 66
159 122
150 175
102 151
144 15
24 87
103 151
125 167
119 5
98 30
98 59
52 151
75 98
104 51
103 102
158 93
36 160
101 118
18 81
69 90
79 83
171 53
34 38
171 56
67 121
44 128
104 55
125 179
5 176
107 44
64 9
31 62
165 52
29 43
74 126
162 179
172 196
166 147
24 158
124 135
13 44
118 192
129 199
92 112
52 194
26 62
177 92
108 199
165 114
174 70
122 39
179 133
87 39
177 67
98 73
105 132
144 78
36 56
115 69
67 172
118 115
112 60
144 110
93 20
184 87
96 125
71 83
151 187
45 178
24 175
108 45
138 181
189 177
156 24
66 183
127 114
62 6
56 100
69 12
93 148
123 156
140 6
108 28
84 33
179 163
167 138
100 144
75 89
117 119
108 190
9 66
150 19
185 133
150 72
78 75
177 65
117 55
8 87
129 113
42 180
13 56
135 154
174 27
119 188
121 18
180 113
183 121
196 127
52 29
27 168
175 101
140 136
32 166
27 165
118 93
168 21
111 22
113 54
172 127
84 70
66 75
54 166
156 139
178 119
84 182
60 182
151 33
186 15
177 38
194 15
129 189
127 119
52 131
76 52
38 121
116 74
175 70
175 113
174 145
83 3
56 49
93 191
4 38
59 140
17 84
125 70
186 100
139 42
197 63
61 161
50 11
49 138
23 77
165 49
135 188
73 49
184 23
84 77
86 193
44 183
133 96
174 197
8 138
143 92
52 127
0 52
165 99
111 127
194 54
151 61
52 7
80 29
185 0
179 145
189 164
103 101
38 31
1 52
61 185
59 166
64 156
133 37
56 164
94 122
160 107
142 7
168 138
131 125
74 161
67 117
186 199
121 62
91 193
143 78
151 99
158 189
102 184
149 65
119 48
30 185
114 144
193 169
56 45
45 85
25 111
3 151
110 133
33 106
12 66
5 159
89 170
176 133
42 35
100 127
141 13
175 131
64 99
153 189
80 189
151 36
44 131
48 173
65 198
106 135
137 118
161 196
29 61
137 94
57 145
180 85
64 74
45 64
66 120
103 21
98 34
49 21
153 179
4 49
168 23
6 135
166 138
156 165
5 21
158 68
138 99
41 150
179 74
62 129
49 67
186 142
147 196
150 194
118 126
166 84
150 83
18 95
111 131
172 125
114 64
38 48
5 108
115 36
92 31
160 192
172 184
85 120
78 190
21 18
3 184
72 52
190 104
50 5
59 66
166 122
57 179
94 141
110 135
103 2
186 191
145 108
139 38
189 21
137 176
1 183
91 168
141 178
23 6
13 160
15 69
124 104
65 42
12 195
135 103
21 158
92 81
106 78
125 34
90 95
32 132
143 183
33 102
87 163
190 93
69 40
18 10
87 154
45 117
29 195
29 11
52 112
63 165
151 124
150 148
97 140
159 54
119 107
107 50
50 123
174 41
71 133
127 131
2 64
50 74
112 111
42 164
166 125
66 8
23 127
138 32
117 113
52 140
56 132
144 95
89 39
3 158
162 132
125 93
63 77
67 8
110 23
109 135
137 31
196 109
170 95
189 89
189 187
120 166
164 44
85 65
40 190
1 44
189 101
162 92
18 71
2 33
86 23
20 189
183 161
144 186
196 59
131 173
162 6
12 120
108 61
120 89
188 74
107 138
156 162
181 140
129 191
60 0
153 54
53 122
49 37
125 14
189 91
197 185
48 158
101 171
1 12
184 163
175 162
40 57
12 52
41 171
13 12
181 166
166 151
85 166
19 158
84 96
27 25
2 92
190 110
66 104
16 123
67 166
98 31
125 69
173 157
168 9
67 95
47 161
67 81
124 60
91 190
189 194
123 171
99 65
112 156
40 125
85 126
55 42
18 155
193 166
122 98
170 199
142 133
6 111
152 141
123 142
198 44
30 64
93 175
199 83
113 91
150 29
63 133
115 89
164 141
89 21
68 117
183 138
141 111
7 122
87 40
57 180
145 45
60 58
125 181
44 4
25 151
198 38
42 102
72 84
5 2
82 137
54 123
118 158
161 53
168 110
45 146
88 104
118 46
71 29
47 144
61 5
10 127
126 43
10 183
17 135
119 128
192 138
166 178
168 78
129 59
60 101
39 18
161 169
41 160
177 12
175 6
18 168
137 50
166 177
49 196
94 123
199 35
51 115
164 87
119 92
185 174
161 65
158 4
60 24
78 114
126 114
46 5
133 29
39 62
11 115
129 176
37 12
28 144
69 122
72 4
137 141
54 171
12 54
183 41
55 84
121 98
52 47
127 25
85 177
122 110
73 56
188 122
133 52
119 109
103 104
177 5
173 190
160 40
160 143
36 135
91 141
187 118
85 36
75 23
150 74
67 47
61 123
166 137
160 39
5 172
76 78
85 40
69 20
43 166
58 89
53 108
164 45
108 63
94 144
135 73
67 155
47 89
86 151
196 75
141 174
123 29
151 94
23 19
182 152
167 113
3 171
32 174
138 65
57 60
83 110
10 54
133 150
196 143
57 166
171 10
173 18
164 50
141 21
157 133
19 57
170 193
192 44
77 196
6 137
100 89
123 3
168 152
121 6
165 69
59 117
99 141
116 87
152 134
33 77
25 122
63 190
50 10
163 7
57 46
168 58
16 171
49 109
42 38
171 133
23 47
64 102
137 65
130 93
60 175
131 108
83 193
190 125
161 162
11 129
48 138
111 71
159 190
102 190
196 158
170 66
117 6
95 137
6 125
12 41
98 120
156 113
44 102
131 185
119 44
6 55
71 174
12 47
175 160
102 54
23 9
89 78
179 165
1 42
158 172
97 127
60 184
158 132
160 30
160 6
141 24
44 193
16 196
185 77
79 23
78 141
118 41
53 95
24 98
130 150
74 85
38 174
166 113
117 44
69 86
2 98
190 34
187 119
157 63
7 9
133 27
71 151
38 76
163 199
47 84
162 129
174 143
31 156
48 118
29 62
31 85
138 67
187 173
158 67
126 179
58 50
160 114
112 4
137 60
133 98
161 109
87 125
127 159
123 177
119 40
175 193
118 182
5 147
4 191
112 166
199 61
65 44
7 193
169 44
196 120
47 186
28 158
61 7
156 164
118 184
67 75
136 171
0 29
23 135
95 130
62 179
66 93
22 125
103 98
134 92
117 104
173 23
13 171
19 117
83 67
48 175
0 195
21 0
132 147
29 187
50 120
152 161
4 115
115 45
13 152
46 50
157 119
193 43
62 83
193 61
65 196
199 143
55 23
147 127
74 28
8 127
112 78
152 181
3 168
74 77
82 122
39 165
82 40
177 190
186 132
31 4
2 193
16 194
18 163
28 119
43 22
177 54
115 121
126 76
146 184
6 182
93 157
166 18
174 191
195 123
120 7
126 29
153 63
50 119
54 112
44 199
179 28
165 160
51 138
172 66
140 192
50 142
193 54
63 128
182 5
133 18
135 136
185 192
196 183
163 0
36 66
178 93
60 39
71 125
18 105
168 68
98 56
108 73
8 189
194 66
108 34
198 144
98 139
160 20
152 121
28 6
175 139
78 195
156 10
117 42
99 12
152 39
74 83
160 174
176 57
8 108
56 78
47 150
85 66
25 68
179 178
103 187
166 7
82 50
33 79
72 194
175 80
113 120
77 173
33 87
183 11
103 179
63 26
66 167
52 40
30 44
86 108
0 148
57 147
79 161
28 122
97 95
12 42
184 34
153 67
40 163
56 5
134 63
19 63
2 57
195 38
36 57
51 144
148 49
98 92
26 166
33 110
31 56
17 171
69 147
5 54
109 83
95 34
50 1
188 38
181 54
128 132
44 174
156 152
64 155
42 103
57 158
33 83
98 168
50 49
111 95
124 54
85 39
165 126
41 63
192 117
45 46
173 3
18 13
111 2
183 73
71 144
60 20
196 12
87 80
184 182
165 23
181 175
58 150
38 107
166 56
87 67
111 86
5 153
117 118
42 63
137 13
150 69
57 165
116 135
128 161
140 182
19 175
63 119
61 93
85 81
44 166
50 55
63 36
89 179
76 156
137 99
83 9
172 104
94 42
126 78
150 93
175 84
21 66
27 125
165 127
151 10
87 141
137 41
165 82
183 142
67 123
122 29
49 116
0 115
24 173
108 10
92 71
194 131
182 179
185 122
29 109
62 124
20 173
79 66
73 156
139 133
101 85
111 147
125 145
12 150
105 165
46 129
170 117
149 175
36 12
126 77
98 171
194 77
77 115
173 150
136 42
120 144
184 166
142 98
137 14
57 44
127 58
70 54
111 14
142 113
64 7
176 78
188 87
102 85
182 160
74 44
39 6
73 52
185 27
168 25
60 16
131 137
168 165
107 5
113 106
160 132
150 80
111 149
155 168
137 111
189 96
135 21
4 141
145 85
87 152
62 168
169 42
184 50
6 187
83 21
187 135
7 45
122 147
22 87
59 7
179 94
125 146
23 10
77 4
61 85
115 87
65 158
168 117
74 104
21 108
64 23
178 127
58 23
196 26
68 23
186 113
85 139
38 41
160 167
160 120
166 173
30 4
117 157
152 97
166 0
115 102
10 179
193 22
17 63
115 175
119 34
129 45
78 0
63 104
107 196
169 127
22 160
122 182
88 179
62 84
89 1
98 48
152 3
34 189
16 168
117 60
89 123
123 175
39 74
23 125
108 93
18 74
69 184
4 107
137 91
162 23
168 164
83 188
29 17
74 7
123 191
49 103
89 162
162 133
15 33
125 106
199 71
140 94
152 123
158 179
137 183
157 152
182 185
161 64
132 98
38 128
40 50
111 118
29 65
88 52
191 95
39 69
137 54
70 168
65 180
69 106
62 110
2 115
52 67
128 12
125 13
160 125
197 179
66 173
158 62
2 168
96 69
69 55
111 155
179 108
87 159
6 95
34 33
98 128
96 29
66 163
11 84
50 71
81 104
182 33
160 23
16 84
150 28
182 25
93 1
15 125
166 170
5 82
188 113
183 52
40 117
78 110
45 63
193 108
0 7
85 157
93 102
12 115
65 108
108 105
26 127
137 121
4 86
175 73
121 194
115 192
138 115
84 161
144 171
179 114
59 54
152 115
134 117
113 5
36 127
168 141
186 45
185 183
121 12
107 111
31 123
127 142
85 104
33 108
57 59
85 63
62 164
188 95
10 161
173 186
1 6
67 96
3 161
189 154
11 117
125 158
124 174
6 9
141 54
158 174
191 40
110 108
85 64
195 122
94 190
133 129
117 24
23 183
82 0
175 83
78 58
89 136
132 193
138 169
156 3
11 7
72 60
113 3
78 147
173 185
120 83
79 95
158 101
7 23
117 29
94 4
126 30
25 150
119 165
129 7
70 44
194 1
3 122
12 89
189 180
13 189
127 95
5 189
34 160
117 47
52 96
95 182
199 113
99 25
167 25
177 184
51 125
117 81
98 27
159 98
93 170
195 74
152 125
144 136
125 42
113 76
84 133
60 5
103 143
141 60
24 150
163 185
130 89
185 149
65 62
105 111
6 57
118 175
40 35
65 52
196 14
90 175
92 116
1 57
99 194
186 120
150 161
136 115
47 152
142 52
91 144
88 62
67 57
175 167
131 83
92 153
1 127
40 142
173 160
23 62
45 66
12 189
98 93
141 84
78 39
15 126
34 23
22 108
7 39
170 5
189 193
196 194
179 7
156 100
171 15
118 190
179 176
191 127
189 97
152 197
101 190
180 33
197 85
87 117
133 195
186 139
58 63
71 49
33 89
42 156
92 51
171 187
69 134
12 97
9 175
108 98
181 137
148 50
161 82
124 173
44 18
140 137
156 86
180 60
20 84
141 42
71 186
12 184
111 7
103 110
103 122
155 185
36 123
113 131
81 40
36 7
177 125
119 87
144 130
85 160
167 194
131 69
40 153
60 78
74 59
145 126
138 114
127 96
96 0
70 60
151 179
125 161
186 25
36 38
129 166
151 32
5 17
4 121
31 103
44 172
179 167
160 115
106 184
199 75
75 194
125 194
49 128
22 98
11 57
24 50
52 95
165 128
41 126
108 119
150 199
76 122
64 179
72 152
138 41
125 54
12 163
122 8
125 148
139 83
29 179
137 76
199 88
33 190
75 57
190 149
143 87
150 45
106 117
2 85
11 63
99 150
26 66
128 104
118 113
124 103
155 150
135 153
179 138
1 49
181 6
84 117
111 177
171 65
185 191
98 44
26 118
3 84
87 111
18 134
181 196
78 99
148 168
25 30
60 129
100 118
111 182
134 196
161 69
169 12
12 62
38 91
93 88
94 45
175 52
70 25
50 131
45 76
163 23
58 42
129 55
3 93
157 151
100 4
95 16
123 132
129 152
199 94
119 166
20 171
108 120
15 95
35 23
42 39
99 184
40 93
179 18
23 53
45 110
104 134
199 70
52 30
195 168
62 133
189 4
91 84
164 92
193 147
137 53
146 129
189 76
66 156
65 155
160 98
88 49
174 65
141 88
155 183
25 98
128 50
43 125
24 7
67 32
46 199
104 38
115 171
45 72
57 171
3 174
11 52
125 162
140 109
60 187
57 125
97 60
185 62
132 83
29 121
91 175
189 179
186 162
47 103
178 196
63 137
125 20
27 87
42 123
18 41
113 152
73 166
34 126
77 5
33 183
192 125
41 189
66 112
40 1
147 64
78 97
18 45
125 144
0 86
87 48
85 191
109 165
7 54
26 171
23 8
166 167
49 152
128 42
28 199
29 149
199 158
59 78
149 140
170 103
112 171
141 11
6 100
30 122
56 152
163 92
0 53
44 11
127 63
140 64
41 129
173 115
19 135
12 32
162 54
144 123
13 60
22 56
31 89
6 43
161 159
128 190
98 152
28 62
56 127
140 190
72 189
35 158
16 38
109 63
125 104
70 49
29 105
95 173
56 197
105 160
63 129
82 126
50 13
184 198
92 5
185 127
27 171
90 12
199 38
184 46
16 89
85 89
95 88
53 156
108 188
142 168
165 195
63 29
77 6
144 189
126 140
95 3
0 104
122 149
38 191
137 44
41 168
106 133
137 49
160 163
174 142
151 113
168 28
89 8
177 183
167 144
77 85
50 0
79 132
71 126
102 0
64 150
56 117
35 117
192 184
108 122
40 23
149 45
109 23
168 183
162 93
131 135
141 181
159 66
70 104
67 151
152 135
26 179
106 62
103 188
154 23
194 166
18 14
110 174
165 116
153 98
189 163
184 35
60 104
97 166
108 147
134 160
106 141
106 63
181 67
132 185
195 140
173 50
199 72
67 17
63 52
90 160
16 129
189 137
45 121
193 37
140 38
18 111
6 112
197 104
173 146
112 119
28 174
143 95
168 45
68 74
78 67
192 156
66 48
165 120
84 59
176 193
192 175
175 198
39 66
194 156
50 171
190 5
20 57
98 131
94 44
45 20
118 154
186 85
166 38
54 48
108 106
144 81
85 144
79 92
112 33
7 6
44 148
52 9
187 125
138 82
64 117
113 121
64 84
125 85
155 44
198 50
199 155
76 66
73 158
140 104
191 45
151 126
89 184
193 160
141 122
166 180
83 123
22 123
65 79
180 49
131 0
151 42
123 153
29 108
78 192
61 117
40 178
40 112
28 151
138 37
151 14
103 159
22 195
89 28
57 35
191 6
183 187
127 101
85 76
40 122
182 40
118 81
100 132
55 108
70 42
199 117
135 58
13 193
17 152
7 123
116 6
140 154
18 175
139 52
63 117
47 165
43 57
50 84
126 32
59 89
101 111
196 10
56 189
80 56
61 6
23 17
12 43
8 98
108 17
22 71
141 171
61 111
156 79
5 133
15 118
39 186
172 57
29 21
179 191
47 85
172 98
131 160
95 177
39 129
130 4
42 126
158 66
144 191
43 196
173 100
33 150
28 92
57 123
29 98
127 93
173 71
6 40
118 161
44 86
104 97
100 45
125 136
23 120
43 117
40 72
74 172
193 45
164 118
115 26
9 50
195 184
68 29
135 169
173 127
40 105
15 104
132 76
95 86
48 185
132 38
113 19
196 182
69 199
18 110
5 28
101 38
35 160
91 12
12 113
36 93
54 63
193 115
57 140
1 125
30 115
92 50
194 123
169 23
132 17
133 7
124 175
105 166
61 44
164 115
68 63
194 147
13 179
95 196
166 14
57 0
132 58
115 46
120 33
69 135
179 9
118 119
86 160
126 110
69 85
177 151
173 84
122 174
64 144
64 4
59 186
125 32
14 63
7 81
20 98
60 26
137 79
94 50
84 43
116 12
12 26
7 138
85 147
156 82
10 166
141 143
22 8
161 68
160 49
144 105
189 121
38 62
29 134
110 7
95 66
75 38
57 16
38 93
48 127
106 129
16 42
22 151
18 43
18 122
5 34
174 92
168 121
7 28
186 21
98 82
150 138
163 44
29 84
176 7
158 151
133 25
85 130
25 108
186 166
50 81
9 98
15 108
92 70
105 7
166 175
13 108
168 150
40 8
111 192
52 8
44 78
132 19
144 56
189 87
97 40
25 106
22 82
69 173
189 196
171 119
92 165
34 173
177 52
3 7
186 22
79 7
160 83
176 111
144 122
5 98
74 56
12 21
54 51
118 170
186 14
20 193
171 35
128 129
103 180
156 133
118 130
198 67
168 102
134 83
138 143
183 65
106 93
35 125
53 141
152 127
24 168
103 8
13 135
6 48
60 47
6 99
158 59
162 141
185 69
15 45
182 65
143 74
119 176
74 30
156 89
189 24
38 153
138 137
141 129
171 189
178 25
156 11
117 39
4 146
174 26
190 38
27 126
151 180
160 170
44 23
13 140
161 136
180 135
50 54
165 180
63 159
48 194
183 8
9 45
166 12
115 149
115 34
42 132
164 54
181 160
103 24
115 43
120 111
54 78
133 53
113 130
171 90
128 95
185 158
45 68
60 64
194 114
120 158
186 185
141 175
168 43
2 119
87 0
123 137
78 140
9 78
42 76
125 90
83 22
104 150
123 25
193 53
38 158
190 54
40 123
127 21
156 148
24 65
40 21
125 16
142 152
138 130
153 111
0 193
190 150
190 36
49 147
149 103
184 157
174 69
71 42
194 110
122 58
63 74
175 103
11 151
75 42
32 62
121 5
69 34
60 110
54 126
5 95
159 67
178 150
196 89
36 111
56 82
88 119
29 15
60 121
92 41
63 160
56 101
176 165
184 100
86 123
89 38
26 69
144 30
1 133
186 43
6 167
116 160
129 122
129 76
26 144
33 142
103 15
188 144
185 140
96 132
183 158
187 117
126 46
131 95
33 50
158 145
190 164
126 68
23 128
179 39
47 63
180 152
126 185
146 175
86 184
199 87
161 63
193 128
60 12
39 29
46 171
11 92
79 67
161 160
125 75
62 120
101 69
60 132
45 196
1 152
72 126
49 10
135 191
44 108
128 173
78 83
102 45
116 189
132 131
118 127
25 18
43 60
6 113
146 84
61 118
25 50
170 63
180 150
136 113
195 92
38 30
40 172
62 64
138 93
129 195
42 195
126 153
173 74
111 37
109 95
164 74
158 44
150 38
18 142
64 22
157 185
6 63
163 194
57 168
162 18
183 132
122 75
88 98
75 173
151 130
49 63
4 37
7 69
33 81
187 87
134 199
165 1
88 83
93 193
64 57
12 182
121 119
158 49
54 101
170 119
38 29
50 159
52 121
49 62
178 60
125 12
77 183
111 31
157 67
172 199
189 136
66 81
177 126
185 16
54 179
47 54
196 92
11 140
111 143
112 108
156 37
133 60
64 44
109 89
25 184
28 184
95 58
119 189
73 18
100 84
95 91
19 194
93 48
115 5
2 158
150 61
65 140
160 148
131 38
65 146
93 53
76 64
118 47
183 186
167 122
83 148
118 22
45 11
168 79
66 103
179 0
83 101
127 62
30 138
115 42
38 143
18 7
47 141
74 146
146 78
140 150
152 29
122 146
137 114
126 36
49 74
151 146
0 2
130 65
162 150
108 100
78 12
74 89
25 138
22 51
40 98
68 93
140 163
166 98
80 140
96 62
141 55
64 174
125 19
66 123
190 160
33 48
30 40
95 29
177 171
167 74
68 44
100 60
83 77
22 179
101 87
28 29
18 15
87 103
138 26
55 56
84 75
98 84
186 60
140 197
171 195
53 125
163 152
49 170
98 184
38 35
193 145
173 73
162 160
52 75
95 106
103 45
66 164
98 129
30 95
24 186
93 89
164 173
150 78
117 112
25 157
154 185
56 141
85 93
7 137
194 89
52 105
40 96
52 170
147 98
67 54
187 49
149 141
131 141
192 196
96 33
76 175
0 126
86 141
136 93
87 149
66 34
62 186
167 63
156 172
23 97
0 92
185 138
134 156
66 149
140 108
2 122
52 48
143 4
174 129
64 176
123 150
94 152
37 42
129 192
173 51
126 12
189 138
1 111
56 92
161 5
5 73
38 129
57 79
6 69
194 148
53 33
197 144
26 123
139 141
189 93
37 22
54 120
168 126
103 181
80 85
64 186
147 199
92 102
21 118
25 54
196 124
140 156
115 137
104 120
22 33
103 178
140 199
108 43
65 51
189 86
1 113
102 108
85 29
66 62
135 16
84 21
70 161
69 149
140 175
68 87
68 95
70 89
166 11
160 56
170 158
65 14
168 139
25 161
101 92
120 25
133 64
95 81
151 96
41 78
190 53
71 87
11 25
44 120
104 31
149 57
12 181
137 177
91 62
90 127
193 113
123 43
50 150
174 184
152 34
165 90
40 145
91 65
143 50
136 179
186 129
137 154
45 23
169 190
141 140
86 161
156 150
52 155
90 87
145 74
63 198
149 168
184 109
126 167
151 17
196 167
16 29
75 60
194 159
156 81
89 61
129 178
92 166
57 186
196 82
160 28
11 103
48 84
66 179
30 6
104 173
9 171
146 42
45 95
151 48
141 92
185 12
33 88
106 44
35 0
52 4
119 94
198 98
111 56
147 62
67 3
62 107
74 65
0 36
125 67
198 129
186 167
160 126
162 183
66 121
176 18
98 192
171 174
40 39
132 7
126 148
186 108
54 118
51 151
143 33
118 169
81 168
41 67
112 126
133 46
199 162
169 56
76 161
131 4
133 123
193 172
74 135
38 116
31 119
47 193
11 108
79 45
166 80
92 10
11 175
17 56
78 4
150 124
119 47
197 78
175 102
125 174
18 120
134 126
83 26
50 77
38 13
57 88
121 84
102 161
132 13
40 170
165 190
135 198
190 148
87 144
164 83
63 99
194 5
187 199
155 140
111 67
30 166
195 60
146 161
161 153
178 54
129 43
39 0
160 118
4 48
63 185
118 70
95 124
182 166
64 14
181 118
89 103
137 42
87 134
66 128
189 107
144 59
106 64
16 64
178 85
193 97
141 3
168 174
163 5
169 6
16 190
35 165
12 109
173 15
30 183
148 186
87 190
24 78
36 54
178 144
54 62
179 164
33 117
153 103
77 92
142 117
116 29
120 42
74 96
167 64
40 56
19 83
69 76
28 0
135 97
83 149
184 14
9 93
179 60
157 42
61 158
4 181
42 127
50 36
118 186
109 38
64 56
140 35
129 197
171 61
40 107
71 0
7 44
3 92
104 100
48 49
55 66
42 148
62 100
199 105
81 44
92 17
146 98
173 99
167 199
6 157
60 32
179 124
64 178
48 0
174 155
92 34
97 156
31 7
179 12
26 135
195 40
115 94
175 121
103 157
173 22
137 10
160 52
49 44
21 111
25 71
115 88
67 53
71 104
61 49
111 187
107 133
74 197
75 85
122 173
140 117
122 9
135 100
26 137
58 174
122 59
175 134
83 15
159 117
120 193
0 135
108 62
94 69
142 49
6 159
119 95
83 146
58 179
18 115
149 93
111 102
73 194
152 138
33 175
108 49
189 105
63 189
69 5
106 49
122 0
74 71
189 29
46 89
195 194
37 166
79 103
92 108
41 103
117 110
128 144
115 139
84 34
199 124
193 114
16 117
116 67
24 126
13 183
158 85
45 28
137 120
18 54
117 52
49 173
0 123
103 165
141 160
183 124
174 7
83 65
129 37
150 46
155 103
7 26
153 125
174 194
61 125
157 199
188 184
24 29
139 63
12 188
61 104
181 183
63 37
40 120
66 86
144 101
3 199
159 4
12 92
21 123
152 5
148 4
120 95
120 127
112 84
101 174
89 168
88 165
170 138
58 84
177 185
112 50
134 12
123 11
182 190
127 89
122 56
166 58
67 2
60 7
141 163
63 147
189 33
74 62
83 124
67 178
49 47
39 133
120 151
6 98
184 199
196 85
168 189
141 8
157 138
45 107
7 106
135 123
45 80
104 155
185 99
52 158
64 108
16 50
160 69
147 150
96 168
98 175
27 193
24 171
6 132
70 64
132 146
29 184
144 113
2 144
61 52
77 29
172 113
42 89
18 146
158 143
78 61
165 151
12 178
193 69
5 45
2 138
188 111
28 49
90 135
40 20
56 174
46 194
89 2
168 93
93 146
150 110
196 3
28 60
106 160
147 42
166 90
44 182
45 40
128 65
168 199
166 89
185 151
183 182
159 44
140 60
39 103
61 0
157 108
21 152
59 87
170 7
79 98
8 18
113 132
195 7
167 118
149 119
29 8
152 145
57 174
64 123
196 97
14 185
169 66
40 91
133 34
198 40
57 178
184 161
127 198
117 169
184 134
119 114
151 111
45 153
49 83
66 166
124 161
67 89
157 44
102 29
93 39
52 195
78 165
10 141
25 100
113 170
131 65
193 18
49 179
118 144
83 152
23 28
191 62
62 193
113 134
117 178
118 159
159 158
5 22
98 95
175 82
92 4
104 115
21 144
150 66
56 180
115 13
22 92
79 85
93 22
136 50
199 196
67 74
170 137
65 26
185 56
141 121
191 49
113 90
5 23
140 50
4 75
119 140
171 88
25 136
59 0
6 21
151 64
183 95
7 82
151 163
11 69
18 118
164 137
33 196
93 112
173 132
152 68
135 94
15 0
113 75
140 56
186 101
11 42
182 74
36 78
53 66
96 141
122 112
107 6
177 93
95 118
151 167
125 52
124 137
46 87
18 1
159 125
109 129
174 116
26 56
135 53
176 103
25 166
139 171
175 94
152 116
113 97
89 188
62 146
86 63
96 161
191 63
31 93
146 111
191 141
165 101
25 134
35 141
141 27
194 10
44 105
26 44
98 55
186 34
91 184
122 33
19 56
153 168
170 85
67 137
19 104
135 68
55 125
142 5
11 18
49 46
115 91
54 172
182 165
50 145
90 4
199 142
94 63
104 28
107 7
152 132
52 136
108 174
78 37
189 174
126 8
176 113
47 7
36 40
60 23
104 5
64 184
42 85
87 191
157 92
149 135
191 133
152 41
197 40
132 140
141 66
192 189
54 163
85 113
79 25
193 197
58 74
140 162
182 158
158 96
85 60
80 115
133 130
138 75
143 135
111 119
184 42
21 156
57 131
138 177
60 171
122 192
115 114
50 98
194 78
56 103
135 98
180 6
139 126
28 127
132 16
121 151
10 83
129 102
92 60
132 197
52 25
165 107
18 24
151 198
72 18
75 184
140 51
42 143
8 186
6 66
83 173
1 83
66 29
90 196
192 108
151 139
89 172
127 68
173 136
119 17
183 184
38 22
105 127
135 15
166 127
178 74
165 186
85 86
1 62
150 106
103 33
156 17
27 56
23 177
151 44
113 56
165 135
104 23
63 194
155 12
166 71
48 44
51 0
199 25
124 140
64 40
24 92
156 50
25 90
105 25
116 89
92 146
150 71
112 186
183 197
199 9
127 126
143 49
176 98
40 189
199 120
189 110
179 31
158 78
102 193
167 117
83 47
156 169
63 13
132 33
64 103
81 6
150 13
69 59
154 63
104 154
25 194
139 57
28 103
186 30
23 121
48 132
137 69
78 80
18 90
104 199
159 57
44 126
84 127
196 174
109 60
152 64
45 92
100 69
37 125
93 109
159 56
171 104
185 43
148 33
85 70
60 156
37 173
195 98
26 113
193 158
0 12
166 101
49 101
173 149
185 19
127 69
65 141
133 88
24 0
186 54
29 87
172 126
190 196
186 156
49 164
13 64
42 7
103 38
7 77
100 63
182 78
171 4
169 113
184 49
56 193
172 42
23 83
115 109
57 69
39 67
137 74
148 92
123 179
195 56
17 137
133 181
125 115
65 35
109 122
103 77
159 196
152 9
150 95
166 172
166 117
69 42
58 25
54 189
4 114
177 168
99 50
42 175
2 65
41 40
142 6
103 5
0 38
11 174
168 180
71 117
78 73
168 136
75 174
61 140
175 191
25 129
62 50
140 85
148 7
48 95
159 140
12 104
57 107
107 92
50 38
138 23
179 168
25 23
64 36
84 167
100 57
23 123
186 36
30 184
187 138
150 63
176 104
88 85
57 86
71 98
135 147
65 18
174 102
152 102
183 72
133 80
184 17
33 138
72 7
5 111
98 69
104 143
171 18
114 166
83 122
193 24
8 135
189 188
120 63
199 13
98 178
50 7
145 194
189 69
137 100
42 73
49 162
144 92
149 113
24 69
170 175
142 95
134 42
70 62
65 129
41 186
104 107
40 169
39 33
161 55
93 45
85 50
40 124
59 65
93 49
105 74
78 42
37 62
135 184
45 147
184 22
126 63
36 84
198 45
14 126
48 165
68 171
130 103
55 64
4 190
148 38
140 8
141 97
93 113
96 123
66 125
95 25
60 125
90 132
118 132
189 160
31 190
68 49
148 113
168 64
123 185
62 183
134 95
20 199
138 92
32 194
114 141
189 28
196 132
65 16
66 185
89 135
172 85
124 168
168 172
93 185
28 44
38 80
104 26
103 37
129 61
171 105
106 42
58 118
77 127
185 28
87 28
126 162
123 115
59 156
199 17
37 141
62 40
55 196
114 40
146 117
118 133
70 50
140 74
41 52
129 163
192 62
60 18
78 196
52 68
118 68
49 169
42 9
6 80
155 166
83 114
39 4
54 122
84 79
151 8
26 25
22 126
176 62
42 59
54 82
122 46
92 6
95 162
96 18
145 62
84 120
107 156
131 158
167 103
85 189
48 160
165 24
113 41
151 90
5 109
158 106
101 179
18 129
121 166
183 98
18 4
65 107
126 58
15 111
118 87
84 65
132 134
123 30
36 4
153 166
108 164
193 77
160 38
165 32
195 125
154 84
197 135
56 44
104 179
23 172
1 123
138 3
184 117
199 93
52 193
104 163
54 176
166 144
7 184
149 165
122 191
48 83
190 17
156 129
163 193
15 57
144 112
108 169
87 185
69 141
69 91
108 47
83 43
54 61
177 89
132 187
54 15
71 137
193 48
196 126
49 82
1 85
170 122
7 117
117 193
38 182
54 174
165 38
179 95
30 118
132 73
145 175
55 18
37 98
175 39
196 67
112 64
6 147
160 12
175 17
147 152
10 158
91 129
186 80
190 57
5 140
34 7
140 164
56 83
78 68
116 171
108 70
21 69
37 160
165 137
38 122
147 54
84 27
141 75
15 166
171 131
52 86
40 176
66 1
18 102
57 56
43 194
57 80
52 37
123 78
168 100
168 50
150 32
12 4
83 158
42 27
32 168
183 191
164 6
119 25
5 30
23 174
17 115
86 29
172 171
111 39
0 137
177 193
95 167
145 118
2 117
45 170
119 151
147 156
9 141
127 129
154 150
18 68
12 76
100 23
115 61
94 7
129 187
47 137
198 95
6 74
107 117
193 180
122 24
114 168
7 90
164 183
43 63
4 129
180 23
188 150
133 72
62 45
83 107
185 18
160 72
164 67
18 35
139 140
194 8
97 44
108 165
53 25
77 184
179 27
118 10
184 190
170 152
167 140
7 92
37 29
50 167
117 27
127 24
181 184
14 156
153 194
110 56
167 52
108 56
172 179
45 188
100 151
49 167
160 124
33 100
17 50
63 168
54 14
128 5
69 133
29 97
129 85
69 50
85 107
3 78
132 142
63 8
85 112
145 25
184 48
172 78
152 50
84 169
50 41
175 107
75 45
115 78
42 173
144 117
60 33
188 67
170 67
50 139
98 114
60 130
103 52
172 6
123 117
144 18
135 37
117 161
174 21
19 165
185 194
4 178
133 175
96 135
30 111
58 5
123 128
157 12
190 27
43 78
82 104
183 0
34 57
112 137
191 25
50 102
67 162
149 199
119 81
128 199
186 102
26 29
49 11
41 108
150 121
152 179
149 78
0 110
113 146
142 190
192 40
148 69
175 100
152 90
175 164
5 71
151 19
23 186
104 189
165 196
127 7
40 0
42 64
127 17
116 158
144 115
122 121
4 96
176 93
122 118
158 37
67 50
77 138
196 164
140 194
148 52
141 23
150 111
198 103
138 101
193 15
49 29
72 92
59 125
189 83
160 50
127 14
186 109
87 124
141 179
132 137
10 57
193 25
107 113
113 114
178 113
75 65
173 177
109 113
3 133
182 104
178 78
36 113
195 104
129 148
116 66
182 141
120 118
18 190
102 194
29 161
19 40
30 23
78 166
160 198
146 179
77 93
106 52
29 129
97 49
194 108
163 137
107 69
171 157
33 49
122 171
119 148
150 117
51 4
103 76
99 183
137 2
164 18
127 49
169 85
25 103
137 59
173 79
122 120
38 12
118 13
51 166
104 162
77 133
106 66
137 104
117 198
91 92
33 197
156 182
33 44
115 108
7 93
195 117
33 80
52 164
181 144
1 65
29 36
138 16
51 189
174 88
84 130
137 173
78 82
162 168
45 38
115 60
84 104
156 121
33 163
60 164
190 3
46 127
103 74
125 124
140 73
46 125
138 135
7 37
44 146
5 105
62 143
135 60
166 100
173 107
152 111
175 92
37 66
99 104
26 184
92 26
111 91
56 130
0 121
66 113
4 23
42 161
194 2
73 83
122 52
75 189
10 66
169 165
118 77
113 84
108 31
158 175
64 20
174 112
63 81
140 102
73 118
174 163
1 92
112 152
137 9
134 45
38 184
184 4
38 39
47 4
168 193
189 42
88 144
98 51
115 44
87 109
128 189
190 85
83 6
130 158
141 180
137 135
184 70
93 30
119 174
134 57
33 141
30 127
188 160
131 152
6 15
152 169
54 92
5 195
42 33
119 153
50 172
140 121
135 118
123 59
74 185
3 150
10 119
118 131
83 91
27 137
167 161
91 0
145 42
78 111
85 141
175 45
113 79
73 74
161 180
182 93
118 183
87 169
149 166
25 80
19 7
172 33
7 100
45 184
42 104
133 154
171 82
36 194
4 9
16 193
156 179
157 95
147 118
161 120
139 166
125 97
92 16
144 63
151 80
5 99
147 50
125 120
69 31
168 80
78 74
158 107
196 185
98 156
37 113
169 69
133 111
185 184
120 168
177 60
174 95
57 109
24 133
98 21
78 50
5 89
31 18
127 177
98 60
112 95
138 5
102 104
12 86
78 180
160 67
85 123
57 144
68 83
194 65
171 135
18 139
17 194
155 151
136 104
172 152
128 151
191 44
51 23
52 17
108 130
54 28
109 138
165 80
174 128
104 109
189 197
193 101
5 14
49 166
56 11
186 103
156 170
98 35
140 41
12 129
184 193
168 104
151 149
196 86
52 3
103 60
134 40
140 70
0 85
181 119
129 31
18 93
198 158
118 94
133 192
193 109
92 80
119 79
72 196
84 12
155 175
31 150
55 160
18 138
80 185
195 141
96 185
179 112
96 45
54 11
140 31
28 193
82 173
44 176
124 85
135 117
174 137
26 85
152 57
28 42
72 103
171 81
130 45
63 164
113 126
104 40
189 55
186 68
7 86
65 53
99 56
138 124
40 4
4 105
12 110
138 10
4 60
67 61
71 95
67 115
65 103
86 104
56 9
1 132
114 171
87 132
36 23
152 28
199 178
194 144
67 107
104 29
64 116
176 138
49 99
194 134
89 92
98 99
64 188
25 20
57 58
52 126
126 184
155 189
137 167
164 111
93 11
44 112
193 51
7 14
3 23
29 42
95 140
150 115
126 107
171 156
171 179
124 156
40 164
38 112
73 184
44 103
87 6
115 21
138 171
71 127
174 15
87 126
111 117
160 144
27 199
124 4
39 151
14 173
195 4
31 132
35 194
23 102
156 26
144 12
140 177
82 193
104 164
159 165
145 156
97 42
175 96
54 157
128 29
85 195
177 78
76 89
47 151
122 43
24 54
48 104
161 98
29 142
14 138
192 92
169 194
186 77
149 23
0 100
93 54
141 41
43 87
178 171
84 138
123 108
93 183
132 144
103 10
126 10
170 74
136 38
184 24
85 6
199 173
50 121
6 120
57 31
118 25
57 183
161 92
21 140
88 78
166 134
69 54
1 161
150 107
4 13
194 109
190 186
56 186
82 125
56 105
62 199
179 87
198 29
84 86
108 168
186 163
167 92
33 24
98 190
79 50
186 26
22 86
16 74
63 35
75 190
46 123
45 70
109 174
52 55
57 98
179 122
42 181
189 2
44 75
93 161
114 129
129 108
31 52
58 193
175 171
153 49
108 48
57 42
154 98
107 140
129 196
22 52
67 48
77 123
152 62
63 48
99 160
41 0
137 75
173 29
6 24
6 194
197 141
92 189
62 194
113 24
171 72
168 135
140 68
108 39
51 45
91 127
155 119
48 62
87 113
194 162
80 123
184 149
40 37
187 57
199 86
126 104
175 194
89 11
183 51
173 36
178 49
13 66
57 71
163 63
138 59
133 193
2 152
113 157
185 120
125 91
171 74
87 168
42 149
20 126
32 89
111 132
49 104
84 101
163 67
29 112
5 174
111 126
74 72
5 143
11 125
104 127
156 2
150 43
172 189
15 132
190 6
42 101
150 187
67 167
30 194
0 55
38 178
95 189
47 29
78 84
81 64
67 148
84 25
177 62
143 165
132 89
10 165
81 199
120 74
14 144
183 104
142 161
67 187
132 117
116 168
26 87
132 95
124 44
177 84
193 79
7 38
197 25
69 158
74 152
74 175
151 45
199 4
114 111
197 98
100 161
12 56
172 52
5 29
141 104
32 0
69 146
52 144
106 104
45 31
196 105
163 158
173 169
142 74
173 195
88 129
175 117
12 170
88 194
187 12
74 191
54 184
135 70
179 180
92 87
123 75
85 187
185 1
150 153
64 96
94 52
25 132
197 123
12 141
32 4
103 75
45 128
199 191
83 142
6 44
162 40
74 121
56 7
26 189
43 118
92 23
129 3
191 189
102 138
124 127
136 196
190 52
75 12
175 147
97 168
43 135
4 128
93 71
45 163
6 158
33 115
142 166
17 66
26 158
185 68
6 144
136 6
138 184
165 85
60 42
190 153
95 35
40 22
95 59
199 60
119 20
122 17
48 179
133 182
151 174
66 99
67 145
111 47
154 132
131 115
104 27
44 189
183 141
146 138
190 178
88 89
99 158
14 85
93 74
101 0
127 65
45 119
22 183
33 93
25 78
166 159
52 79
12 22
126 100
185 84
161 187
145 127
137 107
103 105
115 132
42 170
137 194
140 173
4 57
149 138
109 33
87 10
93 2
10 5
69 179
12 65
125 138
49 86
45 114
103 137
156 6
183 48
95 186
64 90
79 151
38 123
28 111
57 73
144 164
68 0
137 146
101 194
133 168
99 62
163 156
82 18
114 7
119 147
171 164
6 31
38 78
170 23
54 199
81 196
66 46
151 192
138 147
151 194
184 104
185 179
32 190
185 13
76 7
199 52
20 122
161 19
53 92
60 11
125 186
150 34
186 82
176 141
129 9
33 12
38 169
158 27
158 36
49 14
109 65
121 78
0 112
175 25
92 135
37 175
9 118
94 111
65 120
64 196
74 35
84 115
23 48
0 18
25 83
64 19
54 34
155 123
168 190
122 70
189 79
46 6
60 193
63 149
125 163
161 94
179 144
26 183
5 124
115 178
14 175
69 73
125 38
93 115
33 69
137 32
181 56
141 51
17 117
126 80
180 104
93 29
190 123
127 162
12 72
115 110
86 60
151 98
60 176
195 118
36 108
64 185
126 166
184 120
6 94
108 189
95 161
50 75
18 86
63 148
175 179
89 62
137 151
113 189
118 64
118 196
165 54
8 84
89 154
177 0
45 132
10 63
119 168
117 137
101 33
12 180
159 108
67 82
56 16
183 71
91 140
56 116
94 78
168 8
160 151
176 168
100 125
193 173
186 126
84 107
15 185
111 84
49 119
168 53
56 131
81 133
84 49
100 40
62 43
187 168
44 38
145 66
180 144
74 26
123 49
105 89
148 25
12 154
88 42
45 172
66 30
126 61
154 194
6 145
65 5
73 60
164 12
19 93
136 190
175 159
82 65
67 93
39 183
129 21
140 143
32 103
168 163
185 135
116 45
49 130
39 184
158 140
179 20
37 74
44 161
127 121
42 99
27 129
179 61
28 125
89 131
41 44
150 118
184 53
25 39
128 111
53 63
117 174
38 19
41 196
89 104
86 168
186 92
185 38
134 133
119 143
7 46
50 144
149 158
30 56
78 128
129 47
30 199
9 194
126 141
178 194
160 152
89 72
174 147
49 96
4 136
146 189
147 104
5 126
103 160
25 176
123 82
43 89
95 103
83 117
145 117
100 183
38 115
182 171
160 130
38 151
112 103
68 151
33 161
97 65
138 153
107 64
107 103
177 132
0 109
117 125
101 150
108 50
181 150
197 64
93 12
36 92
158 88
56 47
108 58
84 87
162 123
140 72
137 58
136 60
177 141
125 126
47 95
91 87
130 199
140 130
74 1
99 103
151 74
173 7
165 131
138 21
183 15
23 115
101 65
113 102
40 161
199 116
37 33
74 53
37 132
156 95
65 111
132 61
60 17
170 140
111 12
51 190
156 49
156 167
66 134
69 46
66 122
13 98
100 103
148 56
158 29
52 36
178 126
173 152
53 132
102 12
176 74
66 67
42 83
33 31
132 24
0 45
64 87
67 22
55 85
23 101
179 24
32 184
12 80
93 124
183 173
133 13
1 174
142 23
155 7
184 131
138 52
144 141
25 173
64 175
23 63
190 111
92 158
97 67
108 177
36 174
104 105
50 124
19 141
185 10
124 0
25 196
69 123
152 100
30 152
70 95
131 67
144 173
160 197
173 106
8 65
161 16
103 96
9 89
151 131
12 175
155 50
92 197
7 112
168 186
121 111
123 118
106 119
85 54
29 193
199 122
4 170
24 196
104 139
34 4
22 79
160 3
108 75
71 78
129 78
68 179
137 180
55 92
89 22
84 190
151 152
84 102
193 14
25 62
135 61
138 42
53 7
152 19
113 2
165 158
84 119
52 2
151 97
34 122
46 111
69 140
84 22
105 65
47 122
27 44
60 102
172 108
106 123
78 19
166 42
151 125
168 13
173 117
125 7
173 62
40 76
194 55
198 189
58 40
176 6
183 82
199 136
64 105
70 6
158 54
133 167
192 132
91 44
35 108
172 25
93 43
48 89
151 162
7 115
158 80
187 38
190 28
184 162
179 177
93 135
123 138
127 32
179 55
123 136
132 55
160 19
150 152
57 24
129 23
195 151
152 154
52 146
65 186
70 66
85 192
183 194
100 113
182 193
157 111
131 84
70 137
44 85
79 144
121 49
123 178
105 168
53 196
121 64
17 140
16 179
134 118
192 45
196 130
26 50
174 167
95 149
25 28
11 23
69 51
111 162
74 125
56 94
154 179
60 191
181 0
196 175
44 188
75 18
120 129
152 61
125 118
176 190
97 62
199 24
64 132
178 133
5 149
185 167
194 176
91 117
172 0
29 176
199 99
144 44
126 88
158 41
89 94
108 97
154 119
155 56
49 90
133 140
65 93
153 23
158 14
184 156
87 186
27 40
190 68
137 136
68 69
123 141
110 193
131 92
49 38
85 118
183 27
95 42
166 195
147 12
53 165
133 12
124 194
4 162
66 49
106 199
115 70
120 133
179 135
87 99
42 100
135 99
192 89
99 33
117 197
117 149
171 142
170 189
175 110
191 160
110 40
183 115
112 115
85 168
157 69
35 12
186 72
88 65
114 52
67 102
46 56
50 179
17 150
125 108
50 80
158 8
69 197
21 194
144 151
92 151
65 106
42 92
4 62
81 152
91 156
105 113
169 62
115 49
125 29
186 84
6 130
133 190
57 28
9 186
108 173
69 154
2 133
18 98
15 52
103 113
87 31
86 62
45 48
56 81
159 62
0 13
76 87
19 199
179 43
62 81
27 49
19 22
12 34
5 144
93 173
84 83
193 162
60 55
141 130
168 60
187 160
52 10
162 7
141 31
12 61
93 174
69 120
23 140
156 52
199 197
151 49
7 97
126 98
22 165
11 111
167 78
56 93
52 179
20 4
41 133
140 32
185 190
138 120
41 193
179 131
119 104
72 185
148 138
157 66
98 0
33 70
43 49
78 120
158 71
80 144
117 163
11 165
67 195
193 39
184 110
182 4
6 38
7 177
177 129
103 144
123 65
83 127
117 183
153 93
64 26
92 14
7 108
11 185
151 88
199 115
54 79
179 120
196 46
166 104
132 149
165 106
0 88
41 165
133 45
7 32
77 166
69 10
185 124
123 110
92 52
7 15
119 163
72 67
102 4
168 75
95 24
125 62
149 18
78 81
138 68
99 108
96 56
199 100
49 24
84 187
80 93
146 38
146 185
160 150
144 75
12 194
35 4
56 66
129 144
54 43
171 148
166 191
89 54
103 83
39 44
185 40
189 65
190 193
75 161
186 171
12 50
189 122
150 65
152 186
5 55
136 74
150 86
103 9
174 62
190 95
64 109
199 192
191 7
131 183
199 185
18 67
111 64
141 32
16 126
174 85
5 8
42 86
150 76
166 91
130 29
18 76
161 71
163 62
97 54
79 199
195 108
77 137
38 108
29 183
108 142
8 104
57 25
135 173
192 65
144 165
73 64
126 94
143 67
145 23
131 189
191 57
190 127
127 60
154 44
45 199
119 0
136 0
171 7
174 4
155 63
193 141
186 98
12 162
0 152
135 41
171 33
36 166
165 142
151 30
133 65
73 85
95 180
6 65
6 50
38 2
183 36
74 12
77 190
111 35
86 78
199 148
66 174
130 78
66 41
74 32
59 83
147 125
117 171
137 191
43 158
117 191
34 140
97 144
56 118
190 26
86 171
138 111
19 115
177 152
34 199
103 174
12 23
173 184
165 155
121 54
69 77
172 138
62 19
56 158
67 109
144 176
194 126
156 22
154 56
68 50
155 122
21 67
101 93
132 199
133 151
174 24
169 179
74 52
183 189
42 144
60 165
84 92
84 192
32 117
116 115
140 176
88 29
174 55
13 186
136 5
73 133
84 37
174 79
11 67
73 63
158 195
184 16
25 142
193 3
171 1
41 125
191 78
102 165
63 122
135 111
50 113
184 68
174 67
156 181
55 87
134 174
12 192
190 23
123 70
53 183
113 128
187 184
12 137
166 33
40 167
133 101
1 0
84 196
15 78
136 194
78 69
114 185
57 37
112 98
23 72
138 53
147 179
92 63
115 37
111 20
151 12
24 166
185 98
106 57
30 103
192 150
163 127
171 158
52 107
87 175
150 113
33 36
174 25
127 59
0 103
69 129
75 151
77 151
3 63
60 116
18 49
143 45
84 147
85 98
122 104
151 81
140 54
55 83
164 160
14 12
108 95
167 119
47 160
144 73
0 81
35 6
104 158
165 163
9 133
191 156
56 176
101 125
117 97
54 191
158 168
119 179
35 175
41 115
140 198
63 142
167 89
185 4
176 184
7 149
87 105
1 103
24 135
52 188
89 44
14 103
62 53
163 78
141 133
110 67
47 62
23 119
18 77
172 173
87 106
62 68
147 160
49 2
68 92
152 120
89 98
194 45
118 185
91 160
184 97
61 186
140 40
119 129
82 184
193 146
108 24
191 165
174 105
138 27
98 169
13 173
38 77
74 154
59 194
134 89
31 185
180 4
192 158
51 87
179 40
189 178
30 87
56 128
53 40
173 97
152 88
155 69
56 4
109 150
26 126
199 5
80 125
174 77
40 99
56 15
35 104
174 139
8 185
17 0
118 86
50 57
64 25
22 103
67 6
174 118
189 185
57 142
57 118
111 44
97 183
4 166
173 145
186 99
38 175
52 119
150 55
76 165
158 103
55 118
186 27
129 116
87 32
72 63
15 141
69 81
122 106
146 33
140 81
107 174
116 63
78 171
128 166
173 39
23 26
135 86
160 24
0 143
75 56
125 140
79 69
56 6
3 104
65 3
199 92
117 165
118 162
163 65
16 127
29 119
150 149
199 198
15 64
5 118
144 172
132 129
60 181
188 156
153 199
128 184
141 184
23 131
16 104
195 87
125 142
54 60
0 75
38 180
171 109
100 74
50 15
48 56
98 4
64 158
111 106
84 153
112 160
137 5
66 105
112 133
35 33
187 92
170 135
33 116
133 119
29 12
67 42
70 151
107 108
143 25
93 169
49 23
69 4
129 44
18 33
165 198
38 25
4 61
27 29
33 191
119 41
107 193
114 12
110 118
7 84
127 15
160 168
138 83
67 30
170 115
49 79
62 150
135 33
49 140
114 140
103 191
150 89
0 173
164 135
147 44
98 101
104 160
144 58
191 115
149 126
123 160
62 16
106 179
104 75
55 54
175 126
183 122
183 24
57 108
87 23
42 80
158 100
176 158
148 196
168 26
16 113
0 149
61 40
60 108
126 37
103 185
6 188
152 107
183 83
4 99
65 45
185 57
31 193
69 182
154 165
186 157
159 40
20 135
1 175
4 17
13 23
150 40
173 180
104 17
196 179
103 48
54 173
40 70
127 18
139 62
5 37
66 168
189 106
103 69
21 63
117 41
69 8
60 80
153 56
196 13
60 158
113 45
164 194
171 39
22 158
28 18
152 11
25 4
74 97
22 23
67 144
74 27
167 184
197 161
36 69
152 46
152 193
111 183
158 126
123 130
135 87
140 45
172 87
69 196
131 166
189 43
50 14
103 116
111 140
26 140
4 194
179 41
6 14
171 55
61 74
130 183
192 135
78 79
182 87
193 104
87 114
53 29
177 115
44 72
156 0
193 17
194 92
183 140
1 45
38 124
118 109
29 162
103 196
196 4
151 59
124 133
194 135
113 83
125 72
76 184
150 166
54 56
50 189
11 160
40 42
47 5
137 85
48 42
117 12
150 10
173 30
54 27
165 118
71 156
137 133
83 69
122 123
166 145
171 11
100 67
108 149
144 23
177 6
23 27
190 96
150 48
107 98
104 20
168 76
84 150
40 115
54 146
161 6
72 93
138 106
34 85
56 151
30 65
166 81
78 20
158 136
69 27
127 110
139 123
137 143
83 2
180 84
48 122
112 18
61 196
25 154
187 123
103 184
54 21
161 195
83 17
115 129
15 93
159 135
66 65
125 149
181 29
39 92
25 158
147 140
0 5
119 190
184 170
165 70
183 80
29 25
52 163
128 85
54 170
21 33
111 62
77 179
6 20
166 40
67 165
108 67
25 32
184 61
54 197
69 61
115 31
6 108
29 91
192 119
20 150
18 128
117 72
19 0
87 140
128 87
115 161
45 58
14 57
107 127
171 42
196 88
50 109
99 0
194 111
52 182
26 152
24 62
175 34
161 151
186 17
15 92
63 33
27 33
140 0
92 104
159 69
14 123
127 37
113 99
196 50
157 158
75 63
18 169
109 144
167 168
138 140
118 151
11 179
64 166
138 47
197 60
94 171
70 132
38 9
138 156
85 11
72 69
199 58
4 106
189 140
97 160
145 196
199 78
141 72
165 20
53 126
196 123
99 44
6 129
13 138
160 159
115 113
3 165
139 150
98 53
50 64
138 71
186 96
98 74
104 6
119 38
193 103
158 119
193 32
162 158
84 93
73 84
25 180
19 29
52 90
164 138
2 18
175 188
127 168
117 181
64 149
115 50
33 5
5 134
149 179
145 44
37 64
107 179
174 156
195 83
194 170
157 168
87 21
125 2
33 137
50 101
141 28
64 51
4 127
132 88
125 78
119 57
190 50
73 137
106 174
116 141
42 56
57 170
67 183
14 83
0 31
108 79
140 101
43 141
125 182
87 100
83 16
65 94
104 121
42 36
74 81
121 89
193 135
140 71
12 20
42 51
135 25
11 199
146 23
124 74
69 82
13 103
84 132
40 92
4 5
87 41
175 63
135 182
119 24
197 29
138 90
56 121
53 173
129 86
184 56
46 74
174 182
7 161
186 37
135 120
179 44
132 159
57 96
126 50
41 49
199 179
33 153
181 189
133 148
10 168
190 114
180 83
76 57
119 4
65 80
131 168
154 49
64 3
142 158
115 75
121 135
173 155
64 183
172 12
114 199
198 150
175 44
183 127
171 151
63 91
100 123
74 109
131 117
89 3
66 190
60 34
62 63
125 99
25 115
6 134
139 87
152 140
141 52
64 131
141 161
46 29
35 166
141 145
95 113
77 104
88 185
13 165
196 102
81 57
65 167
89 0
52 77
132 108
109 160
123 124
193 94
127 57
40 186
189 139
104 145
185 2
150 179
130 125
78 162
122 80
27 194
19 89
17 165
180 18
199 23
69 183
152 174
160 154
151 196
170 123
137 116
126 96
21 125
83 121
95 133
118 166
173 142
165 71
44 21
162 62
28 40
94 150
82 151
53 103
128 183
67 179
131 138
151 138
64 136
65 179
74 54
113 110
1 5
52 134
190 161
15 168
139 23
121 133
166 111
114 6
199 152
98 170
190 76
149 196
18 136
82 23
7 145
144 82
160 84
156 116
165 26
184 132
175 143
25 87
108 141
186 66
104 76
22 7
66 137
5 181
116 186
137 64
12 193
61 57
179 3
89 25
199 145
7 73
49 133
123 98
196 9
123 193
184 107
41 127
84 194
52 18
22 199
76 29
35 173
108 30
60 131
2 23
196 38
165 112
61 138
118 102
88 56
45 125
182 138
173 9
51 74
135 75
184 194
73 152
196 44
5 167
61 95
108 81
189 22
16 115
90 23
169 158
91 60
47 45
163 57
66 57
85 183
188 98
160 17
70 7
129 124
3 118
46 40
109 123
168 6
118 33
165 96
5 123
23 188
53 186
130 7
93 64
137 113
196 186
189 52
140 100
8 118
185 112
66 129
90 168
44 96
32 115
164 151
42 194
101 62
196 93
119 73
36 179
192 25
117 13
48 133
102 127
129 194
154 158
138 6
182 67
35 83
119 67
179 174
20 87
125 176
78 164
122 88
46 108
152 155
87 180
104 73
49 181
188 7
192 190
74 129
142 151
173 118
4 50
18 91
23 65
26 199
129 48
178 183
158 124
165 2
165 15
123 103
60 143
8 113
54 44
125 107
126 180
87 49
195 189
69 58
0 162
109 185
156 62
44 190
177 199
24 151
172 122
135 10
119 126
78 16
83 46
1 23
98 96
64 97
84 163
25 74
23 116
90 141
195 138
27 123
98 189
87 112
41 199
93 116
168 192
37 189
131 54
63 18
91 33
169 54
64 172
44 123
16 165
138 50
118 178
57 51
155 161
106 183
99 133
66 138
128 83
191 83
88 135
133 38
156 178
55 74
92 180
91 118
189 162
42 116
129 51
149 40
148 65
46 168
45 35
84 35
64 190
185 26
22 141
168 31
116 98
8 49
137 88
92 126
166 103
24 84
31 125
74 134
27 38
189 1
20 194
72 98
31 158
145 89
6 196
57 102
74 90
38 63
183 169
52 110
174 138
96 38
106 56
119 62
53 152
6 141
180 185
69 16
54 0
45 156
69 175
65 154
39 5
165 42
96 173
193 188
54 30
194 13
139 6
133 35
38 74
26 141
119 116
138 193
10 40
117 54
189 0
78 174
74 41
118 105
52 129
116 83
145 115
75 33
63 4
105 117
145 132
168 95
66 15
154 50
16 150
99 126
63 188
118 59
141 173
42 178
83 126
127 148
172 140
143 122
177 63
33 131
25 43
168 154
27 156
117 88
141 159
174 10
148 137
188 117
84 184
196 39
127 188
154 29
136 67
155 193
155 129
133 91
57 92
44 14
77 54
67 118
172 69
58 141
198 83
5 197
126 191
103 117
152 43
62 166
116 65
189 15
118 28
189 94
130 40
84 15
29 165
127 55
126 2
69 177
104 188
171 106
161 116
185 108
50 133
197 150
92 59
71 44
126 137
161 48
71 40
129 169
24 52
6 152
129 105
184 11
38 90
110 54
3 62
109 141
38 54
169 184
66 28
113 111
154 173
28 117
173 88
12 118
199 84
35 92
57 45
106 0
87 123
132 110
31 22
190 19
123 165
138 11
63 64
63 183
116 138
98 136
186 86
155 141
115 96
0 8
151 93
115 117
152 110
66 38
161 97
146 64
140 14
16 141
64 193
187 52
161 164
14 115
146 174
184 144
19 183
89 40
115 153
7 153
2 69
141 57
23 114
187 65
51 123
85 131
87 13
186 58
78 137
137 89
39 194
58 92
78 117
98 26
23 33
109 183
179 14
58 6
2 135
114 33
117 82
83 29
154 196
16 186
62 187
175 99
42 91
179 188
16 189
193 192
89 27
168 194
108 154
58 161
45 109
122 51
130 132
89 15
83 85
181 122
199 171
115 27
47 171
112 184
92 18
152 153
177 186
151 23
84 94
146 49
162 83
6 37
119 102
123 45
119 113
25 85
160 88
160 27
187 7
87 151
125 24
74 187
156 101
170 190
73 89
198 6
44 116
34 129
175 26
76 56
65 100
199 96
4 11
122 71
105 194
199 125
80 0
120 4
95 110
132 3
90 62
8 179
150 142
197 165
67 191
56 41
27 118
89 83
119 8
132 40
98 187
63 152
52 157
80 83
173 175
95 160
149 104
186 198
115 194
121 196
124 144
184 79
187 69
42 114
16 87
26 57
25 137
173 111
122 86
119 162
91 108
187 89
148 6
136 186
84 148
185 83
81 174
12 8
151 170
16 140
199 118
119 89
18 199
191 119
194 197
123 8
117 176
49 15
185 53
87 60
16 0
34 63
141 34
195 190
32 133
112 69
84 164
78 6
142 38
80 104
62 9
48 25
190 71
139 190
138 24
194 97
31 113
137 52
150 131
113 21
49 80
64 142
197 158
83 143
104 159
186 3
7 141
159 199
194 58
8 92
17 144
173 171
143 132
92 109
163 38
165 166
54 129
77 12
116 117
23 16
127 19
114 84
136 165
50 90
108 59
12 70
157 45
3 69
56 179
195 49
119 172
65 126
60 93
78 107
6 150
177 64
178 6
145 165
60 152
69 128
38 147
126 143
84 155
174 199
50 116
122 16
54 29
88 54
119 46
89 146
193 149
6 51
121 118
84 183
75 150
4 144
17 6
76 111
196 160
115 185
166 2
166 102
64 165
117 126
127 112
13 42
176 166
27 144
186 181
121 95
183 91
129 145
64 59
113 108
38 53
3 115
33 188
85 135
171 155
125 122
104 135
164 5
84 97
134 119
58 196
119 85
0 145
74 57
134 171
169 151
45 61
195 183
117 31
64 129
96 60
150 126
135 12
198 161
195 175
48 74
57 52
42 109
192 38
189 90
181 40
30 171
170 92
104 169
156 110
138 110
130 66
166 82
85 103
83 95
184 51
12 183
177 175
87 47
67 35
84 26
122 14
160 66
9 132
174 136
122 87
173 114
190 73
29 75
36 25
60 190
118 140
47 69
87 73
118 92
175 29
43 137
79 93
167 29
12 149
185 82
65 72
122 32
137 139
112 5
127 153
27 103
190 199
186 93
6 199
37 93
67 120
52 70
6 166
180 122
103 154
117 98
44 50
87 97
148 132
50 42
22 18
118 40
152 192
52 35
23 189
133 104
80 190
188 42
64 35
29 155
56 23
103 115
156 88
126 18
85 46
147 189
95 87
187 175
56 119
93 166
139 12
65 70
96 117
166 45
175 125
165 30
23 192
60 185
136 127
58 29
48 60
9 113
90 66
163 49
51 165
52 16
195 89
195 160
93 86
108 128
69 181
175 128
154 54
183 75
194 96
137 92
5 191
90 63
40 148
87 78
47 127
134 151
52 145
21 56
55 152
123 88
99 85
111 70
64 82
199 57
11 194
0 174
50 191
64 141
25 73
92 172
5 38
45 71
111 4
102 160
197 103
194 86
171 161
59 199
45 106
169 7
123 41
26 49
153 104
126 147
186 91
17 161
159 33
0 184
165 68
119 1
113 70
93 70
122 50
172 194
184 140
19 173
75 158
92 171
103 134
60 66
89 138
105 150
96 113
38 154
199 80
63 178
103 50
134 144
43 44
81 190
173 59
62 58
83 196
42 198
198 168
83 129
189 74
112 158
16 119
12 146
21 117
64 180
171 166
142 87
44 113
140 24
27 93
119 197
168 123
77 165
166 156
84 51
181 135
194 47
5 160
179 59
130 168
72 123
85 176
25 41
21 42
198 57
148 173
33 76
165 172
85 110
60 38
83 140
150 88
122 61
126 193
40 18
193 118
115 165
150 82
120 171
14 113
171 113
66 178
140 171
56 72
189 199
113 30
18 19
187 152
199 154
127 151
132 0
114 189
186 73
37 117
133 19
96 6
36 74
171 67
56 196
80 132
132 107
140 10
87 9
35 196
125 184
88 138
43 151
171 125
31 173
49 20
65 143
97 190
12 159
135 7
58 7
98 143
29 31
62 34
56 170
141 59
37 56
0 191
31 95
16 152
183 49
187 122
46 103
167 45
80 135
180 67
114 118
13 6
4 163
93 91
174 172
181 179
134 158
196 57
133 68
51 52
179 71
136 118
165 36
41 84
110 50
62 180
41 33
122 49
147 52
59 165
18 9
0 10
158 23
29 114
51 93
124 7
79 42
159 129
78 127
165 150
68 132
70 67
129 68
42 82
118 83
69 145
56 133
133 66
198 7
71 129
159 174
86 152
60 161
179 160
196 76
59 126
4 73
80 161
174 164
147 7
194 188
16 183
158 156
101 160
27 67
5 36
5 148
137 96
156 102
34 40
135 52
84 57
163 6
89 148
20 62
56 89
45 176
87 194
63 112
122 4
47 18
55 186
48 137
190 35
125 113
198 74
186 178
31 183
138 129
183 18
190 37
176 122
183 94
124 56
33 184
113 49
36 125
64 91
112 161
60 89
93 57
150 171
42 155
128 54
22 88
40 73
150 35
62 109
84 172
83 102
83 72
2 141
62 52
169 160
68 150
59 23
77 111
117 124
74 2
183 88
188 85
53 175
194 119
189 31
125 111
135 176
121 161
123 140
110 6
158 33
185 41
148 111
114 151
44 53
83 100
154 0
185 153
76 6
175 152
113 135
64 138
144 31
68 119
126 48
194 22
33 74
7 165
38 111
101 57
78 17
190 152
78 18
111 57
166 86
118 4
183 37
67 168
58 87
181 78
33 174
127 72
92 121
73 38
69 109
40 193
117 23
63 199
125 5
162 190
97 132
82 189
23 134
132 198
168 49
106 156
171 169
65 145
20 127
57 155
45 44
171 12
137 81
32 84
57 129
52 26
83 179
136 183
168 44
197 137
40 109
68 85
133 183
82 83
103 43
25 109
6 47
111 3
123 174
56 51
20 103
65 76
40 129
140 165
102 62
93 76
185 175
60 74
104 90
4 21
123 161
146 57
5 3
80 54
148 64
93 50
191 29
149 49
22 137
193 153
122 119
69 195
60 35
23 74
11 104
179 116
65 112
125 10
169 65
18 186
132 119
174 19
67 152
53 151
56 43
103 82
23 15
19 49
163 93
66 42
118 103
113 163
18 84
24 23
28 132
96 7
148 174
186 188
172 65
186 140
135 48
127 143
76 49
86 185
157 122
156 111
183 165
6 29
175 75
145 135
194 7
124 141
135 129
57 103
83 133
119 65
12 30
3 137
53 194
127 82
165 141
195 6
190 43
111 45
163 133
63 187
78 30
66 132
119 91
12 57
66 197
128 141
168 37
55 173
24 115
23 136
52 109
185 17
186 5
64 169
103 59
104 52
95 1
189 109
80 137
5 169
0 125
191 193
141 79
31 165
173 27
9 150
141 38
130 98
145 111
128 150
168 182
137 18
80 98
150 122
121 63
31 151
1 141
144 154
161 26
174 198
145 119
126 157
112 57
24 42
31 84
110 104
38 8
37 144
83 145
183 116
119 105
128 60
48 69
127 171
115 74
181 193
135 127
40 171
123 68
133 131
95 40
125 143
182 150
52 161
104 131
150 103
48 57
177 156
137 190
175 68
134 62
144 98
115 95
136 129
83 176
166 148
6 149
104 132
161 108
46 189
185 51
13 156
78 101
185 20
50 153
12 103
90 161
6 101
176 4
38 149
193 89
84 56
174 154
152 70
89 117
194 192
58 0
29 186
144 72
125 168
93 42
49 54
56 109
127 141
163 150
62 18
20 190
137 61
107 87
156 135
23 85
189 25
141 63
39 174
96 12
54 1
44 17
158 121
162 135
122 134
42 154
158 51
99 57
93 114
125 48
150 21
141 120
119 90
103 194
107 186
161 45
54 87
193 167
188 174
76 67
195 54
140 39
173 81
127 2
25 159
140 98
179 21
69 28
132 136
198 54
5 114
38 84
50 163
89 114
194 190
16 175
87 77
111 175
62 46
135 133
170 33
63 110
90 83
59 161
47 115
65 144
4 132
59 174
38 157
190 42
25 146
6 189
122 194
12 46
158 190
42 43
191 18
61 168
6 91
196 91
126 56
24 38
49 129
151 40
128 62
164 113
48 50
18 107
89 50
32 175
71 196
53 111
63 184
12 130
85 155
29 127
64 6
165 134
66 63
38 186
133 170
25 160
113 23
60 14
20 92
133 55
173 133
177 44
185 116
135 29
59 33
136 141
16 66
32 93
20 42
25 121
77 98
159 152
137 134
174 61
135 158
153 186
187 137
175 169
103 162
25 45
136 40
164 186
176 185
42 199
67 169
63 28
44 135
146 135
0 108
196 114
85 9
93 21
6 106
69 29
174 48
74 149
56 115
85 38
73 150
40 7
161 54
14 199
23 195
132 34
1 87
121 33
85 149
122 81
2 66
132 126
38 92
58 103
22 144
92 198
145 98
29 177
46 140
78 34
104 47
155 135
31 60
161 49
157 194
67 68
135 151
153 108
133 44
190 88
194 179
109 18
126 176
144 48
108 133
145 122
45 30
63 173
66 68
46 190
111 54
141 48
106 118
187 141
144 177
170 65
174 47
155 156
17 196
98 167
72 5
45 98
88 127
184 8
185 162
176 183
83 94
144 140
111 52
95 181
23 29
54 138
15 65
84 126
4 14
114 54
12 27
129 33
50 100
116 125
184 129
92 113
139 66
73 12
11 132
4 95
46 175
63 180
10 89
126 57
108 163
186 105
103 138
54 156
45 84
150 100
4 150
151 150
101 108
93 128
44 35
122 11
32 56
92 88
70 18
63 166
139 22
27 66
62 14
29 143
67 104
24 64
57 130
29 151
6 103
60 84
40 108
33 126
105 193
56 69
75 64
164 85
0 175
95 54
123 119
83 54
19 118
127 170
132 5
130 189
99 168
29 163
141 70
122 156
144 10
193 157
125 156
186 35
102 98
122 41
181 171
55 183
141 151
173 178
117 58
198 87
198 122
135 83
94 93
42 163
183 54
5 135
129 53
122 67
130 44
89 185
144 77
90 193
30 161
97 103
45 21
38 99
38 94
53 113
95 37
26 132
184 115
186 192
8 93
54 119
181 33
70 183
172 95
1 122
42 111
0 134
114 158
32 49
169 45
181 45
34 185
156 7
103 111
94 85
120 115
54 144
59 132
182 66
84 179
40 180
65 142
160 176
89 102
115 73
33 179
175 144
40 11
169 50
133 166
74 24
95 0
123 113
7 29
143 18
156 34
84 61
33 55
104 123
176 87
7 99
44 153
166 110
122 128
156 199
199 76
152 7
135 140
144 133
192 104
108 18
148 161
149 171
119 136
96 23
182 50
133 4
183 199
78 188
53 160
75 117
1 186
174 35
196 131
18 135
18 167
75 25
76 174
61 62
126 108
78 109
119 14
139 113
135 67
166 96
115 195
161 143
72 118
65 34
102 158
46 193
52 78
33 95
67 130
115 154
69 167
189 11
117 73
2 78
171 183
65 63
46 165
107 151
150 143
79 166
138 85
188 123
10 190
166 46
15 158
135 57
84 137
108 27
98 125
147 133
57 30
51 179
95 123
152 8
55 140
90 144
165 185
70 23
58 18
42 167
86 179
38 114
89 45
99 196
140 90
95 23
146 108
115 176
65 95
95 199
6 10
91 171
137 128
87 62
48 156
133 42
108 148
29 14
180 196
69 170
184 137
128 25
59 160
25 107
192 42
120 190
23 187
55 199
69 113
144 149
92 149
172 117
20 95
99 118
139 40
7 154
60 67
2 129
139 138
156 29
122 93
142 111
171 190
119 42
4 165
93 192
8 57
43 175
174 111
44 194
128 103
27 152
132 54
39 52
93 119
174 73
127 144
150 137
132 174
175 15
114 74
179 183
8 62
151 143
141 17
184 31
3 98
154 190
156 104
29 41
90 54
44 42
96 152
175 54
142 0
142 93
184 139
150 51
87 85
160 177
166 192
147 87
18 123
84 189
83 92
57 63
23 21
17 166
90 93
152 136
161 105
192 29
182 175
28 83
60 62
42 87
193 84
167 44
33 134
193 67
149 189
115 58
157 179
166 124
186 33
38 37
32 52
193 151
79 5
127 39
141 101
89 142
123 131
165 148
88 38
156 103
44 79
57 18
11 5
20 108
143 173
158 173
115 159
123 79
142 179
91 23
57 9
99 161
140 191
194 49
127 38
34 49
42 61
88 50
197 42
157 150
135 82
168 181
24 93
154 6
101 4
66 40
103 147
19 108
19 5
196 119
36 150
156 190
45 105
35 93
60 173
133 23
143 57
182 83
74 86
42 47
39 95
18 158
186 169
147 161
118 34
123 105
197 156
91 67
55 67
65 191
193 129
183 188
3 87
128 92
89 35
189 62
153 66
59 133
132 156
18 101
187 133
116 54
169 89
194 67
60 79
43 95
191 194
92 115
156 41
161 43
104 196
72 66
97 133
73 125
59 135
147 95
127 9
171 162
26 173
30 158
155 49
171 147
140 88
113 4
97 185
165 97
139 135
157 137
6 86
37 60
44 87
186 75
120 194
120 132
52 102
152 48
20 184
20 33
190 117
73 103
52 85
2 108
139 65
197 62
126 70
182 137
151 55
110 137
155 60
66 33
37 45
38 95
137 68
199 77
83 93
166 197
52 19
72 190
41 104
23 57
36 138
73 185
141 154
133 196
87 2
66 11
74 22
89 153
127 43
2 190
115 111
12 28
35 50
129 8
81 175
133 198
153 183
2 7
95 141
85 35
136 108
196 142
67 62
111 10
157 64
86 115
144 157
51 133
55 4
144 38
12 148
195 57
192 18
199 10
36 132
189 166
70 69
48 186
199 15
25 13
188 69
81 113
77 158
141 156
53 104
162 87
70 173
114 18
190 8
149 89
161 0
38 126
139 74
119 75
78 170
45 137
98 67
71 194
59 56
103 183
102 78
45 182
92 103
85 59
12 83
3 127
139 127
22 54
139 78
131 66
64 154
54 94
31 138
3 18
78 93
49 171
198 194
97 150
194 98
121 87
182 129
0 144
106 67
135 38
156 30
8 56
4 7
117 10
52 192
132 182
115 35
198 138
108 82
159 183
26 103
41 60
45 29
139 69
79 38
42 14
72 108
186 151
117 92
40 83
65 7
127 66
190 90
5 168
111 40
156 96
173 102
193 98
187 93
6 49
98 81
74 92
164 129
20 54
7 134
140 53
77 62
126 81
8 150
115 65
36 49
151 147
194 37
56 34
128 196
100 66
97 69
173 138
75 193
73 23
10 160
36 87
151 37
44 52
114 25
171 168
103 18
67 34
71 67
63 186
121 144
103 93
22 50
132 86
152 114
38 18
60 49
132 52
183 129
133 16
191 184
131 62
63 87
51 95
123 53
190 99
116 173
162 174
128 168
22 104
132 29
35 103
199 166
95 14
176 175
52 100
180 115
196 42
103 139
132 170
148 141
12 39
132 2
74 19
5 75
161 154
175 190
87 145
4 137
125 105
181 38
111 123
185 171
66 78
158 82
159 186
61 141
94 12
140 161
150 98
86 138
159 64
65 153
6 16
178 29
165 146
117 62
105 0
196 153
137 1
197 196
52 87
188 66
150 177
164 4
50 114
194 18
38 69
187 196
38 138
73 6
57 87
0 197
168 33
109 173
33 1
23 38
118 16
74 107
173 123
176 67
19 50
132 82
12 105
89 155
110 185
173 16
93 58
8 111
64 189
130 126
45 177
28 84
103 16
5 106
59 190
34 171
64 5
95 164
137 102
66 47
170 125
171 76
42 25
33 185
94 40
186 106
126 3
161 21
2 179
42 74
69 67
183 50
60 65
199 16
44 186
135 177
119 130
71 123
0 171
124 49
173 196
142 44
149 174
183 46
73 138
186 111
47 168
115 8
23 161
141 110
18 36
50 21
190 106
40 60
134 84
117 66
8 50
83 96
199 165
138 72
113 27
123 39
173 78
60 94
9 174
54 31
138 58
25 33
5 96
191 56
194 85
62 161
15 113
196 152
140 36
38 83
132 23
199 180
157 183
69 116
63 61
112 25
103 19
138 145
45 174
117 179
190 109
167 83
119 66
126 116
40 188
18 151
25 190
132 124
89 26
92 152
6 109
195 174
124 63
150 134
73 67
29 160
174 97
90 6
69 102
144 11
151 199
179 193
6 171
25 187
113 177
145 4
140 113
123 48
82 140
164 152
175 50
76 63
37 69
101 117
53 174
93 62
165 33
128 57
179 187
1 108
49 174
69 22
177 158
132 155
90 186
156 173
116 0
65 90
93 154
173 198
143 63
124 165
65 165
146 171
55 38
155 45
115 83
166 27
6 5
160 87
117 34
40 141
53 60
152 105
196 198
113 59
90 199
95 60
0 164
69 162
1 190
161 81
95 74
105 140
150 79
132 188
150 57
91 185
161 179
74 69
49 22
104 198
63 22
168 42
140 58
168 113
101 74
95 101
23 50
44 152
161 14
4 108
103 129
193 73
85 71
109 125
71 184
190 134
151 5
140 120
98 141
55 138
140 79
40 194
52 98
138 190
82 168
39 190
1 160
136 12
45 34
131 186
158 89
161 56
116 123
56 77
22 117
157 189
157 132
5 102
40 13
130 179
89 186
199 111
67 126
115 122
190 61
171 44
188 0
33 194
127 122
165 153
36 171
24 111
126 190
173 147
101 45
135 22
19 92
27 140
58 129
91 158
105 38
117 53
160 65
127 195
63 89
0 192
159 126
90 150
51 62
150 186
49 89
140 25
59 50
42 108
123 198
78 142
82 84
81 25
191 92
156 90
3 103
174 86
66 91
118 51
0 107
104 2
70 57
156 83
118 142
151 7
174 176
123 37
150 167
32 23
4 103
39 50
115 64
32 196
179 118
95 146
57 29
153 133
11 118
186 49
70 4
66 3
57 182
129 32
123 32
63 196
92 61
123 52
179 6
149 50
78 189
38 102
168 197
193 33
87 192
168 19
160 68
183 101
85 30
100 64
62 155
25 183
164 117
65 41
86 133
192 69
127 13
158 13
171 2
66 107
138 118
184 133
18 147
165 162
19 60
199 98
173 5
111 198
39 166
64 128
163 89
194 112
78 108
93 198
85 114
105 42
49 159
10 186
175 120
173 120
22 78
57 5
171 196
0 84
12 17
56 146
87 167
168 107
152 35
137 149
194 23
156 15
55 175
185 152
166 174
21 92
93 167
183 43
43 140
147 184
113 67
119 71
44 29
25 152
151 69
84 63
171 193
1 158
25 141
123 154
149 186
67 190
192 161
114 184
44 122
100 141
86 119
90 85
118 53
189 117
59 4
57 68
158 55
64 39
88 84
71 7
170 168
154 60
173 126
25 34
199 112
4 157
95 100
171 29
93 171
173 125
122 68
66 199
49 98
162 60
42 68
92 125
1 173
22 138
189 182
163 166
78 103
140 148
129 5
115 28
67 139
32 18
56 102
164 158
98 36
12 19
184 59
80 160
99 45
51 152
171 19
66 175
145 63
74 8
97 126
195 50
123 74
154 166
114 150
127 92
119 21
60 68
95 155
185 47
77 78
193 161
21 64
90 84
43 85
49 198
74 159
158 153
62 130
94 113
157 0
125 110
56 97
62 92
49 94
182 23
145 92
15 4
25 1
191 190
133 146
119 64
139 122
137 125
103 62
113 195
117 139
13 89
160 140
21 160
135 142
74 99
60 25
12 6
69 138
137 196
102 74
135 1
34 193
188 125
77 57
113 153
135 199
190 183
1 156
187 140
93 23
106 194
19 87
160 42
20 0
175 197
52 130
121 171
184 44
50 132
173 45
150 0
171 107
99 95
178 5
173 182
137 40
125 8
189 159
163 83
95 125
171 25
127 86
78 155
123 84
190 188
127 106
181 194
95 9
58 183
165 72
175 142
104 46
103 171
161 172
74 13
50 193
52 154
46 141
150 169
64 164
165 89
104 30
173 130
190 103
123 15
9 158
138 112
62 17
49 92
92 64
183 45
5 90
193 124
140 180
40 196
79 179
194 100
173 134
23 166
62 170
57 22
60 59
165 93
118 156
175 112
156 39
2 84
123 63
140 179
33 40
91 49
52 168
25 3
88 125
147 83
28 52
161 139
179 105
123 143
95 166
181 74
81 29
60 29
28 196
52 54
49 52
125 26
33 176
91 57
165 55
34 0
100 160
48 111
175 58
51 49
180 132
141 172
125 128
110 119
103 70
56 156
191 132
79 64
193 81
29 124
70 171
46 44
7 66
118 76
50 61
165 43
139 144
162 166
165 192
69 142
60 159
54 136
133 125
185 58
88 6
141 62
67 14
33 133
7 43
20 50
106 103
45 43
49 5
61 87
139 44
38 164
162 138
192 171
138 95
178 151
12 82
122 142
55 63
101 161
152 78
106 144
55 123
77 45
96 183
166 52
20 18
73 0
53 189
67 134
74 34
111 158
161 182
100 119
149 67
32 119
46 92
12 2
1 138
165 61
110 171
67 56
0 90
82 63
98 39
25 147
38 52
108 37
159 184
29 164
175 109
176 38
85 92
144 146
58 151
53 69
111 0
147 65
80 173
65 87
64 88
159 92
17 125
159 95
44 121
90 108
87 156
34 151
66 4
40 144
97 66
85 146
34 52
100 193
33 67
153 52
158 12
89 65
136 133
59 150
171 197
6 27
129 154
26 93
141 80
199 101
88 193
160 8
194 165
65 77
118 1
45 160
169 132
99 117
117 57
146 104
199 169
93 95
184 74
95 64
32 44
171 21
50 194
45 104
85 53
5 74
129 125
64 145
93 120
158 42
80 64
113 190
50 166
29 113
7 140
159 18
25 8
25 56
128 67
72 132
62 126
14 174
56 178
38 21
89 106
81 129
130 42
60 27
13 129
73 45
12 191
67 77
156 70
149 118
71 63
5 122
135 76
56 143
81 194
155 83
101 173
89 178
123 92
66 146
95 114
152 59
97 158
87 74
44 58
128 140
41 83
5 110
7 102
120 174
168 184
6 93
42 183
101 184
195 199
156 136
53 52
32 108
92 25
28 93
130 54
171 22
172 103
59 29
124 122
64 0
65 152
179 4
131 49
118 17
175 86
132 153
40 79
120 38
91 104
84 105
45 13
78 1
7 183
127 146
104 7
157 175
30 179
17 69
1 179
83 112
192 64
74 183
140 96
34 42
39 119
129 168
155 66
108 158
62 30
102 144
161 72
22 62
97 0
38 170
99 54
111 29
118 49
122 31
182 63
183 40
85 10
126 106
113 88
77 161
25 65
117 20
104 4
137 186
0 176
42 10
31 83
174 153
64 122
174 30
190 121
185 45
12 71
132 65
57 113
41 173
12 18
126 40
135 55
97 38
102 95
165 122
105 135
94 129
93 14
188 50
145 160
144 53
44 109
19 25
119 199
174 98
197 57
138 121
135 31
124 18
70 87
90 129
33 195
34 144
150 174
7 87
88 186
117 85
80 113
93 188
25 177
60 174
0 37
41 184
129 72
183 154
63 132
52 113
58 156
66 35
183 180
98 115
110 64
52 5
104 36
156 93
143 117
198 56
94 18
84 81
179 81
95 84
119 76
150 60
199 137
168 122
94 132
150 185
186 147
107 33
151 65
62 144
9 60
38 71
125 89
85 193
0 168
126 169
121 108
173 121
63 60
107 63
139 132
44 160
52 181
175 65
25 116
18 56
35 183
175 165
196 31
137 169
147 115
190 124
90 33
100 78
80 111
30 129
42 186
168 92
35 78
153 171
67 80
0 153
133 165
82 152
9 0
7 16
136 22
96 138
9 123
111 43
173 191
66 136
80 5
51 196
26 0
72 0
103 55
5 180
160 92
98 119
74 88
44 104
127 54
120 119
127 125
117 130
115 71
18 89
27 92
150 120
179 80
170 108
41 23
151 84
51 199
151 104
172 93
22 127
119 83
62 80
0 43
199 64
122 113
179 134
124 92
50 3
135 148
183 102
52 149
151 9
103 108
81 87
194 139
9 126
45 165
158 40
23 112
45 14
99 69
172 185
109 117
65 13
20 63
193 49
51 60
186 195
152 144
147 185
161 166
62 157
32 185
63 130
143 179
85 109
96 144
141 107
192 6
144 89
187 5
33 187
40 32
112 193
184 10
91 174
190 89
126 183
22 190
199 188
143 144
111 19
132 12
152 148
117 69
158 181
189 100
84 129
5 7
183 3
162 85
117 136
23 105
50 105
196 30
43 40
106 185
69 88
77 0
23 37
172 63
184 123
84 106
111 171
107 185
127 197
185 3
141 198
146 141
133 31
52 97
54 145
123 93
119 58
95 10
63 79
197 6
65 124
199 67
189 175
77 160
161 135
173 91
190 14
28 161
47 183
49 31
28 126
107 118
37 199
184 67
58 123
64 170
15 184
108 88
100 138
30 89
188 126
113 18
66 110
45 152
158 122
104 68
199 53
174 127
95 178
4 89
65 117
189 126
175 61
198 137
90 184
50 186
108 139
131 6
119 19
168 30
135 115
156 85
36 141
79 185
176 95
68 199
108 51
55 115
81 165
115 10
122 100
102 66
175 40
60 50
3 38
27 127
56 182
104 185
108 127
39 65
56 104
161 131
147 33
76 25
18 53
89 101
108 138
155 54
160 46
84 144
159 138
23 18
3 144
119 115
82 89
165 152
8 64
152 162
168 54
127 149
150 70
143 156
33 155
156 43
173 167
93 141
12 156
138 28
166 69
103 148
161 36
7 158
55 111
54 148
175 137
184 65
117 49
111 49
60 138
127 176
26 33
127 181
137 37
196 163
195 18
183 193
12 108
115 54
180 119
83 64
155 25
62 5
44 156
93 159
153 29
190 0
83 108
57 89
94 67
89 128
187 166
115 127
4 117
131 5
131 87
136 193
119 22
39 23
189 67
179 98
112 89
189 134
189 165
98 54
87 137
64 27
29 50
60 6
143 166
131 190
115 133
84 188
170 25
12 165
111 189
172 115
29 103
93 13
72 33
170 6
174 192
175 97
108 104
158 141
156 198
69 190
128 185
172 129
146 103
139 152
103 177
151 140
175 49
90 185
180 98
16 4
190 135
67 36
28 156
145 150
72 174
79 125
121 160
7 196
48 190
199 175
191 111
90 67
74 15
71 189
117 153
95 49
108 184
92 185
5 146
65 4
144 150
67 112
2 161
151 182
151 66
161 113
102 126
151 101
6 122
23 167
85 106
75 152
71 54
135 42
138 134
139 199
3 29
134 50
163 98
196 94
12 127
113 184
65 121
129 56
133 188
22 180
193 30
60 71
155 126
1 193
186 4
95 145
151 73
104 191
18 46
95 135
3 140
0 198
83 57
35 29
37 185
116 127
69 43
140 12
74 108
63 113
52 42
184 37
177 66
154 125
193 72
54 180
32 45
21 133
53 78
11 127
119 183
25 7
162 42
114 117
85 58
131 129
154 45
51 117
90 173
174 126
40 177
127 33
74 165
64 71
5 13
61 133
49 176
6 165
87 66
84 170
168 103
11 190
56 2
181 7
113 89
132 20
100 165
42 179
151 35
188 25
196 52
46 42
64 126
69 92
194 149
117 185
133 54
58 152
57 32
34 89
142 85
43 132
0 178
5 198
49 144
133 113
10 4
77 140
91 54
70 83
108 144
119 43
156 32
67 46
185 52
192 126
182 123
167 54
72 179
56 1
10 123
151 190
50 32
54 134
10 93
52 82
47 25
180 93
44 149
146 67
56 87
126 129
55 65
114 161
44 178
140 44
198 125
139 29
150 119
66 126
192 7
34 103
54 105
179 76
113 143
193 8
63 146
25 49
153 60
158 86
31 65
85 121
17 42
119 97
58 52
34 194
66 18
111 85
191 168
42 62
134 64
132 164
187 78
189 58
188 49
97 33
32 118
84 165
145 113
17 18
132 190
72 111
152 109
119 60
199 29
124 184
38 197
29 56
98 182
23 0
134 65
5 97
111 109
129 170
7 8
110 98
115 143
54 16
181 89
1 144
99 18
87 166
9 189
19 166
185 44
45 17
88 45
150 136
44 95
54 68
134 161
53 115
81 65
78 47
132 46
157 123
136 65
125 86
6 183
38 193
157 7
118 29
78 135
145 140
78 29
133 82
35 56
145 103
64 41
117 95
3 0
150 172
64 125
168 17
115 79
62 190
49 45
80 40
64 52
40 187
193 143
150 52
97 4
11 62
17 49
163 118
152 189
50 65
175 31
150 170
93 0
57 41
129 15
102 87
84 4
40 90
140 86
117 26
65 37
175 119
56 33
117 129
151 76
18 100
49 107
104 9
60 69
157 40
60 146
46 158
2 40
65 36
74 10
138 142
113 183
184 155
93 195
14 104
66 19
113 62
135 47
45 158
76 185
185 121
195 66
75 54
79 152
56 165
143 54
127 109
6 133
92 190
125 164
151 181
93 4
135 63
18 119
159 151
109 168
100 38
95 92
41 190
82 62
5 155
199 194
39 83
89 17
175 106
152 194
110 161
63 114
5 127
71 132
196 19
98 157
185 188
189 145
156 9
172 186
127 44
38 152
126 79
186 124
143 133
99 83
195 65
88 18
172 175
18 187
165 44
7 159
58 56
68 12
70 5
193 106
64 49
133 8
2 140
44 181
21 52
156 78
101 52
24 194
57 177
119 70
56 85
72 168
75 62
129 70
129 0
192 173
41 7
111 41
145 161
110 57
25 139
125 169
27 65
15 137
193 9
164 166
94 29
84 19
196 125
130 69
158 53
92 156
74 3
60 45
115 187
7 67
119 78
63 70
156 128
174 43
126 154
177 194
135 175
106 40
25 125
138 40
150 23
142 160
159 171
119 37
185 94
107 54
89 197
45 36
132 18
196 113
61 156
154 127
138 19
59 193
44 19
69 49
150 2
66 83
104 142
90 115
143 85
7 89
150 176
151 41
69 156
177 117
151 109
158 167
25 113
48 78
172 38
105 63
42 159
82 194
199 82
96 193
75 69
21 132
18 148
15 150
89 97
130 74
139 54
59 183
192 83
57 65
156 131
183 87
42 185
162 52
93 105
105 138
2 63
0 42
115 157
4 79
129 101
67 64
185 139
197 173
179 35
75 40
54 192
29 157
164 185
18 51
6 71
36 189
66 73
151 117
196 170
78 132
137 147
139 118
21 60
67 58
160 113
104 95
42 77
66 98
116 166
19 193
60 76
164 57
30 33
125 58
85 108
146 150
171 129
126 120
169 123
70 38
95 56
49 0
187 83
144 168
111 130
79 122
132 44
29 67
20 113
74 113
190 167
46 84
175 3
9 185
135 40
92 32
81 52
101 168
42 110
6 36
57 156
168 7
128 179
122 101
137 130
41 194
163 25
45 83
21 7
160 9
156 84
82 25
14 0
161 106
89 90
66 193
48 171
194 187
92 140
127 80
84 157
101 196
137 122
74 132
167 152
184 178
74 112
186 187
73 95
79 87
47 133
190 82
193 178
55 12
81 93
25 61
104 186
4 85
128 135
158 17
78 160
139 60
149 152
145 133
175 47
6 186
113 165
132 93
160 73
141 138
86 83
130 186
87 193
114 57
22 132
127 64
69 164
151 20
28 140
49 190
171 43
185 85
158 72
133 75
86 190
160 54
34 6
167 129
63 0
138 57
168 88
7 139
98 91
96 42
132 99
111 59
118 31
17 138
144 163
197 115
18 30
108 117
183 61
146 152
42 182
58 171
78 51
33 157
99 171
138 97
140 131
196 162
185 29
129 142
166 55
161 127
180 69
104 113
134 49
24 118
175 161
190 180
87 5
73 29
26 129
99 119
185 148
111 63
136 185
93 133
18 26
152 24
83 105
25 153
138 87
158 144
20 161
91 89
123 148
180 66
174 2
179 19
95 192
148 23
190 105
40 152
156 99
32 152
146 156
103 63
168 83
38 51
108 68
3 189
4 110
151 63
23 61
169 133
111 89
40 155
151 16
104 33
115 155
167 0
144 199
119 169
12 138
80 103
82 29
59 189
173 85
132 106
44 62
123 81
150 129
137 129
197 93
25 21
196 79
33 199
106 83
48 7
127 130
72 38
140 142
40 143
196 68
92 90
18 197
175 28
13 84
177 196
129 173
33 139
171 87
54 86
89 129
5 188
84 162
19 98
197 125
139 49
84 6
175 174
175 127
52 59
104 79
170 44
167 108
191 125
198 33
174 193
29 32
140 153
140 76
170 0
86 40
174 52
74 162
50 43
163 115
166 53
128 118
105 133
170 141
95 139
153 18
23 111
20 89
132 109
193 63
59 6
3 108
198 18
76 23
23 103
140 66
187 42
105 173
197 108
152 76
194 132
44 110
174 131
116 133
90 42
103 81
152 103
94 173
28 56
69 0
92 130
128 115
80 117
13 174
130 193
77 119
137 168
151 0
9 144
74 148
168 145
37 152
176 186
43 52
160 184
158 32
63 95
38 168
71 135
97 115
92 188
111 170
128 52
21 104
13 113
193 95
164 23
20 5
119 69
65 122
132 91
137 162
104 43
67 13
122 114
137 19
92 150
13 190
139 158
7 197
6 102
115 6
156 109
123 35
54 39
11 186
0 27
174 22
144 107
115 182
116 104
168 65
45 33
102 199
25 69
30 42
73 189
156 176
3 33
21 199
40 78
65 164
165 121
158 81
197 83
120 29
76 83
176 50
90 29
113 198
158 191
141 167
115 82
62 114
47 179
133 26
113 174
5 85
50 141
158 98
123 125
188 4
98 106
147 144
8 144
123 99
123 127
197 84
135 72
6 184
122 89
37 89
189 10
12 45
21 126
126 123
118 189
47 196
67 141
21 137
181 98
63 171
77 60
7 180
29 170
37 150
126 95
189 66
18 79
106 50
0 118
19 65
3 40
118 129
45 90
67 20
21 183
135 144
173 87
65 54
142 92
98 164
98 148
158 109
52 33
66 58
81 160
131 18
183 108
127 192
92 66
177 122
65 114
0 187
94 166
166 185
44 118
95 152
154 33
31 66
119 161
175 36
169 0
100 54
87 110
34 168
166 157
196 5
45 189
51 132
95 94
117 25
4 138
64 139
93 160
171 79
125 84
34 93
5 42
118 60
118 148
54 188
176 123
71 4
103 40
194 90
0 67
95 46
56 168
11 196
127 150
11 168
135 183
44 55
36 129
130 185
24 83
61 66
5 117
126 11
44 125
64 94
75 132
133 199
83 184
122 36
59 171
33 71
43 66
134 168
147 40
144 39
131 193
4 151
42 153
175 20
165 138
137 39
69 95
167 111
199 110
144 32
89 81
12 64
176 189
6 174
135 64
193 186
144 29
136 44
126 105
180 118
142 189
132 85
158 95
31 161
25 126
192 74
7 172
28 165
115 105
48 117
11 133
8 85
57 124
33 152
170 173
113 71
7 98
161 15
197 95
188 65
164 193
149 161
86 92
3 166
111 159
31 23
75 49
142 12
191 161
70 185
35 54
36 133
14 129
194 91
7 78
38 106
93 87
156 149
74 111
174 133
14 33
112 151
192 141
12 49
151 54
161 186
28 133
8 166
126 4
122 84
129 10
14 141
189 17
80 4
150 1
162 57
89 174
113 154
175 114
78 169
15 179
155 108
122 178
31 126
118 39
68 103
23 67
193 26
117 120
23 159
50 162
116 118
45 74
4 153
32 135
20 141
127 85
122 163
145 144
6 143
124 119
136 7
12 48
6 25
103 61
122 96
186 175
155 113
85 171
103 88
29 100
161 168
110 25
119 26
18 156
174 46
137 93
52 56
87 4
13 69
29 89
115 186
125 50
173 119
169 57
176 199
161 194
37 140
62 112
155 190
10 60
4 173
171 130
196 15
65 190
147 141
8 156
175 132
45 179
7 146
157 89
194 146
123 199
84 142
190 166
199 2
47 40
171 62
173 92
165 66
184 121
50 187
171 163
57 55
184 43
83 60
6 89
98 104
181 93
78 179
111 163
100 85
103 119
44 10
74 163
189 133
114 186
118 6
133 122
23 99
28 137
151 176
166 68
9 92
84 1
85 159
168 74
102 25
67 38
12 198
125 103
41 161
59 18
18 27
65 199
152 122
89 107
160 31
180 52
3 85
137 20
127 61
83 136
37 118
22 113
111 165
32 83
107 190
163 135
166 72
83 51
184 127
18 152
123 181
111 98
190 116
165 14
2 196
151 129
167 135
62 140
120 189
186 67
194 113
7 85
67 19
165 5
19 184
56 65
125 9
37 25
152 158
118 36
86 56
192 113
33 164
84 139
23 179
126 51
99 115
150 116
66 147
51 168
190 146
50 151
194 29
23 122
197 44
45 118
150 85
13 92
151 89
138 46
124 45
117 8
178 111
149 54
104 64
135 56
137 158
85 199
144 99
160 136
63 169
2 175
167 57
47 184
7 63
110 65
122 193
0 62
166 13
12 119
9 165
52 13
64 48
40 74
28 95
82 95
107 29
168 12
93 107
152 126
136 33
1 7
175 67
45 171
76 115
115 142
196 60
22 95
71 103
121 193
22 85
116 194
44 141
33 9
29 159
190 181
18 141
61 119
101 64
158 146
142 184
167 62
72 64
173 181
141 190
29 110
101 126
144 93
47 123
184 165
111 81
165 94
17 183
49 3
23 193
127 35
68 193
69 32
20 129
30 190
74 9
153 118
175 178
54 73
30 140
72 50
161 27
125 178
29 55
177 56
84 103
23 130
111 88
62 172
140 116
95 50
132 27
14 117
119 152
74 166
129 80
22 178
179 17
63 140
29 190
23 46
76 141
185 161
26 5
45 59
132 176
93 41
38 82
12 7
189 167
6 11
92 78
167 132
76 54
5 175
53 83
93 121
61 60
11 193
84 136
127 156
168 159
49 72
184 152
86 126
105 183
194 130
151 106
127 189
145 171
69 136
133 161
95 11
126 35
33 178
150 87
111 197
116 40
143 184
46 144
48 92
5 157
104 114
187 95
78 159
129 147
103 173
160 171
95 194
175 71
189 151
184 94
24 144
84 178
116 84
199 161
0 33
89 175
101 66
113 60
67 28
185 125
144 169
50 30
85 19
193 140
179 5
113 182
133 159
115 141
151 168
144 161
161 137
9 117
140 134
140 89
73 65
133 20
123 97
150 27
132 168
16 18
65 178
88 60
186 2
121 57
154 186
135 27
117 36
49 42
98 94
172 137
60 144
83 0
4 156
199 89
63 195
28 194
189 190
135 114
22 6
126 195
52 27
180 129
159 150
175 129
65 197
60 8
123 76
4 161
197 49
93 126
183 81
111 172
119 96
94 66
162 115
180 111
130 33
96 25
148 45
67 132
85 198
187 113
44 80
176 42
179 37
62 198
43 144
38 40
83 169
160 157
156 33
57 104
87 136
42 124
126 45
192 66
57 137
104 10
22 175
129 87
18 172
199 36
54 72
35 132
178 168
199 160
90 122
73 141
171 100
175 30
93 145
56 188
152 133
56 194
164 122
119 51
173 188
92 184
133 109
50 111
152 99
96 85
141 166
7 57
2 183
161 176
127 179
9 111
162 117
196 110
132 121
0 120
4 82
80 194
56 79
190 100
82 118
174 8
60 157
15 115
18 42
82 57
60 122
108 182
14 25
180 175
40 133
61 194
148 104
55 190
165 164
4 139
173 139
152 195
152 117
77 175
45 139
181 63
154 40
184 1
181 126
159 45
103 189
64 163
34 138
144 86
188 171
120 45
156 114
154 111
175 156
122 45
132 138
96 78
152 36
50 127
9 108
82 45
104 25
184 186
38 155
93 164
69 62
171 28
138 56
166 9
7 75
173 76
91 161
29 74
183 125
12 79
104 96
38 81
96 118
186 134
79 175
10 132
156 183
124 113
70 179
78 161
194 31
102 65
184 158
42 121
165 132
133 22
10 67
136 56
160 146
79 29
4 160
26 95
68 7
139 119
156 157
98 1
113 51
104 194
39 57
186 31
169 111
163 173
4 152
108 162
92 114
18 64
14 189
44 162
11 135
3 117
60 99
4 43
42 32
16 166
146 119
186 141
73 44
83 159
15 62
166 88
194 141
127 182
196 18
179 195
183 92
111 69
45 50
40 54
55 49
68 111
67 129
152 93
7 189
127 99
162 45
84 39
52 173
145 137
33 13
102 171
38 167
178 137
69 30
133 89
23 106
60 194
40 128
166 160