40
27 28 20 36 31 29 26 21 28 36 32 27 39 28 35 26 38 27 30 23 36 35 31 29 22 24 28 35 23 29 32 20 39 39 28 39 21 33 22 30
8
45 29 24 35 45 21 41 25
556
35 37
4 23
20 28
6 18
32 38
2 31
19 2
31 3
27 38
32 33
34 3
32 15
31 38
2 33
14 28
8 30
13 17
28 18
29 1
16 15
24 33
1 3
16 34
1 32
30 27
22 27
17 4
15 39
29 22
32 21
16 11
34 39
24 35
3 14
22 4
21 4
21 20
18 15
1 34
35 2
9 31
31 15
16 7
14 17
23 13
17 9
33 25
21 8
7 32
30 31
22 5
2 17
14 4
27 29
30 7
6 30
2 12
31 8
16 22
14 30
36 11
20 16
13 14
2 3
16 13
18 20
23 35
11 29
6 13
19 22
7 21
4 16
23 30
9 21
14 7
6 0
7 11
19 32
35 38
39 38
20 32
9 30
15 2
19 1
6 33
17 38
24 39
32 22
2 16
30 15
18 34
24 17
19 15
37 21
34 8
12 17
36 17
13 20
16 6
38 23
27 19
25 9
32 4
24 31
30 11
32 27
20 8
23 8
15 23
27 39
0 31
10 6
10 32
34 27
33 8
6 29
11 6
16 24
1 11
19 17
11 5
24 6
21 0
23 21
27 21
3 18
5 16
8 1
28 17
38 11
35 1
35 22
2 27
6 22
29 33
35 17
2 23
13 2
28 31
38 14
6 26
11 35
34 19
35 36
34 9
8 18
2 0
35 0
11 9
20 14
26 18
23 36
11 2
1 2
36 25
39 29
2 32
34 7
30 3
28 1
14 15
36 14
23 29
4 31
10 16
9 32
0 30
16 3
33 13
12 23
3 6
13 21
35 18
19 30
37 22
33 18
15 1
34 25
27 35
16 37
3 35
38 25
4 8
36 34
8 16
32 11
38 34
30 18
19 24
25 7
37 32
1 9
4 39
4 35
39 17
23 14
6 20
17 8
5 30
23 39
33 26
0 25
35 10
13 34
36 21
31 20
4 33
24 18
3 33
38 21
14 19
31 33
3 25
16 32
11 21
12 33
34 29
29 32
1 26
32 34
30 34
22 8
31 6
25 37
11 3
2 26
6 28
15 4
27 6
26 32
11 24
18 11
17 22
15 25
37 6
20 12
27 18
2 6
11 15
17 15
17 5
2 34
13 25
12 16
35 39
37 39
20 29
7 33
19 23
23 17
25 23
13 22
27 36
7 18
18 0
18 29
25 27
32 23
31 16
4 24
25 30
14 29
21 29
5 1
11 33
37 33
32 0
28 32
22 14
18 32
18 14
7 1
25 1
24 1
25 11
12 34
2 9
33 22
15 35
10 17
30 39
17 16
10 21
33 17
20 10
33 30
22 25
17 27
34 28
24 2
11 22
39 2
16 26
34 4
27 11
4 19
18 25
22 20
33 1
19 37
23 34
18 37
0 20
18 12
30 35
14 37
38 18
39 18
28 39
26 20
31 26
2 28
21 18
5 31
16 9
27 10
28 23
34 21
0 1
39 32
2 7
2 20
14 10
8 6
7 22
31 39
32 30
31 29
6 17
6 23
10 25
31 25
35 5
21 25
1 12
3 4
23 16
39 3
0 14
2 5
32 17
14 31
11 31
10 34
31 32
7 17
14 8
31 34
20 37
24 21
35 25
34 14
6 39
30 28
25 20
25 2
26 22
22 34
39 7
20 36
14 39
36 32
38 6
39 10
15 22
21 3
23 37
21 30
14 27
26 27
31 27
39 21
22 28
18 23
33 34
2 22
35 13
35 12
22 24
27 33
22 23
33 15
11 14
10 1
10 22
25 8
17 29
13 1
27 12
0 39
39 20
33 5
20 19
26 39
14 1
16 1
1 39
17 37
20 15
1 20
33 36
22 30
31 36
22 39
10 18
11 23
9 33
10 11
4 12
8 27
6 21
36 22
5 6
39 12
12 31
0 23
0 4
16 38
16 14
30 13
6 9
7 6
26 14
18 19
21 15
12 21
32 13
39 11
5 23
14 35
31 10
4 27
1 30
30 26
20 35
26 4
25 4
27 28
9 35
5 20
6 25
18 13
9 22
2 18
35 8
15 34
0 27
11 4
6 12
23 26
21 22
7 31
20 11
35 34
23 1
28 4
26 35
16 30
36 18
10 33
18 17
25 28
4 20
36 1
27 1
31 35
6 4
33 23
38 33
36 16
29 25
14 24
9 14
5 4
33 39
21 5
1 38
39 36
21 2
35 29
9 18
31 37
6 1
12 22
30 17
19 39
11 8
3 17
14 2
30 24
37 27
0 33
32 35
27 16
19 31
22 3
19 25
11 12
4 1
35 6
17 25
18 16
4 18
32 24
27 15
5 27
29 16
33 14
6 34
9 39
5 39
39 25
25 16
24 34
20 34
17 1
31 13
39 16
4 9
25 24
30 20
11 13
8 2
6 32
21 14
32 8
6 14
4 13
0 22
18 5
19 6
7 4
37 11
31 21
20 17
21 26
31 17
17 21
23 31
26 25
22 38
7 35
28 11
23 10
13 27
6 36
1 37
5 34
0 16
37 34
3 32
1 21
38 20
33 20
12 30
19 11