40
26 33 21 25 29 34 30 32 30 40 34 34 23 37 34 33 29 22 33 36 22 20 39 28 30 24 32 40 21 29 22 22 25 29 20 39 37 28 37 27
8
39 33 22 48 27 41 32 25
672
0 33
8 23
13 12
38 32
29 1
11 32
38 28
28 18
10 31
36 5
25 39
26 4
0 5
15 32
20 11
37 3
34 1
28 16
7 6
3 29
31 19
36 11
16 22
24 6
33 27
6 12
38 21
6 16
16 35
0 20
16 3
7 11
3 23
24 27
20 25
20 29
23 7
10 36
16 15
29 39
3 6
16 39
26 14
22 34
13 18
36 33
23 30
22 36
30 17
16 1
4 3
0 22
1 10
37 38
3 38
29 6
8 25
20 35
25 7
5 38
9 1
22 37
2 29
17 16
28 7
9 37
29 15
5 17
33 9
9 32
9 30
24 18
32 10
21 13
38 10
28 10
8 31
11 21
20 1
9 21
32 24
8 28
38 9
18 26
21 4
8 34
39 19
27 30
25 34
39 34
9 35
2 25
11 29
7 15
19 35
17 36
7 12
13 2
7 34
4 30
28 3
30 39
31 36
39 1
37 15
23 6
36 16
14 33
25 21
2 15
18 4
19 3
16 14
12 17
4 9
7 8
27 3
23 18
9 29
33 6
1 14
14 37
20 34
11 19
21 23
24 22
13 22
34 2
32 8
33 17
23 22
26 20
11 25
26 2
11 16
20 28
31 21
36 3
8 16
9 22
15 14
6 39
21 39
28 19
2 38
37 24
12 39
20 23
6 1
30 0
16 0
30 3
8 15
29 38
14 29
13 31
5 32
5 1
24 36
18 21
30 22
26 19
5 34
25 10
22 20
22 2
14 32
20 4
2 21
25 9
10 26
12 29
27 19
8 17
37 7
37 0
18 32
24 12
6 10
37 11
20 24
18 29
28 35
7 4
24 30
9 8
33 15
6 30
13 37
19 14
5 27
2 5
8 36
36 1
1 28
7 32
38 11
29 13
15 26
37 30
29 32
30 25
16 13
27 38
23 29
23 19
6 22
18 25
6 2
12 26
32 12
4 10
27 2
12 14
17 21
30 34
35 2
34 28
3 25
28 22
4 35
21 5
36 19
6 28
39 37
14 22
21 27
37 8
21 14
1 2
23 36
5 14
17 18
36 34
4 6
12 9
18 33
11 5
11 12
17 10
27 11
27 15
18 0
28 25
3 34
18 16
17 11
32 28
20 36
17 34
35 24
9 6
25 1
29 35
31 15
20 32
2 36
18 38
14 6
5 16
33 39
4 33
4 19
39 18
10 27
31 38
34 9
38 19
8 21
24 26
0 21
35 37
6 11
27 18
1 12
28 12
16 12
10 7
8 14
21 7
3 5
5 7
34 24
10 21
30 36
34 35
26 31
31 3
7 18
31 30
32 0
35 15
0 14
0 8
37 12
29 37
23 9
22 33
12 15
34 31
24 0
2 20
23 5
25 24
17 2
34 11
32 4
11 0
3 1
19 13
36 28
34 26
3 33
5 28
19 29
30 21
5 26
15 10
12 0
0 28
19 25
18 9
31 5
39 38
35 36
4 39
39 26
9 14
23 17
18 15
16 38
11 18
9 17
34 15
35 0
32 23
21 35
13 27
36 39
11 39
3 18
31 1
9 27
33 12
4 23
15 9
30 35
37 36
35 38
0 7
28 30
20 21
18 34
17 29
8 38
34 12
6 37
15 22
32 34
38 12
28 37
15 39
20 7
22 4
3 20
4 34
30 11
19 37
27 7
17 13
9 31
38 4
23 14
38 22
31 12
13 10
11 8
16 26
26 28
2 23
34 23
24 23
14 30
29 26
26 3
32 33
3 0
27 23
29 31
35 33
14 3
31 37
39 23
8 35
34 27
7 19
37 32
2 19
31 6
11 15
39 35
31 7
35 13
39 17
3 2
3 21
32 2
37 1
8 13
8 27
19 22
7 24
17 28
4 1
6 18
5 4
11 9
19 1
29 36
26 25
9 16
30 26
7 22
10 35
11 10
10 22
1 11
37 4
39 0
23 31
28 15
0 1
14 35
33 23
26 6
10 14
4 0
1 33
38 23
11 26
32 31
15 5
22 5
13 23
7 13
4 27
33 31
25 33
39 32
28 9
2 12
20 17
25 29
0 34
17 3
13 11
18 2
4 16
27 31
38 33
6 5
29 22
29 0
0 27
24 5
15 1
1 13
26 38
1 24
37 17
10 3
20 31
21 1
37 16
32 13
16 24
13 20
2 0
2 39
9 0
13 34
36 9
36 27
13 3
9 26
8 2
12 25
17 19
3 12
29 10
37 33
6 35
39 22
24 39
14 7
29 8
20 14
24 15
28 13
24 29
16 10
11 33
39 5
16 31
26 0
16 25
26 36
23 25
9 2
29 28
39 31
37 5
30 2
27 28
4 8
7 1
37 25
7 29
2 37
13 26
5 33
12 35
19 33
15 21
23 0
3 8
13 24
20 16
36 12
19 15
30 7
17 14
33 26
9 19
19 16
28 39
10 24
2 7
23 12
25 22
27 14
1 30
4 17
10 0
6 8
35 3
36 18
22 12
30 16
7 35
30 32
33 2
19 6
38 17
24 9
22 31
14 18
32 16
20 27
37 27
28 33
6 34
3 22
39 13
28 21
23 26
36 21
35 5
29 27
17 15
3 11
9 5
36 7
27 12
36 4
38 14
29 30
25 4
31 0
11 35
15 20
26 37
33 20
22 18
6 21
0 19
32 6
19 32
5 13
32 36
25 32
25 35
25 14
13 4
28 23
10 39
13 30
8 26
30 38
8 1
20 37
15 30
33 30
14 13
29 4
23 16
35 18
23 15
0 17
27 16
25 5
5 29
7 26
16 7
39 8
39 14
23 35
9 13
4 15
11 22
38 24
1 23
16 2
1 38
34 38
8 24
1 18
25 17
26 21
14 36
23 10
37 10
8 33
38 7
19 21
27 39
35 31
10 9
3 24
14 34
10 33
13 33
22 8
25 31
20 38
24 19
4 12
18 37
19 34
32 3
11 23
31 18
34 10
33 7
21 32
24 21
21 37
6 27
17 7
2 10
25 27
21 22
12 21
39 20
34 37
24 17
20 6
6 17
31 17
3 15
33 24
20 9