200
40 33 30 28 33 28 38 37 35 30 31 35 31 25 24 39 39 24 25 37 37 33 31 27 21 24 28 29 38 21 34 28 39 20 23 35 34 25 35 24 29 38 31 21 36 39 38 25 38 37 28 28 24 26 20 24 32 27 37 30 26 28 33 20 30 22 22 31 38 36 34 25 32 32 30 35 40 25 33 30 36 23 40 38 21 28 32 25 39 23 33 39 27 27 40 24 26 26 40 31 29 40 22 28 25 21 39 32 37 35 31 27 40 39 38 29 22 38 24 33 30 23 40 28 33 37 27 26 38 22 36 22 31 38 25 23 23 34 21 31 29 27 22 23 40 21 29 39 36 20 29 30 36 20 26 26 25 26 36 36 23 32 24 35 31 24 34 20 35 32 39 22 20 39 25 23 30 25 24 34 36 21 36 33 39 39 40 39 34 36 34 27 29 31 40 23 25 33 21 27
20
38 39 36 29 43 21 34 31 41 50 26 44 47 38 27 20 36 47 25 36
120
88 7
104 7
89 7
7 151
0 7
7 176
101 7
155 7
7 80
7 170
147 7
78 7
42 7
40 7
31 7
7 82
7 188
142 7
7 98
192 7
6 7
181 7
7 121
177 7
32 7
7 54
149 7
7 50
7 86
7 118
7 55
7 154
79 7
120 7
180 7
41 7
116 7
7 14
7 95
109 7
165 7
7 36
7 33
1 7
7 83
185 7
7 67
59 7
5 7
172 7
106 7
110 7
100 7
24 7
117 7
7 11
23 7
7 28
74 7
7 161
52 7
7 136
71 7
68 7
29 7
7 122
164 7
111 7
46 7
7 64
7 146
113 7
134 7
7 73
7 119
152 7
7 141
7 168
7 2
114 7
7 186
107 7
7 139
7 163
7 43
7 167
179 7
191 7
7 96
105 7
7 135
39 7
7 90
7 190
12 7
112 7
195 7
189 7
7 169
53 7
81 7
7 158
7 66
27 7
148 7
76 7
156 7
7 157
7 56
7 13
187 7
75 7
183 7
7 3
153 7
140 7
7 129
22 7
7 84
102 7