60
39 33 32 40 34 37 33 39 22 23 37 21 35 22 24 24 24 33 20 38 29 22 28 23 37 34 37 37 40 37 40 27 33 36 33 25 34 33 25 33 32 40 28 36 37 30 31 22 33 24 28 31 39 22 20 20 25 27 31 33
12
21 29 31 31 32 37 42 48 29 35 21 49
80
59 14
44 59
37 40
59 50
40 28
40 48
59 31
46 59
8 40
59 35
40 24
40 27
36 40
7 40
40 57
59 47
34 40
58 40
38 40
26 59
40 10
59 55
36 59
40 32
55 40
6 40
49 40
24 59
40 44
26 40
40 18
40 35
22 40
32 59
40 52
19 40
43 40
29 40
40 59
59 38
53 40
6 59
1 59
25 40
59 9
5 59
59 13
40 9
40 31
33 40
42 59
40 16
47 40
2 40
59 10
59 57
40 14
3 40
15 40
40 4
40 1
5 40
30 59
40 39
40 23
59 53
34 59
40 45
59 25
59 19
59 2
58 59
40 20
21 40
59 51
40 17
59 4
11 40
56 40
13 40