80
30 23 37 34 23 28 34 21 29 36 32 24 30 40 22 27 24 23 36 33 22 32 23 36 34 26 37 24 25 26 35 30 34 33 24 37 27 23 26 38 26 32 20 32 30 23 40 24 39 29 26 39 27 30 27 37 27 32 38 38 35 35 39 32 31 36 38 31 36 20 28 36 37 40 30 32 31 35 27 24
20
24 47 31 38 42 28 50 28 49 46 44 30 48 24 25 41 30 26 23 31
80
15 69
69 24
73 69
69 55
69 28
12 69
18 69
74 69
66 13
16 69
32 66
69 49
58 69
55 66
44 69
69 31
40 69
60 69
69 5
70 69
69 36
69 6
69 4
69 25
53 69
0 69
35 69
54 69
33 69
69 64
71 69
76 69
69 66
69 1
79 69
69 56
37 69
66 29
26 69
11 69
78 69
69 30
69 59
19 69
69 72
68 69
69 27
69 17
46 69
34 69
69 21
32 69
2 69
39 69
61 69
69 45
48 69
77 69
41 69
10 69
69 51
69 50
22 69
47 69
69 13
7 69
69 67
69 3
69 29
69 42
62 69
20 69
14 69
52 69
38 69
79 66
69 9
69 8
69 65
23 69