80
29 20 26 27 23 20 33 31 20 37 37 37 34 34 35 25 22 39 40 40 30 39 36 29 40 22 34 40 31 20 39 37 20 36 28 28 39 36 35 30 35 34 20 24 33 26 27 35 38 32 27 20 22 24 28 38 25 39 37 40 34 31 24 40 20 20 28 33 29 20 23 23 37 21 37 27 34 25 39 40
20
41 28 46 41 24 46 48 33 20 43 30 48 46 41 26 28 41 47 38 42
120
73 50
50 51
50 78
56 30
56 75
50 12
50 14
36 50
50 29
34 56
50 77
35 56
8 50
50 27
47 50
56 49
40 56
22 50
56 50
48 56
56 61
5 56
50 11
50 70
56 51
38 50
11 56
56 62
32 50
74 50
20 56
55 56
50 34
56 19
66 50
56 76
66 56
50 63
23 56
56 9
17 50
74 56
30 50
33 56
56 78
64 56
25 50
44 56
38 56
9 50
17 56
60 56
56 36
56 22
31 50
50 21
72 56
56 27
59 50
50 3
7 56
56 3
56 31
63 56
69 50
50 64
68 56
50 1
33 50
50 65
56 79
6 56
2 50
56 58
16 50
21 56
56 1
58 50
56 69
79 50
50 37
56 26
44 50
48 50
20 50
40 50
52 50
39 56
50 19
59 56
57 50
50 35
57 56
56 28
2 56
56 13
71 50
50 67
56 54
56 47
50 42
53 56
18 50
50 10
50 4
55 50
45 56
67 56
37 56
56 41
50 54
56 24
14 56
56 43
50 13
6 50
50 53
43 50
50 24
50 72