70
34 20 32 26 32 23 34 29 31 28 39 24 20 35 31 28 35 39 20 28 25 30 20 26 33 24 38 21 20 28 21 25 26 36 37 21 20 35 40 36 34 23 25 24 39 25 35 31 33 26 29 21 34 28 37 38 33 25 20 21 28 31 25 30 25 26 36 40 40 39
16
34 43 47 40 42 29 31 36 43 38 30 20 38 42 39 46
80
68 13
54 2
54 9
54 51
54 52
54 24
54 60
54 69
47 54
54 0
56 54
54 26
56 68
43 54
62 54
41 54
54 35
27 54
54 59
54 6
67 54
16 68
22 54
54 28
63 54
54 68
38 54
48 54
11 54
21 54
68 35
68 15
22 68
68 28
19 54
12 68
32 54
68 3
30 54
7 68
46 68
65 54
54 29
33 54
54 49
54 58
36 54
47 68
15 54
8 54
42 54
50 54
14 54
18 54
68 36
54 4
20 54
19 68
68 40
45 54
54 40
1 54
68 53
54 25
54 53
54 61
68 61
68 63
64 54
54 46
31 54
54 23
3 54
12 54
54 57
17 54
44 54
62 68
10 54
5 54