20
34 30 38 32 21 37 25 27 28 29 25 36 32 36 38 33 37 32 28 37
4
41 43 46 41
80
2 12
7 12
3 9
9 11
18 3
17 2
11 7
14 12
14 11
5 12
19 17
11 6
13 16
0 17
16 0
17 13
12 15
3 14
16 7
10 11
18 16
8 12
19 11
9 16
1 16
13 9
14 16
13 14
11 17
13 4
17 9
6 12
12 18
14 17
10 16
4 16
2 3
6 17
17 4
12 4
18 11
17 16
12 0
11 12
18 17
12 10
17 8
2 11
19 13
13 10
3 16
5 11
7 17
11 3
2 16
13 18
16 12
13 2
13 1
13 5
13 6
3 10
13 12
16 11
12 9
11 1
17 5
16 15
0 3
19 12
8 11
10 17
16 8
15 17
6 16
6 3
13 7
11 4
8 13
13 3