40
28 31 25 36 26 38 27 35 34 24 21 26 37 22 23 21 33 32 31 26 28 32 34 28 28 37 27 39 24 32 39 30 25 22 33 35 38 31 26 28
8
29 30 28 26 32 40 48 21
120
20 38
37 30
10 11
36 34
30 26
20 31
19 36
20 18
35 36
30 7
10 32
20 11
38 10
8 30
36 25
33 30
16 20
12 20
20 2
36 7
21 30
20 39
6 30
20 6
35 20
7 20
9 36
30 14
27 36
33 36
38 30
34 10
30 24
23 30
36 11
10 12
29 20
29 10
13 30
10 19
39 36
18 36
3 20
30 28
36 14
9 20
10 7
30 34
26 20
27 20
30 1
36 28
10 31
1 20
10 30
3 36
37 20
36 32
30 11
30 19
36 2
30 5
28 20
37 36
30 2
38 36
20 22
18 10
2 10
25 30
15 36
36 26
30 9
0 36
36 16
36 6
20 4
17 20
16 30
36 31
36 4
32 20
15 10
20 19
13 36
8 20
36 8
30 39
20 0
8 10
3 30
12 36
13 20
30 32
3 10
36 17
4 30
4 10
1 36
20 34
10 37
30 29
0 10
20 15
30 20
10 25
22 36
22 30
30 15
18 30
33 20
20 14
25 20
36 30
10 27
10 13
10 33
30 12
36 29
30 35