80
37 38 24 25 40 32 23 37 27 26 39 21 24 24 32 35 40 26 21 34 30 28 35 29 37 37 33 24 29 26 24 33 24 27 31 37 20 31 35 32 36 29 30 32 22 35 37 20 37 24 21 37 38 35 31 25 21 28 33 28 33 25 32 20 37 28 29 28 25 38 30 35 36 20 24 22 20 22 26 36
20
36 31 45 21 31 47 26 30 38 21 20 40 37 29 48 49 33 37 25 48
120
44 66
69 64
44 28
17 44
40 64
44 36
4 44
44 62
44 50
64 32
64 10
44 41
11 64
44 26
44 9
73 44
67 44
44 10
24 44
9 64
44 56
27 64
64 54
44 11
1 44
64 43
64 3
62 64
50 64
57 64
65 44
29 44
63 44
64 2
71 64
40 44
44 5
58 44
44 54
64 33
64 78
61 44
44 69
44 13
64 60
64 35
0 44
64 55
44 55
64 4
8 64
64 47
72 64
64 0
64 30
68 44
21 44
64 16
37 64
64 76
71 44
64 49
64 67
13 64
44 35
44 23
8 44
44 72
12 64
64 31
52 64
20 44
77 64
19 44
64 25
64 6
47 44
44 37
52 44
64 65
64 23
44 51
44 79
64 36
45 44
33 44
64 1
5 64
53 64
58 64
45 64
2 44
64 68
39 64
44 60
16 44
15 44
75 64
64 34
64 24
29 64
74 64
64 21
57 44
7 64
18 64
64 42
44 14
64 44
25 44
64 20
18 44
19 64
44 12
3 44
76 44
59 64
64 14
44 70
7 44