40
25 37 24 38 38 21 31 32 35 31 28 27 29 34 29 23 40 34 22 23 36 33 31 27 23 25 31 26 22 40 22 23 38 24 37 40 33 22 23 34
8
35 23 49 47 48 33 32 25
80
17 19
5 14
14 30
28 14
14 22
14 29
19 35
34 14
21 14
35 14
19 9
31 14
6 19
6 18
18 17
38 19
34 18
19 28
11 19
19 8
20 14
14 19
14 25
23 18
19 5
19 29
14 9
27 14
39 14
19 16
19 37
15 19
3 19
18 39
5 18
19 27
14 37
14 1
19 0
14 2
14 15
12 14
14 18
14 24
14 3
25 18
14 7
19 25
36 14
13 19
4 14
14 13
14 0
19 18
18 9
18 10
14 26
24 19
14 33
19 7
8 14
19 36
0 18
14 16
21 19
11 18
30 19
14 32
4 19
2 18
17 14
19 10
38 14
19 23
31 19
22 19
26 18
33 19
19 32
6 14