80
40 30 31 22 40 22 34 29 36 36 20 28 23 36 33 24 39 37 36 37 33 28 20 35 30 20 24 20 33 20 23 35 23 30 30 29 40 31 36 28 35 34 30 29 37 21 25 27 38 32 29 40 29 35 35 38 32 39 34 26 39 29 39 34 21 21 27 28 30 29 30 35 38 22 38 24 20 29 23 21
20
33 26 46 35 27 25 36 39 47 22 46 33 21 27 23 49 25 44 46 41
120
78 77
39 47
39 27
39 30
54 39
78 62
23 78
78 16
39 64
72 39
78 47
44 39
56 39
78 25
78 53
39 15
52 78
39 0
39 37
78 1
78 14
39 50
65 39
39 29
39 52
39 3
45 39
51 78
60 39
12 78
78 27
78 6
35 78
37 78
42 78
69 78
78 61
76 39
74 39
78 41
78 57
39 1
39 13
3 78
77 39
39 4
36 78
60 78
78 55
2 39
78 2
70 78
39 28
78 31
78 8
46 78
39 53
5 39
39 18
39 43
24 78
24 39
50 78
39 78
4 78
39 16
78 28
78 45
78 54
40 39
20 78
39 61
75 39
78 68
67 78
62 39
78 7
78 38
73 39
39 55
58 78
39 66
43 78
59 78
39 69
79 39
78 66
78 22
5 78
64 78
21 78
71 39
17 39
39 33
35 39
34 78
78 0
71 78
78 26
51 39
10 78
39 58
39 49
33 78
39 36
39 41
15 78
39 68
29 78
39 38
39 31
76 78
63 78
34 39
39 6
78 40
48 78
78 72
78 11
39 48