200
32 34 34 39 40 27 23 34 38 32 25 23 22 26 37 31 28 40 23 29 39 35 35 39 30 20 20 24 26 31 25 31 26 37 38 32 34 34 36 27 34 29 22 27 38 26 35 37 32 32 30 35 27 20 32 33 26 32 34 31 34 21 26 24 29 28 22 23 39 24 40 37 32 22 26 39 28 37 36 30 40 23 30 27 23 23 37 26 32 29 28 40 26 29 21 25 40 29 21 38 35 39 36 35 33 34 24 27 36 39 40 35 31 36 27 23 34 20 23 29 34 22 37 32 39 22 32 21 38 32 20 28 25 23 25 35 20 33 23 23 23 20 36 27 26 37 22 35 27 40 38 36 26 33 23 31 31 28 39 35 36 28 30 29 34 33 28 39 30 39 23 36 31 35 21 22 20 31 21 32 20 20 35 33 24 34 37 30 36 26 36 31 20 34 39 29 38 31 25 40
20
29 34 50 29 24 24 28 46 29 37 49 29 31 48 26 27 41 46 34 35
80
138 123
138 54
138 80
138 191
51 138
6 138
138 141
138 124
138 189
138 163
148 138
138 53
138 11
91 138
138 30
138 174
138 195
138 149
74 138
39 138
138 102
138 69
138 1
10 138
190 138
180 138
185 138
3 138
94 138
138 96
138 176
52 138
138 84
138 0
138 2
125 138
173 138
166 138
138 22
85 138
194 138
138 7
131 138
188 138
172 138
21 138
75 138
17 138
138 127
138 19
138 45
128 138
111 138
150 138
50 138
28 138
63 138
138 142
57 138
138 104
138 77
138 64
83 138
59 138
138 26
138 55
61 138
138 159
136 138
93 138
168 138
138 108
138 158
138 182
90 138
157 138
138 42
187 138
109 138
67 138