50
30 39 30 25 27 30 25 21 33 32 22 36 27 36 30 34 32 32 21 23 25 30 29 23 23 21 38 40 35 40 31 33 24 31 26 35 29 35 39 36 40 23 22 21 20 35 22 34 23 21
10
26 45 43 46 38 45 40 25 34 22
80
15 8
32 29
15 41
29 1
30 15
44 15
29 30
15 43
33 29
16 29
44 29
18 29
22 15
29 21
36 15
29 41
21 15
15 14
15 5
19 29
22 29
6 29
29 13
29 42
15 47
15 26
10 15
43 29
29 23
16 15
12 29
29 48
37 29
15 37
15 28
15 32
29 28
29 15
47 29
15 34
29 0
15 45
14 29
9 15
15 33
35 29
27 15
15 0
25 29
24 29
29 7
15 3
29 2
9 29
29 4
15 25
29 20
29 36
38 29
15 18
29 45
12 15
15 19
46 15
15 49
31 29
29 39
11 29
31 15
4 15
15 23
46 29
15 42
49 29
8 29
15 40
48 15
15 35
5 29
29 17