60
25 20 26 26 35 39 36 25 29 31 37 29 23 29 26 34 30 21 29 39 26 29 31 36 24 29 35 39 38 28 34 25 28 34 32 38 21 33 22 21 36 37 28 37 25 30 28 36 34 23 24 34 31 38 37 27 38 38 28 26
12
44 31 38 48 47 32 32 20 20 23 30 32
120
47 19
46 38
3 46
44 46
46 53
46 21
10 47
13 46
41 46
47 1
27 47
29 46
32 46
49 46
47 24
11 47
46 56
46 31
47 44
47 8
47 23
57 47
46 27
47 50
47 35
57 46
10 46
46 59
53 47
46 11
20 46
47 9
18 47
47 28
46 28
47 49
30 47
24 53
46 0
55 47
1 46
46 19
46 25
17 47
47 2
47 46
47 29
5 46
45 46
47 21
46 48
24 35
46 36
25 47
47 33
24 46
47 7
47 54
47 52
39 47
51 47
24 22
12 46
26 46
47 0
24 6
46 51
43 47
16 47
47 31
24 55
24 9
48 47
46 30
46 39
7 46
8 24
24 28
24 58
34 46
15 47
47 56
46 37
47 36
50 46
33 46
24 14
42 46
41 47
13 47
15 46
6 47
5 47
4 46
24 49
45 47
52 46
46 14
47 40
42 47
47 22
24 44
46 8
24 4
12 47
58 47
47 34
22 46
18 46
32 47
46 35
46 9
17 46
46 43
18 24
46 16
56 24
38 47
24 1
37 47