40
29 26 39 37 39 21 32 31 37 33 38 31 40 24 33 27 39 32 32 29 24 25 27 38 30 31 36 24 20 21 21 30 23 34 37 26 20 28 20 31
8
47 47 43 23 47 46 42 49
80
23 18
38 15
26 28
39 28
30 15
27 15
23 27
14 28
23 38
15 39
33 15
10 28
7 28
7 15
26 23
13 28
20 28
15 32
1 28
13 15
28 11
17 23
28 32
15 6
28 23
18 15
15 1
35 15
9 23
28 16
15 2
28 5
25 28
24 28
23 15
33 23
12 28
15 14
15 8
4 28
23 11
28 27
28 3
12 15
38 28
9 15
2 28
26 15
18 28
23 6
28 35
15 5
15 20
15 24
29 28
9 28
23 31
28 34
36 28
8 23
25 23
16 15
11 15
28 33
15 25
4 15
23 30
21 15
6 28
23 20
28 17
15 34
15 3
15 36
8 28
15 29
28 30
15 10
15 17
21 28