60
36 25 25 22 37 38 36 33 29 29 26 28 21 25 38 33 31 20 37 31 36 39 33 39 22 33 32 21 27 22 33 35 20 29 30 32 28 31 38 37 28 40 24 30 33 25 33 34 40 22 22 30 39 27 36 37 24 38 40 23
12
20 42 35 46 36 39 27 50 35 35 50 35
80
20 21
20 56
33 37
20 22
50 33
19 33
33 53
20 58
33 23
36 33
44 20
33 57
2 20
20 59
40 33
45 33
33 21
20 1
20 27
35 33
33 5
56 33
20 30
33 42
52 33
2 33
33 46
33 13
4 33
33 39
33 20
33 10
33 0
20 17
33 7
15 33
33 31
6 33
7 20
48 33
33 58
12 33
33 29
33 54
20 15
33 44
22 33
33 59
6 20
18 20
33 18
32 33
33 24
20 14
47 20
30 33
12 20
33 17
33 41
16 33
20 55
33 28
5 20
34 33
43 33
51 20
46 20
26 33
33 27
31 20
33 38
33 14
28 20
33 55
25 33
33 49
11 20
20 42
3 33
33 47