40
39 31 38 33 39 27 40 27 28 33 22 36 38 33 37 26 31 35 28 21 31 21 32 20 36 20 33 33 20 35 31 24 23 23 32 36 34 38 28 35
8
21 39 37 41 34 31 21 22
120
21 26
15 25
34 15
15 18
8 15
29 6
26 23
23 6
13 26
10 26
6 5
8 6
33 6
14 15
6 25
24 26
6 2
6 36
15 27
15 3
28 26
15 32
8 32
32 36
26 39
15 30
15 20
1 26
26 3
26 6
6 9
26 31
25 26
17 32
32 29
15 6
32 25
32 12
18 26
26 20
6 38
19 26
8 26
15 16
6 13
15 24
15 4
9 32
20 6
6 22
6 27
26 29
2 32
26 0
6 12
26 4
15 38
37 26
26 7
17 6
22 15
38 26
18 6
32 19
35 26
14 26
6 37
2 15
16 26
5 32
35 15
12 26
6 35
6 4
21 6
11 15
3 32
15 26
30 6
22 26
15 12
32 10
16 6
32 6
32 26
15 0
15 29
15 23
26 9
17 15
34 26
1 15
15 33
15 36
11 6
19 15
10 15
7 6
27 32
15 9
15 21
17 26
6 31
6 24
26 2
6 34
11 26
0 32
39 6
6 3
37 15
26 33
13 15
26 5
19 6
36 26
32 34
15 28
15 39
6 28