80
23 34 40 29 24 31 21 38 34 34 31 29 39 36 35 30 32 31 27 21 28 35 27 27 28 24 35 36 37 28 23 24 40 33 36 26 36 30 35 35 34 26 37 33 30 21 29 21 40 33 36 24 21 20 40 21 31 35 20 35 27 31 28 25 36 38 32 24 29 20 37 21 29 22 29 37 20 24 38 25
20
23 42 22 22 25 41 41 49 43 42 48 36 31 36 21 28 30 41 40 32
120
42 5
9 42
42 25
42 69
53 32
42 23
62 42
42 49
42 16
28 32
31 42
42 46
42 51
78 32
42 52
42 76
20 42
22 32
51 32
55 32
22 42
32 30
32 79
42 57
68 32
42 6
42 44
62 32
15 42
32 67
42 67
42 71
32 77
41 32
36 32
76 32
1 42
32 42
42 72
32 9
54 42
46 32
42 55
32 33
32 24
68 42
65 32
32 16
8 42
71 32
3 42
39 32
13 42
17 42
14 42
42 56
42 58
42 0
32 74
32 31
32 49
32 34
42 66
42 7
32 58
42 38
32 60
32 47
42 77
8 32
32 1
42 73
32 21
18 32
42 60
3 32
42 29
37 32
32 4
42 10
42 63
42 74
50 32
61 42
41 42
35 42
42 39
32 64
75 32
27 42
40 32
10 32
61 32
43 42
42 18
32 23
42 26
32 38
32 72
17 32
42 2
42 47
42 21
4 42
32 25
32 14
35 32
32 19
40 42
59 42
12 42
48 42
69 32
52 32
26 32
56 32
11 42
53 42
33 42
66 32