40
25 33 32 35 21 23 40 21 36 26 31 22 40 30 23 38 24 36 28 37 34 34 31 36 27 38 23 33 29 37 39 38 32 28 34 33 29 26 23 38
8
23 33 49 28 33 22 43 45
120
7 20
3 34
12 28
12 20
34 27
9 18
13 7
15 34
34 20
21 12
32 12
17 9
34 30
9 38
7 10
12 15
34 22
37 12
18 34
18 7
12 19
7 33
15 7
7 0
12 17
9 21
32 34
6 9
13 34
3 7
34 23
8 12
34 38
7 36
34 31
34 35
3 12
8 7
7 30
12 2
7 9
19 34
28 7
34 37
34 6
9 16
15 9
9 36
34 8
25 7
25 34
7 16
7 35
9 37
27 9
34 2
23 9
24 9
34 12
7 22
12 4
22 12
24 34
5 7
17 34
29 34
34 10
34 1
4 34
12 35
9 1
7 27
38 7
7 37
7 21
12 16
34 26
25 12
12 39
33 12
28 34
9 3
29 12
12 36
7 12
26 7
32 9
34 11
34 7
7 6
31 12
9 12
12 27
12 23
11 7
34 39
10 12
9 5
9 14
0 34
7 29
34 14
7 4
11 9
26 12
7 19
34 36
34 33
17 7
5 34
24 12
9 4
0 12
7 23
12 14
13 12
9 34
7 1
25 9
38 12