50
39 26 20 35 31 37 36 35 40 38 35 28 29 39 24 21 38 29 33 35 22 27 27 23 20 31 29 27 21 32 21 35 30 28 40 29 20 32 27 29 24 33 22 37 38 26 20 21 29 35
10
29 38 27 38 29 23 39 30 47 44
80
42 12
40 27
2 42
27 48
42 21
27 5
26 42
47 27
7 42
4 42
27 0
27 23
5 42
27 18
10 42
17 42
42 33
34 27
42 3
22 42
11 27
27 14
9 42
27 29
45 27
28 27
13 42
1 27
27 3
27 36
42 39
42 20
27 9
42 47
27 24
17 27
27 39
42 19
15 42
27 32
41 27
27 16
38 27
35 42
36 42
6 27
49 27
35 27
42 37
19 27
27 42
23 42
14 42
12 27
30 27
27 26
27 20
42 28
42 34
42 43
27 44
27 13
21 27
38 42
27 46
31 27
42 1
46 42
32 42
6 42
2 27
42 0
7 27
43 27
42 45
42 25
8 27
27 10
42 44
8 42