60
39 30 34 24 35 20 39 35 23 39 27 34 21 30 27 33 27 24 35 25 29 39 24 28 24 20 20 26 34 39 36 23 34 32 30 29 34 24 29 39 34 31 24 25 23 36 37 25 24 23 20 31 37 33 28 26 30 26 20 28
12
25 43 34 35 20 22 46 44 40 46 37 39
80
47 19
40 27
27 48
19 32
22 19
48 19
52 27
45 27
44 27
43 27
34 27
32 27
27 30
27 24
21 27
28 27
49 19
19 40
50 19
27 31
27 19
58 27
27 35
13 27
27 56
42 19
0 19
8 27
19 57
54 27
37 19
12 27
27 37
26 27
42 27
44 19
23 27
27 6
20 27
5 27
27 39
19 41
27 29
31 19
18 27
27 53
46 27
19 33
19 10
27 4
3 19
50 27
2 27
27 25
27 11
7 27
38 27
27 41
19 18
17 19
47 27
27 0
27 9
19 43
27 15
59 19
19 9
16 19
27 51
27 1
19 1
49 27
19 21
27 36
5 19
33 27
26 19
55 19
27 59
19 36