60
30 22 40 20 21 22 39 33 23 32 39 24 39 24 36 35 38 25 22 20 24 26 28 38 20 27 28 34 21 30 29 23 34 27 32 24 27 29 37 25 22 23 31 25 22 25 34 21 20 30 32 33 20 31 26 30 34 33 28 38
12
47 33 39 26 24 42 48 32 29 38 40 23
80
26 6
6 41
6 24
23 6
57 6
6 51
6 55
6 8
30 36
48 6
52 30
47 6
22 6
49 6
44 6
6 58
6 29
6 31
30 6
5 6
6 38
30 9
6 42
48 30
6 34
6 25
47 30
13 6
30 45
53 6
6 18
6 28
30 31
6 59
30 22
3 30
17 6
30 27
43 6
1 30
30 53
1 6
6 33
15 6
30 0
51 30
6 16
30 10
37 6
50 6
30 40
30 13
6 27
30 56
40 6
6 20
35 30
5 30
19 6
30 34
12 6
45 6
32 6
6 4
30 32
41 30
30 17
54 6
30 57
6 52
6 0
39 6
14 6
36 6
6 3
30 33
56 6
35 6
24 30
46 6