200
34 22 38 26 33 40 26 39 34 36 40 33 20 20 40 20 39 26 30 20 34 23 24 23 20 27 24 29 39 37 28 26 33 30 35 25 28 33 20 29 23 31 30 21 39 32 30 37 27 22 34 24 20 22 38 22 28 24 35 32 30 37 35 39 33 25 39 25 26 22 31 29 26 40 39 31 28 31 27 24 35 24 29 29 33 31 30 25 31 34 33 26 40 34 35 21 24 35 33 29 26 24 23 29 26 37 40 32 25 34 22 27 38 40 27 27 36 38 29 37 31 34 25 30 23 29 36 39 20 40 36 27 37 27 28 38 29 34 35 20 39 20 36 38 38 21 31 21 35 23 25 32 21 22 28 23 40 33 39 35 28 37 36 40 34 38 24 27 37 33 23 27 32 25 38 34 21 36 26 39 23 23 20 29 28 35 23 33 36 30 26 32 29 39 23 33 39 34 29 24
20
40 41 48 35 32 31 25 24 41 41 40 49 21 25 46 23 20 32 50 41
120
96 97
22 97
147 97
175 97
97 0
97 199
1 97
97 63
101 97
106 97
97 143
97 108
73 97
97 2
176 97
87 97
97 171
97 182
97 80
141 97
97 41
155 97
97 10
28 97
97 48
170 97
97 198
98 97
109 97
97 131
86 97
125 97
97 185
78 97
97 136
97 6
39 97
56 97
97 196
97 26
92 97
97 54
97 172
97 140
97 121
97 119
42 97
97 99
97 183
97 135
97 169
71 97
110 97
97 148
97 49
15 97
127 97
5 97
97 50
13 97
97 58
70 97
184 97
97 189
144 97
68 97
40 97
97 93
129 97
190 97
97 112
59 97
97 34
29 97
97 4
97 95
97 105
166 97
43 97
37 97
97 194
97 187
97 117
100 97
97 180
20 97
97 151
186 97
65 97
3 97
154 97
111 97
137 97
97 164
97 30
97 113
97 128
89 97
97 17
97 82
178 97
91 97
81 97
24 97
62 97
97 74
138 97
35 97
97 16
192 97
97 55
12 97
97 195
97 161
97 83
158 97
97 179
97 163
97 33
75 97