70
37 20 30 39 40 20 35 35 33 31 33 24 22 20 26 38 29 28 35 32 23 38 37 37 31 33 29 32 30 39 32 29 25 31 38 26 29 40 24 30 29 33 24 30 28 34 34 21 37 32 34 26 22 30 28 31 30 20 22 35 22 23 33 22 20 26 27 29 32 33
16
45 47 43 45 37 33 35 24 35 39 44 39 22 37 45 41
80
60 34
60 37
24 60
69 60
33 56
56 59
56 49
32 60
60 62
53 60
60 20
44 60
40 60
60 22
60 3
36 60
60 0
55 60
29 56
19 60
11 60
10 60
60 48
60 49
60 59
60 65
60 46
60 16
60 9
10 56
60 61
60 26
28 60
41 60
60 58
60 43
60 8
69 56
60 38
42 60
60 33
4 56
51 60
60 25
60 29
11 56
56 37
60 35
60 56
39 60
1 56
60 50
31 60
27 60
56 15
60 4
21 60
2 60
60 17
60 52
57 56
60 12
15 60
32 56
60 45
12 56
60 30
60 66
60 23
56 66
6 60
60 18
60 54
68 60
56 50
56 61
60 7
14 60
67 60
68 56