50
25 37 27 29 22 30 40 37 22 20 28 25 38 21 25 38 39 30 28 40 40 29 22 20 25 36 34 28 36 26 21 25 23 24 22 24 25 25 27 30 27 34 30 31 37 38 26 34 36 28
10
27 50 28 40 48 39 28 29 21 46
80
29 11
12 42
23 12
26 29
6 29
12 26
12 15
46 12
22 12
47 29
14 12
10 29
29 32
23 29
12 48
14 29
0 12
29 45
5 12
29 0
12 21
43 29
5 29
29 3
12 49
12 41
29 1
34 12
2 29
39 29
12 30
27 12
29 34
24 29
17 29
29 7
18 29
12 4
16 29
12 44
29 41
25 12
1 12
12 9
29 13
12 39
29 20
28 12
12 38
43 12
12 35
33 29
29 12
12 37
4 29
12 11
36 12
12 7
12 40
12 17
36 29
29 46
29 21
12 47
27 29
12 31
12 8
29 15
8 29
29 31
35 29
12 24
33 12
18 12
32 12
19 29
9 29
29 38
30 29
12 45