40
22 33 27 28 29 37 37 25 26 27 22 28 31 28 24 40 35 26 35 20 22 34 26 25 24 23 33 34 26 23 32 39 39 22 35 33 28 22 20 20
8
33 48 32 28 47 45 33 46
120
31 24
27 31
6 13
13 39
20 7
32 31
5 7
5 22
13 23
38 13
10 22
20 31
7 26
22 1
12 22
31 7
7 32
21 7
11 7
7 29
31 35
18 7
30 13
34 31
4 7
0 22
22 24
13 35
7 13
13 12
13 17
18 31
6 31
8 13
13 10
13 5
36 22
31 0
13 25
28 31
7 19
35 7
2 7
3 7
37 13
31 14
13 16
33 7
31 21
31 3
16 7
36 31
13 14
22 13
22 27
18 22
1 7
33 22
31 29
7 6
37 7
31 11
10 31
22 21
38 7
22 19
19 31
15 13
32 13
38 22
7 24
13 1
13 24
29 13
0 13
13 19
13 33
7 34
36 7
30 22
25 31
22 31
31 16
37 31
5 31
7 30
17 31
13 20
31 13
22 2
22 3
6 22
31 38
22 20
31 33
31 8
3 13
4 13
7 10
22 11
2 31
25 7
4 31
31 39
7 0
34 22
7 39
32 22
35 22
13 28
22 37
13 26
22 29
27 7
9 13
31 12
12 7
15 7
23 31
31 9