80
29 27 40 25 32 20 26 23 29 38 40 20 33 21 22 38 23 30 37 22 40 29 35 29 26 40 35 37 25 34 39 27 33 21 21 36 35 32 25 25 32 24 20 33 37 20 24 22 30 20 29 34 25 24 34 24 24 26 23 32 32 30 20 40 32 40 31 28 38 35 34 25 29 30 23 22 36 27 25 22
20
36 20 29 21 46 32 23 45 34 34 21 27 29 39 40 31 21 42 27 30
80
58 59
50 59
76 59
49 59
59 28
59 11
59 75
54 59
16 30
61 59
67 59
15 30
67 30
0 59
59 20
19 59
13 59
17 59
59 24
59 73
30 48
74 59
26 30
59 47
59 6
59 2
59 12
75 30
35 59
31 59
59 23
59 22
65 59
59 46
30 25
27 59
59 33
59 9
48 59
14 59
59 38
59 30
10 59
59 62
59 21
59 29
59 68
59 45
42 59
26 59
18 59
57 59
59 39
59 79
30 36
59 70
59 15
30 28
59 3
59 34
7 59
72 59
59 53
59 64
59 16
37 59
44 59
51 59
8 59
1 59
63 59
4 30
59 66
59 4
59 25
60 30
56 59
77 59
59 55
5 59