80
34 30 40 31 35 27 25 29 31 30 22 36 32 29 27 34 26 31 24 36 28 26 34 36 39 21 29 24 32 40 31 35 25 30 30 32 23 24 29 32 26 28 31 26 32 33 25 31 20 39 22 23 24 35 34 39 20 23 36 22 21 24 24 27 34 29 24 21 33 23 40 30 39 31 36 27 25 35 24 31
20
41 43 27 24 36 29 47 44 23 35 34 43 23 25 28 48 35 29 30 32
120
53 25
30 57
57 64
57 25
10 25
25 21
26 25
19 25
57 8
25 45
57 56
57 76
3 57
57 60
34 57
77 57
25 58
57 50
25 16
25 59
57 5
25 28
25 11
50 25
75 25
57 45
57 71
25 12
13 25
25 47
46 57
25 22
73 57
57 24
55 25
57 53
4 25
23 25
63 57
25 65
57 1
52 57
57 66
40 57
57 41
31 25
57 48
25 64
14 25
38 25
57 58
49 25
25 68
25 44
33 57
54 25
25 74
57 2
25 6
11 57
25 48
25 15
7 57
32 57
25 2
25 51
57 18
57 43
4 57
68 57
25 77
70 25
70 57
25 79
25 8
21 57
42 57
54 57
67 25
39 57
25 29
5 25
25 0
72 25
62 57
25 41
39 25
57 22
29 57
25 9
25 36
74 57
67 57
7 25
36 57
25 73
57 17
37 57
10 57
57 35
65 57
57 12
25 20
61 57
0 57
25 42
57 79
27 25
57 69
59 57
63 25
78 57
57 38
57 16
57 27
57 75
57 49
57 47
56 25
44 57