50
36 40 35 30 24 36 26 30 40 26 40 21 28 26 30 27 22 30 40 38 21 23 26 28 32 23 35 39 27 20 31 32 34 36 20 32 32 21 21 29 26 21 30 34 32 20 29 37 34 31
10
32 25 42 28 24 39 34 36 26 49
80
44 42
46 35
42 24
28 35
49 42
5 42
19 42
30 35
47 42
35 17
35 40
42 21
42 29
18 35
35 10
37 42
42 3
1 42
35 29
8 35
36 35
35 11
42 10
42 4
5 35
35 42
31 35
23 42
42 33
0 42
42 20
35 20
45 42
44 35
35 22
26 35
42 43
42 31
42 40
35 37
35 14
35 32
16 42
15 42
35 13
42 48
7 42
35 43
49 35
42 27
35 1
42 6
2 42
35 34
8 42
42 34
25 42
35 21
24 35
7 35
35 41
12 35
32 42
36 42
11 42
0 35
9 42
18 42
35 23
12 42
3 35
4 35
42 26
6 35
35 38
35 39
42 28
35 2
42 30
35 45