50
37 31 30 31 25 27 34 30 23 29 22 38 22 33 36 21 35 31 31 30 29 33 34 35 33 39 21 28 38 34 33 27 31 33 37 32 38 28 28 25 23 30 38 25 33 37 31 36 26 31
10
35 34 41 38 48 40 24 28 22 35
80
13 48
21 41
42 21
39 13
21 48
13 33
21 19
18 13
21 28
21 9
2 13
21 34
13 8
21 2
28 13
25 13
13 21
29 21
41 13
36 13
21 15
31 13
21 38
13 35
13 32
13 17
21 16
3 13
6 21
7 21
12 13
21 17
44 13
13 42
13 23
0 21
13 47
37 13
13 46
13 29
27 13
19 13
20 21
13 20
22 13
13 6
21 4
49 21
10 21
13 30
9 13
21 32
21 45
23 21
21 8
13 43
11 21
7 13
21 22
13 10
16 13
13 26
27 21
21 40
4 13
21 1
39 21
14 21
13 1
21 46
49 13
21 36
5 13
11 13
21 31
18 21
13 24
43 21
21 3
25 21