70
24 37 35 27 31 26 24 32 34 31 23 22 23 26 31 21 25 33 36 29 23 37 26 32 25 20 24 39 28 20 35 21 35 33 23 39 25 27 28 26 33 21 39 31 36 23 28 34 23 29 33 31 33 22 23 25 34 27 26 31 28 33 33 24 28 27 24 29 35 22
16
28 32 33 47 49 42 35 27 35 47 44 47 22 35 31 23
120
37 61
18 37
37 8
37 26
37 40
42 37
28 66
66 54
9 37
68 37
40 66
54 37
66 33
44 37
66 31
41 65
37 41
58 66
37 17
20 66
30 37
66 37
7 37
37 43
63 37
45 37
37 20
69 66
27 37
66 32
59 37
66 59
67 66
23 66
37 15
51 37
37 35
49 66
52 37
31 37
66 35
66 5
53 66
37 48
41 9
41 57
16 66
55 37
3 37
57 66
14 37
37 29
43 66
3 41
66 25
46 66
36 37
32 37
66 42
29 66
37 23
3 66
66 52
37 47
66 39
11 66
12 66
66 64
41 2
37 53
38 37
19 66
17 66
21 66
37 46
66 38
27 66
66 7
66 68
47 66
2 37
37 33
66 65
37 1
60 66
11 37
66 62
25 37
30 66
66 13
66 18
41 46
1 66
24 37
0 37
66 10
37 50
66 50
66 61
56 37
62 37
10 37
28 37
44 66
37 12
21 37
66 34
66 56
66 22
66 2
55 41
66 9
41 66
8 66
4 66
66 15
4 37
14 66
37 6
66 51