70
23 39 38 36 26 31 23 39 33 21 30 23 32 20 37 27 40 37 40 25 26 28 30 37 27 22 22 37 26 36 40 22 39 21 20 40 29 20 29 20 40 38 39 29 20 31 31 37 27 36 40 30 34 30 34 35 37 27 39 37 26 25 26 29 39 33 35 27 35 23
16
49 23 48 43 48 38 36 37 23 37 30 20 37 46 39 27
120
36 63
69 2
5 2
65 2
63 60
41 2
63 22
19 2
3 63
50 63
53 2
2 63
56 2
64 2
46 63
33 2
68 63
62 2
2 47
66 2
2 35
11 63
34 63
14 63
2 46
44 2
63 48
48 2
55 63
27 63
50 2
2 57
4 2
22 2
15 2
2 25
2 42
61 63
11 2
2 68
16 54
67 2
2 45
52 2
18 63
19 63
63 7
2 28
44 63
51 2
59 2
60 2
64 63
45 63
63 13
15 63
32 2
62 63
2 55
2 29
17 63
63 16
63 12
63 5
40 63
63 30
6 63
63 38
40 2
28 63
63 59
2 37
2 12
63 41
2 24
63 9
2 17
2 43
54 2
35 63
8 63
61 2
69 63
2 8
2 7
63 51
9 2
53 63
2 27
2 58
63 42
2 20
21 2
63 65
63 25
63 52
10 63
34 2
2 38
63 1
39 2
24 63
66 63
2 26
2 23
63 23
63 47
63 0
29 63
33 63
2 31
63 56
2 49
58 63
36 2
63 32
63 49
6 2
39 63
63 54