40
39 36 25 31 33 35 37 39 26 28 35 39 36 21 22 27 36 32 35 21 32 37 33 31 20 37 21 33 40 23 35 20 29 40 26 38 25 20 37 35
8
26 37 45 26 39 29 44 39
80
36 3
26 38
11 36
28 38
38 19
38 11
0 36
31 36
39 36
36 8
6 38
38 30
36 26
23 15
38 29
35 36
36 7
6 15
38 13
36 18
32 36
23 36
38 10
4 38
28 36
36 37
38 14
20 36
38 0
36 9
38 17
36 4
2 36
14 36
8 38
36 29
36 25
17 36
25 38
20 15
15 0
27 38
15 32
36 34
3 38
38 37
2 38
7 38
24 38
35 38
38 22
27 36
36 10
36 13
15 11
24 36
38 34
33 36
31 38
22 36
21 36
38 18
2 15
19 15
38 33
20 38
6 36
15 14
39 38
38 9
23 38
15 24
37 15
34 15
21 38
36 30
35 15
32 38
15 28
36 19