50
25 28 36 37 39 24 23 34 28 36 25 22 37 39 20 34 35 29 26 20 24 38 26 38 21 35 37 25 23 21 22 21 28 30 37 21 31 28 20 38 34 25 20 25 37 21 22 29 21 24
10
22 22 43 31 29 30 49 21 22 24
120
41 10
0 46
37 38
46 28
16 37
15 46
14 37
37 27
46 32
37 13
30 10
46 18
34 46
10 9
17 10
37 46
26 10
25 37
15 37
42 46
10 16
46 43
37 42
38 10
46 5
6 10
37 17
46 38
10 4
37 3
10 3
0 37
6 46
46 22
46 35
46 49
37 4
10 19
45 10
10 8
37 40
23 46
12 37
24 10
3 46
11 10
10 39
1 10
46 9
9 37
33 10
23 10
47 10
30 37
33 37
46 2
29 10
5 37
10 22
36 10
46 16
10 46
46 44
46 33
10 31
46 4
46 7
47 37
10 13
8 37
44 37
41 37
20 10
37 29
49 10
48 46
24 46
10 43
42 10
46 40
46 36
46 12
6 37
20 37
48 37
10 7
48 10
10 14
1 37
46 25
26 46
36 37
32 10
46 19
34 37
46 45
37 31
37 11
19 37
27 46
46 41
10 37
10 25
46 30
12 10
46 14
39 46
37 18
46 11
10 5
37 7
40 10
35 10
18 10
10 34
21 37
21 10
10 15
37 22
17 46