80
32 33 33 22 28 34 40 27 23 36 37 28 40 37 20 34 32 40 28 23 21 23 21 39 20 22 34 22 21 24 30 20 31 39 20 22 30 28 35 32 34 20 31 24 37 33 36 28 22 37 20 33 37 25 22 38 33 22 20 40 27 23 24 28 36 34 22 28 37 34 31 24 31 37 30 30 31 31 32 22
20
44 29 28 20 44 32 21 29 39 29 23 47 43 25 33 33 29 28 48 22
80
46 70
50 70
54 70
12 70
25 70
18 70
70 32
70 23
64 70
70 79
19 9
70 5
70 34
14 70
70 6
70 52
58 70
70 35
9 58
39 70
70 26
65 9
70 48
70 22
15 70
70 73
74 70
70 33
60 9
70 57
9 30
10 70
70 71
70 62
28 70
70 0
17 70
70 60
70 38
43 70
68 70
56 70
70 27
70 8
47 70
11 70
70 41
70 29
70 49
70 4
9 21
70 24
70 13
70 44
31 70
67 70
51 70
16 70
70 21
78 70
70 55
70 3
61 70
70 42
70 19
70 37
53 70
1 9
70 9
70 66
70 7
70 1
70 59
70 20
70 2
63 70
75 70
36 70
9 18
45 70