20
38 27 28 37 25 29 26 35 24 29 38 26 34 33 35 27 20 27 33 24
4
26 20 20 41
80
0 14
19 18
11 17
14 1
17 8
18 8
10 1
2 8
18 15
8 12
14 12
8 16
10 14
10 17
6 14
18 6
17 15
5 8
17 9
18 1
10 7
8 10
9 14
4 17
13 18
17 2
19 10
10 18
17 19
16 17
6 8
7 14
8 14
14 2
0 10
1 8
10 9
7 17
13 14
7 18
14 18
18 0
14 16
8 11
0 8
17 18
4 10
12 10
13 10
17 5
17 13
5 18
17 1
2 18
6 10
14 19
17 14
10 5
11 14
8 15
9 18
2 10
18 16
0 17
15 10
14 15
3 10
17 6
18 3
13 8
17 3
14 5
14 4
3 8
18 4
3 14
17 12
9 8
12 18
18 11