200
29 24 21 26 27 36 24 38 30 27 27 22 30 25 28 40 28 31 39 34 21 32 23 28 38 39 30 37 23 25 40 30 35 30 27 38 31 24 27 34 39 40 26 28 34 29 20 23 36 30 27 31 39 34 24 38 39 31 21 24 26 36 22 32 22 39 24 37 23 40 36 25 39 27 32 36 37 23 37 38 29 31 24 29 39 20 22 32 26 20 34 35 33 31 23 25 39 22 40 34 25 26 29 35 23 24 35 21 38 31 40 38 30 39 37 31 35 39 34 27 37 21 26 26 28 26 31 32 22 36 32 37 38 35 21 33 29 32 28 37 23 35 25 39 27 37 29 34 38 36 26 34 34 34 29 24 38 36 32 21 24 28 27 26 35 32 31 34 39 35 30 26 39 27 24 24 34 34 36 29 32 38 40 23 29 31 37 27 29 26 37 36 28 39 37 38 36 40 31 22
20
26 36 26 21 44 21 22 25 23 34 45 20 23 47 42 44 30 47 27 34
120
0 86
0 188
0 90
124 0
171 0
60 0
0 118
0 133
0 153
182 0
11 0
0 163
0 7
0 105
71 0
0 4
74 0
29 0
0 165
108 0
0 61
0 76
2 0
75 0
0 68
0 33
13 0
125 0
0 79
89 0
0 28
0 24
92 0
155 0
0 63
52 0
147 0
0 54
83 0
0 48
34 0
0 117
98 0
0 151
157 0
122 0
0 14
0 156
150 0
104 0
65 0
0 180
95 0
138 0
0 69
0 179
0 139
0 119
0 197
0 45
0 17
0 162
0 55
129 0
0 143
0 94
0 123
56 0
0 185
46 0
0 67
99 0
0 26
96 0
0 49
0 135
0 18
70 0
0 178
0 175
184 0
42 0
0 51
0 64
116 0
166 0
196 0
101 0
0 39
88 0
0 72
30 0
0 102
0 187
0 40
97 0
0 167
0 43
0 57
41 0
0 191
15 0
183 0
0 109
38 0
148 0
73 0
0 114
0 181
0 25
32 0
0 189
0 115
194 0
16 0
110 0
0 195
106 0
0 160
0 50