60
33 39 40 31 26 25 29 21 24 25 40 25 34 23 36 40 21 31 31 38 24 33 35 28 28 26 35 21 21 31 30 28 35 38 38 21 36 25 20 35 36 25 25 39 20 33 36 24 27 21 33 24 21 32 39 27 36 40 37 24
12
28 48 42 35 25 46 48 30 50 46 22 47
120
53 55
28 55
2 16
16 6
55 40
16 38
18 16
15 55
44 55
16 15
34 9
39 16
55 3
16 13
55 7
16 0
55 12
9 3
16 26
16 28
35 16
55 18
10 55
9 22
55 21
55 30
9 38
55 43
55 9
9 33
55 38
50 16
55 11
8 9
9 1
55 22
16 55
53 16
27 16
48 16
16 47
52 16
55 5
55 31
14 16
16 21
16 4
9 25
16 1
16 8
16 25
55 17
55 57
55 45
39 55
16 9
16 36
46 55
47 9
54 55
32 16
16 12
16 41
16 49
24 16
2 55
51 16
57 16
16 17
9 19
1 55
55 34
29 55
9 28
0 55
16 37
52 55
51 9
49 9
45 16
31 16
55 33
19 55
55 37
36 55
23 55
20 16
47 55
16 7
26 55
16 29
13 55
55 56
3 16
55 6
59 16
55 58
29 9
55 27
16 10
42 16
9 24
50 55
50 9
32 55
16 43
55 51
46 16
40 16
55 59
16 56
14 55
16 58
16 11
55 49
16 44
9 17
9 37
24 55
0 9