30
31 22 22 31 20 22 30 40 30 35 35 25 32 34 29 35 23 20 36 22 26 34 34 27 37 28 24 34 22 20
6
31 47 38 26 25 42
80
29 15
11 29
29 24
8 7
19 5
6 0
29 21
5 3
25 29
7 27
7 26
29 22
26 29
27 29
5 11
18 5
4 7
3 29
14 7
13 5
21 5
5 8
7 23
6 25
29 14
13 29
16 7
24 5
22 5
5 28
25 7
7 29
5 6
7 17
5 20
0 5
29 2
7 10
12 29
22 6
6 28
5 12
29 23
29 16
5 26
2 7
7 6
13 7
4 6
8 29
20 7
6 27
9 7
7 12
3 7
19 7
15 7
7 22
7 28
5 29
7 1
29 1
5 9
20 29
10 29
15 5
29 18
10 5
17 5
27 5
6 19
29 0
21 7
1 5
6 29
29 9
4 5
7 5
5 16
5 2