70
34 30 30 33 24 37 33 32 40 22 27 36 22 36 37 27 29 33 21 21 35 28 31 36 39 21 32 25 34 32 30 20 29 29 20 34 27 37 40 39 32 34 30 37 38 32 39 23 20 33 20 39 32 21 22 29 38 34 36 20 35 32 37 22 27 23 36 26 24 39
16
30 24 36 50 44 29 32 45 29 21 39 37 31 40 27 31
80
55 6
0 50
67 6
6 60
29 6
50 62
6 26
50 59
50 8
6 33
25 6
6 38
6 63
50 29
50 33
3 6
10 50
43 6
6 1
66 50
66 6
36 6
19 6
6 68
21 6
10 6
6 27
12 6
9 6
51 6
44 6
6 15
7 6
0 6
5 6
50 46
50 1
6 41
6 24
6 32
8 6
47 6
6 28
6 11
54 50
6 20
39 6
50 3
6 30
50 44
6 58
42 6
6 53
35 6
6 69
50 69
6 62
59 6
2 6
6 22
50 41
64 6
18 6
50 68
6 61
51 50
67 50
6 37
6 46
14 6
6 23
6 54
65 6
4 6
13 6
16 6
50 13
56 6
6 57
50 24