70
40 40 32 35 38 32 34 22 21 35 21 27 20 23 35 38 27 35 38 35 25 30 22 29 31 31 21 23 27 23 38 35 20 26 34 34 26 30 34 29 22 33 20 37 20 38 33 36 37 30 21 34 27 40 33 40 21 40 25 24 29 38 21 36 33 37 24 25 37 33
16
44 45 41 36 26 41 43 29 32 40 30 41 40 29 25 40
120
33 40
56 33
16 49
33 11
33 8
9 33
33 4
16 13
15 16
17 33
16 22
2 19
41 33
16 65
57 2
33 53
33 32
16 61
16 50
55 16
33 54
33 44
16 53
3 16
26 33
21 33
16 12
33 23
5 16
2 13
16 14
27 16
16 31
19 33
16 60
33 52
39 16
7 33
33 55
33 1
38 2
16 29
63 16
41 2
22 33
52 16
33 62
2 58
0 16
46 2
34 33
16 26
33 58
35 33
33 69
16 34
68 16
33 13
33 64
31 33
16 19
29 33
33 59
33 42
1 16
16 62
7 16
16 42
33 47
33 60
16 45
33 36
16 33
30 16
66 33
6 33
8 16
16 43
10 33
33 46
33 12
48 16
66 16
16 6
16 18
28 33
2 20
32 16
57 16
16 36
50 33
16 23
17 16
44 16
27 33
33 57
16 20
56 16
3 33
33 51
5 33
33 63
24 33
14 33
33 49
16 21
16 37
33 67
16 40
16 10
9 16
2 16
16 59
16 47
2 42
4 16
33 38
0 33
33 20
33 25