200
30 32 38 27 21 36 33 29 20 21 24 22 24 21 35 30 27 23 21 21 34 37 40 30 23 40 39 30 37 29 30 25 21 24 38 21 27 28 26 27 32 26 21 38 24 32 34 30 20 31 25 23 23 25 21 35 37 36 26 36 25 33 20 31 32 27 39 37 30 35 35 40 38 24 28 21 21 35 22 30 30 34 29 21 22 29 35 33 30 23 22 33 35 26 36 34 28 30 39 30 38 23 25 35 25 24 20 38 33 23 27 23 24 20 31 40 32 33 34 24 33 24 22 24 28 20 35 27 23 28 39 31 34 20 34 21 22 35 33 34 23 27 38 39 20 20 40 24 30 27 37 40 29 40 21 25 37 21 27 36 24 39 34 24 21 28 26 23 27 32 27 30 35 25 34 31 39 34 22 21 30 29 34 33 28 24 35 27 36 36 34 38 32 31 38 26 39 39 33 34
20
26 21 21 40 34 44 43 41 29 39 23 36 47 31 42 46 22 36 44 24
80
62 154
171 154
154 102
83 154
150 154
131 154
125 154
154 114
154 44
161 154
175 154
197 154
154 128
1 154
140 154
154 119
141 154
116 154
129 154
154 37
154 93
154 184
94 154
130 154
95 154
132 154
166 154
174 154
60 154
195 154
0 154
154 158
154 149
154 190
58 154
154 138
154 24
154 179
154 185
109 154
154 25
45 154
136 154
85 154
154 20
154 173
154 151
154 13
154 6
154 70
154 22
154 112
154 187
75 154
154 65
154 100
154 139
154 137
154 172
154 99
154 113
170 154
63 154
154 135
154 39
154 36
154 198
81 154
154 69
154 84
154 147
154 178
154 19
8 154
154 55
154 52
154 165
49 154
61 154
143 154