70
21 32 38 40 35 28 29 36 20 24 25 25 25 35 28 35 24 20 20 40 27 24 40 28 38 32 30 25 21 23 33 22 39 23 29 33 21 29 33 30 36 30 25 20 38 33 38 40 33 25 35 21 25 29 28 27 25 36 28 20 30 30 25 22 30 25 38 38 35 23
16
23 26 37 21 40 29 49 22 46 41 21 22 41 38 37 35
120
36 26
5 27
26 47
21 26
3 27
44 27
10 26
47 27
37 27
61 27
35 26
5 26
14 26
26 42
13 26
63 27
58 26
29 27
62 27
26 46
26 17
27 24
17 27
26 49
66 27
27 19
27 23
27 2
26 40
27 51
67 27
27 10
27 58
27 25
53 27
26 3
27 57
8 27
27 0
26 31
37 26
27 34
32 27
18 26
22 27
27 45
28 26
26 19
9 27
15 26
26 61
26 22
27 14
62 26
26 16
7 27
27 41
1 27
50 27
26 51
26 68
26 55
27 30
63 26
59 27
46 27
15 27
26 33
27 21
27 33
27 40
7 26
54 27
26 64
27 68
26 4
30 26
26 24
27 64
54 26
26 11
27 11
20 26
66 26
2 26
26 67
26 27
6 27
28 27
9 26
27 39
27 4
27 48
29 26
26 65
27 18
57 26
27 35
56 26
27 13
26 34
27 36
26 44
26 60
8 26
31 27
38 27
62 52
26 52
69 27
27 16
50 26
65 27
60 27
27 43
26 0
23 26
12 27
6 26
26 32