60
30 25 40 21 29 21 32 24 22 22 40 26 31 39 27 25 21 25 38 40 33 36 32 39 27 30 20 28 25 36 37 30 32 31 39 20 20 30 34 34 29 23 34 28 31 23 23 23 35 23 30 40 38 29 39 33 36 38 24 40
12
35 31 26 28 29 31 32 21 49 36 21 47
80
9 53
9 30
16 9
7 2
9 11
0 9
22 2
2 43
2 13
2 30
29 2
2 4
9 2
52 2
2 11
2 47
14 9
3 2
9 5
2 12
31 2
9 28
26 9
2 46
2 14
2 8
2 39
37 9
25 2
48 2
2 15
2 38
9 39
2 57
9 43
2 32
2 51
2 5
2 42
9 40
2 18
34 9
9 33
33 2
27 9
2 28
9 38
2 54
2 17
1 2
2 34
45 2
25 9
18 9
2 24
9 17
2 35
55 2
1 9
2 27
2 37
2 58
2 19
2 10
9 41
32 9
2 56
49 2
2 41
40 2
2 20
2 23
2 59
9 23
2 53
22 9
9 4
2 50
9 50
2 36