200
21 26 28 24 32 27 30 33 32 25 31 24 37 20 35 38 29 23 39 24 25 26 33 27 28 33 33 29 32 29 39 24 34 39 25 31 31 32 36 29 23 31 29 36 24 21 37 39 27 29 37 28 33 29 38 39 24 21 22 29 23 37 26 36 26 25 36 27 24 39 23 40 31 26 33 40 39 23 28 37 39 24 34 32 23 34 33 24 35 33 32 28 25 38 38 22 23 32 26 28 31 39 30 23 38 28 27 37 20 37 20 28 25 38 20 32 25 40 28 29 37 38 37 23 36 40 21 29 38 22 31 29 23 21 24 40 33 20 23 22 37 37 36 21 31 38 32 35 24 39 24 25 20 21 38 21 20 39 37 36 30 24 22 33 27 24 27 36 33 36 30 36 24 34 24 22 32 39 32 37 27 26 35 38 40 31 31 21 35 38 22 38 33 29 21 39 28 37 22 32
20
22 46 24 32 27 26 30 32 23 46 38 33 26 38 21 39 33 49 43 21
80
111 96
136 111
52 111
111 97
111 36
111 140
187 111
111 154
194 111
111 49
111 131
111 171
111 188
111 125
111 139
65 111
151 111
111 195
46 111
119 111
135 111
137 111
111 95
111 41
27 111
106 111
40 111
76 111
87 111
2 111
167 111
111 198
111 134
111 123
3 111
63 111
44 111
111 126
184 111
92 111
59 111
170 111
111 47
88 111
111 80
62 111
190 111
111 172
111 53
14 111
81 111
111 56
111 177
111 107
13 111
132 111
90 111
111 5
34 111
17 111
101 111
67 111
175 111
111 109
161 111
160 111
141 111
25 111
111 159
111 129
6 111
173 111
4 111
157 111
57 111
111 94
84 111
111 64
178 111
102 111