50
38 24 23 33 38 26 30 27 28 40 22 27 40 37 37 38 28 32 36 27 40 36 33 32 39 24 24 39 26 20 26 40 33 23 38 21 40 34 30 40 23 28 35 20 25 28 23 26 25 40
10
25 48 44 27 34 23 21 37 42 50
120
27 25
32 25
2 5
5 17
15 11
12 11
25 7
33 11
25 5
31 5
5 0
13 25
25 35
7 5
11 16
11 22
25 43
11 48
25 8
5 6
36 25
28 5
3 25
5 29
19 11
46 11
5 26
25 20
5 20
33 25
5 30
47 5
25 44
34 25
23 5
25 40
11 13
31 11
25 49
25 9
5 36
29 25
1 25
22 25
23 11
5 16
25 38
5 24
12 5
34 11
11 24
3 5
13 5
11 7
5 22
44 11
31 25
18 11
37 25
25 48
25 2
25 14
5 41
11 28
25 45
37 5
4 25
11 27
11 21
11 32
40 5
25 21
11 2
11 5
1 5
46 5
5 35
19 5
5 14
5 10
6 25
9 5
25 11
41 11
11 40
19 25
25 17
5 44
28 25
45 11
11 42
11 8
39 25
0 25
11 10
25 23
5 38
16 25
24 25
5 45
18 5
1 11
30 11
25 41
5 39
37 11
11 29
11 4
12 25
5 49
11 0
42 25
11 43
8 5
18 25
20 11
11 17
15 25
26 11
5 27