80
24 25 33 24 21 20 36 20 32 34 31 22 32 34 20 26 21 22 36 32 29 21 38 39 36 23 24 28 39 24 36 34 29 23 39 37 27 39 22 22 40 24 24 39 29 31 36 24 40 31 20 29 30 35 31 37 21 35 36 34 35 25 31 24 25 32 35 39 33 31 28 26 37 21 21 38 36 29 36 24
20
39 24 28 48 25 20 40 39 20 22 28 50 50 32 32 25 45 28 44 24
80
47 61
28 41
39 41
44 41
41 0
41 21
41 1
41 47
13 41
41 53
47 68
41 63
12 41
77 41
17 41
41 34
34 47
41 66
62 41
20 41
41 8
48 41
41 51
35 41
14 41
47 8
41 11
41 4
31 41
10 47
5 41
61 41
41 50
41 23
47 11
7 47
41 25
41 73
41 60
36 41
41 52
41 64
47 2
47 28
19 41
41 37
21 47
65 41
41 54
69 47
41 75
57 41
41 69
41 67
22 41
43 41
9 41
41 49
41 26
70 41
47 46
41 59
41 3
41 16
35 47
47 74
79 41
32 41
41 40
41 68
41 27
72 41
41 2
41 33
20 47
23 47
74 41
55 41
45 41
56 41