70
36 34 38 30 35 34 32 32 25 39 33 37 28 40 26 39 25 40 34 34 23 26 30 31 25 28 32 38 33 36 25 30 38 21 26 31 29 22 32 40 27 37 32 35 21 22 20 27 23 37 27 36 39 20 24 27 31 20 31 30 23 40 36 39 38 25 30 25 30 29
16
33 40 47 29 48 24 33 27 25 35 48 49 34 40 48 47
120
11 18
11 53
46 4
15 11
24 11
36 11
59 4
11 50
4 0
11 37
44 11
4 31
4 62
56 11
4 2
49 4
11 10
11 35
4 41
61 11
68 4
60 4
4 18
49 11
54 11
51 4
11 57
4 42
34 15
38 4
14 11
11 16
65 4
4 44
11 19
11 55
22 4
11 58
4 54
11 60
64 15
4 33
69 15
14 4
11 30
63 4
39 11
68 11
12 4
25 11
5 4
30 4
28 4
1 11
47 4
40 11
4 27
59 11
62 11
4 69
6 4
11 33
50 4
4 21
4 24
29 4
11 21
56 4
11 65
31 11
31 15
4 26
9 11
38 11
48 11
23 4
11 26
0 11
68 15
11 29
64 4
4 48
17 11
53 4
3 11
4 25
11 67
4 7
11 45
34 11
19 4
11 51
15 2
32 4
22 11
7 11
66 4
4 57
20 11
11 8
4 34
11 41
3 4
35 4
67 4
23 11
16 4
4 37
11 42
11 66
4 11
58 4
55 4
12 11
4 43
13 11
11 46
20 4
45 4
52 4