200
25 29 27 20 25 33 34 24 34 35 34 22 33 20 23 27 35 29 26 38 35 34 35 28 25 22 37 31 31 38 34 37 23 23 37 38 39 37 35 36 32 30 28 36 32 39 35 40 36 39 36 28 35 33 26 32 25 38 34 26 33 22 22 40 32 21 32 40 39 27 34 35 39 29 40 21 35 20 22 29 39 38 34 35 30 39 26 23 28 27 29 24 30 30 24 34 38 35 29 24 38 20 30 33 21 22 40 39 23 31 35 35 25 23 30 28 30 23 23 23 24 32 37 25 33 34 29 27 40 25 30 32 27 24 39 30 40 28 23 28 34 21 29 30 24 31 24 39 37 28 39 40 31 40 38 24 28 36 25 28 25 25 38 39 27 28 21 39 34 35 21 37 38 22 28 26 22 34 35 40 35 37 22 31 36 35 40 27 28 30 26 20 35 31 24 39 31 35 20 20
20
43 46 25 44 30 37 26 38 31 23 22 50 24 24 35 29 35 47 28 37
80
116 82
175 116
116 26
172 116
116 73
116 49
53 116
116 151
20 116
22 116
116 133
116 9
80 116
17 116
15 116
193 116
116 35
182 116
30 116
111 116
10 116
116 63
134 116
116 45
116 157
116 69
44 116
147 116
116 153
116 144
116 47
116 181
116 127
198 116
102 116
116 50
74 116
116 174
116 32
116 34
38 116
116 29
184 116
116 42
116 36
150 116
140 116
187 116
92 116
180 116
51 116
116 66
62 116
116 120
128 116
116 156
116 60
116 118
116 171
116 121
116 179
146 116
116 130
116 57
116 199
101 116
137 116
116 68
1 116
76 116
103 116
116 142
185 116
119 116
25 116
117 116
84 116
116 131
116 98
143 116