200
21 31 28 28 26 22 24 25 24 32 24 24 26 20 24 20 39 23 30 30 30 29 34 27 30 31 34 32 25 34 27 35 21 39 36 20 31 26 20 22 39 26 29 36 23 39 35 27 25 35 30 25 28 32 35 34 24 29 21 29 40 24 38 34 25 31 21 30 27 24 21 29 29 31 27 33 24 25 22 34 21 37 26 34 29 40 20 27 22 37 33 21 22 36 28 38 37 29 35 29 31 39 38 20 35 28 37 33 37 27 23 37 37 25 23 31 34 28 21 31 39 39 34 23 21 26 24 28 29 21 31 23 37 22 38 35 39 35 30 21 20 24 23 32 30 23 30 25 39 26 31 34 24 23 36 35 35 24 30 37 25 23 27 28 20 28 28 21 32 27 26 23 38 40 31 33 25 23 30 25 40 38 26 24 23 24 32 40 37 24 38 40 36 32 30 24 23 27 20 36
20
20 47 36 44 42 34 48 39 49 50 31 45 27 47 47 22 30 20 40 49
120
20 148
80 148
148 158
148 42
125 148
148 97
198 148
127 148
148 51
188 148
159 148
148 54
119 148
148 170
67 148
46 148
148 145
49 148
148 89
74 148
148 149
148 108
87 148
180 148
148 100
148 63
9 148
148 68
148 153
148 171
148 31
148 130
148 139
148 157
184 148
148 58
148 28
148 137
22 148
148 115
172 148
88 148
36 148
148 4
33 148
148 174
148 55
148 194
148 147
148 78
131 148
156 148
39 148
21 148
193 148
133 148
148 165
161 148
60 148
148 199
44 148
146 148
47 148
132 148
155 148
148 110
148 167
148 195
1 148
148 81
129 148
104 148
179 148
148 162
148 128
148 116
79 148
148 176
148 175
84 148
148 0
186 148
124 148
148 29
148 191
148 72
148 197
148 65
148 166
148 69
53 148
148 181
148 62
148 113
148 52
77 148
148 93
142 148
148 150
148 168
107 148
148 169
148 71
41 148
183 148
148 70
12 148
163 148
152 148
148 189
14 148
148 173
148 2
148 18
148 143
148 160
135 148
148 190
148 48
148 134