200
26 23 21 23 25 29 33 25 31 21 22 32 33 35 29 30 21 26 30 31 20 36 28 21 29 37 20 37 35 30 21 24 39 23 36 23 23 22 22 37 22 38 39 22 22 33 31 39 26 26 37 21 36 20 30 23 29 30 37 22 25 37 24 31 33 24 20 32 33 29 40 40 31 33 31 30 33 37 35 21 29 29 35 34 23 25 29 34 38 40 34 39 23 39 37 29 26 28 28 28 40 31 29 28 37 30 20 40 29 31 29 28 38 40 27 26 24 33 40 21 33 38 31 33 40 27 35 33 20 26 21 24 32 32 24 30 40 31 27 29 29 24 29 33 29 27 32 24 28 40 39 25 23 30 37 40 28 39 27 28 21 25 27 39 21 32 20 38 25 38 40 27 31 33 34 26 28 27 37 40 33 38 25 20 24 25 25 35 37 39 37 25 27 20 31 27 21 30 35 21
20
34 32 35 28 38 31 26 20 25 45 41 31 50 24 47 22 38 26 21 44
80
97 101
101 106
101 21
101 76
101 25
88 101
71 101
44 101
139 101
184 101
102 101
101 124
101 17
155 101
2 101
174 101
101 62
101 81
101 128
101 10
101 26
101 168
150 101
101 129
101 6
101 185
34 101
20 101
104 101
98 101
101 194
43 101
101 166
101 82
101 176
73 101
101 183
101 45
101 178
41 101
22 101
101 46
12 101
101 153
101 79
101 90
101 134
137 101
132 101
101 63
3 101
19 101
101 18
14 101
101 50
192 101
101 161
101 105
101 100
127 101
121 101
112 101
101 188
101 145
101 86
87 101
120 101
101 0
101 117
101 93
30 101
83 101
70 101
158 101
101 39
101 58
101 55
131 101
85 101
101 16