50
27 30 30 22 20 20 35 26 40 26 27 29 21 24 36 27 24 20 39 28 34 26 22 20 20 26 20 29 35 35 20 34 39 23 38 30 38 31 31 28 20 39 40 30 35 26 34 24 31 23
10
26 45 45 35 50 42 40 40 43 38
120
12 38
6 12
12 27
41 12
25 12
7 43
28 12
38 4
38 25
26 38
33 12
3 7
7 22
30 12
7 38
12 39
26 12
46 38
19 38
7 13
36 38
7 0
7 31
18 38
12 34
23 7
10 7
3 38
36 12
21 7
7 28
12 18
12 10
38 31
19 12
12 8
38 40
45 7
7 17
40 12
38 44
20 7
39 38
0 38
30 38
15 12
23 38
38 49
0 12
7 30
7 47
12 35
12 42
38 6
15 38
7 26
33 38
17 38
19 7
20 12
12 24
7 35
12 32
45 38
21 38
48 12
12 31
14 7
7 5
27 7
22 38
38 20
12 37
11 7
12 45
7 29
7 4
7 40
7 2
32 38
12 44
7 1
12 21
14 38
29 38
38 41
38 34
12 11
12 14
7 46
44 7
13 38
47 12
49 7
7 25
24 38
37 7
7 24
16 12
12 9
2 12
15 7
12 49
38 16
16 7
29 12
47 38
5 38
13 12
7 48
12 43
23 12
46 12
38 42
38 8
28 38
1 12
6 7
38 10
12 7