40
29 24 26 34 34 34 39 39 40 28 38 29 22 33 24 36 25 21 26 32 38 34 35 35 31 20 24 30 20 38 23 26 35 24 20 30 23 27 31 32
8
28 24 36 20 31 34 33 40
120
22 32
39 24
11 22
21 20
20 8
0 25
24 35
30 24
2 0
39 0
0 12
0 21
2 20
16 20
34 22
15 20
23 0
33 20
22 20
1 20
0 34
23 20
24 27
20 28
0 24
22 31
22 19
0 11
0 15
24 5
13 20
19 0
4 20
22 15
5 20
20 36
6 0
20 39
33 22
22 16
29 22
0 1
0 9
24 22
0 7
0 3
0 4
22 17
7 20
33 0
19 20
19 24
9 22
10 22
25 24
29 0
30 22
36 0
20 12
9 20
0 14
17 0
17 20
22 6
20 18
18 0
29 20
24 10
4 22
26 22
17 24
22 1
20 10
0 38
30 0
25 20
24 29
20 34
20 30
27 20
21 24
37 0
22 21
8 22
0 27
20 3
20 26
24 20
22 37
36 22
0 26
22 25
22 3
22 18
28 0
16 0
27 22
13 0
35 20
6 20
37 24
32 0
0 22
11 20
20 37
8 0
26 24
22 14
32 20
5 0
35 0
35 22
13 22
20 14
12 22
20 38
0 10
12 24
22 23
28 24