60
28 20 33 35 39 33 25 38 39 28 27 30 37 23 27 21 22 21 36 27 31 38 26 34 37 30 32 30 37 32 23 35 32 30 26 39 39 30 20 28 20 35 27 30 22 35 27 37 24 40 23 20 35 27 40 35 35 31 32 29
12
46 29 49 30 27 24 27 33 31 33 47 44
120
49 22
15 40
19 9
49 38
19 51
40 26
49 40
3 40
40 30
19 38
40 11
8 40
31 40
19 22
19 24
40 1
19 13
6 40
19 41
40 36
19 58
19 48
46 19
16 40
19 56
40 35
12 40
39 19
39 40
19 44
58 40
49 6
40 53
52 19
19 2
49 44
31 19
19 17
19 47
0 19
40 0
15 19
19 6
43 19
21 40
25 19
19 59
14 19
34 40
17 40
2 40
11 49
18 19
40 37
5 40
40 41
25 40
40 20
40 10
19 53
49 46
45 19
55 19
34 19
9 40
47 40
19 16
40 28
42 49
49 19
40 59
19 27
35 49
10 19
4 19
13 40
20 19
40 46
40 4
40 43
19 23
49 47
23 40
40 44
40 7
19 37
26 19
52 49
19 33
49 26
14 40
11 19
50 40
5 19
3 19
40 18
58 49
40 19
45 49
42 40
19 1
49 16
40 54
28 19
8 19
49 8
22 40
40 27
40 24
40 33
38 40
19 54
32 40
57 40
49 55
23 49
19 50
48 40
19 12
29 40