30
32 22 22 22 35 31 32 23 24 38 35 32 24 24 35 21 23 23 36 29 30 20 29 29 26 38 25 23 39 29
6
44 45 45 26 44 33
80
23 17
27 17
15 17
1 17
25 21
9 15
17 10
1 9
2 9
9 20
4 21
21 19
14 27
21 3
24 21
12 17
6 9
17 8
17 4
17 21
9 16
21 10
21 28
21 14
17 26
9 12
23 21
9 3
28 17
12 21
21 18
9 29
22 21
8 21
5 21
26 21
0 21
6 17
18 17
9 23
9 19
9 0
17 14
5 17
21 11
17 25
27 12
10 9
21 16
8 9
7 21
17 20
7 9
22 17
21 1
26 9
29 17
13 21
17 3
24 17
6 21
17 2
11 17
27 9
22 9
2 21
0 17
20 21
9 18
21 27
15 21
9 17
14 9
9 13
9 21
9 4
9 11
21 29
19 17
5 9