60
20 40 23 22 33 37 32 21 23 38 33 39 40 20 22 37 20 27 22 22 39 32 36 30 20 29 37 34 27 32 37 24 25 30 37 34 23 25 31 36 24 28 27 22 20 38 38 26 35 23 22 26 30 20 38 23 27 40 26 23
12
30 33 25 41 22 46 50 30 42 42 24 24
120
51 52
52 1
52 49
40 52
53 1
1 42
52 27
52 37
46 9
42 52
22 52
47 52
52 25
1 25
1 51
18 52
1 11
52 16
52 43
46 32
16 1
7 1
54 1
35 46
23 52
36 1
58 52
24 1
0 1
1 34
28 1
52 55
52 14
52 0
52 12
13 1
52 15
1 56
1 22
52 50
1 27
52 26
23 46
6 1
1 4
52 38
30 52
52 54
46 27
1 18
57 52
32 1
1 55
13 52
34 46
48 52
52 3
52 56
1 29
7 52
52 19
39 52
46 40
52 28
52 59
1 26
45 1
1 44
1 14
9 1
52 53
39 46
1 5
39 1
10 1
1 17
46 53
19 1
52 36
46 52
35 1
46 6
44 52
58 1
46 48
1 50
1 47
46 22
1 41
46 2
15 1
29 52
6 52
52 34
46 1
46 18
37 1
38 1
1 8
1 59
43 1
1 48
1 20
55 46
41 52
8 52
21 1
21 52
35 52
52 33
50 46
52 31
1 49
46 11
52 5
30 1
52 10
17 52
24 52
1 2