30
38 23 33 36 27 33 37 28 35 22 30 20 30 35 21 26 24 34 21 20 24 30 33 39 20 24 21 25 35 26
6
34 44 48 38 29 25
80
0 27
19 0
0 2
9 13
8 0
19 14
1 18
29 0
7 18
18 3
24 9
18 29
0 25
18 6
3 0
27 19
9 5
18 15
10 9
4 18
23 9
23 18
0 13
17 18
0 9
0 14
9 22
8 9
18 27
21 18
4 0
2 18
9 20
28 18
28 0
9 12
18 22
0 22
6 9
29 9
9 16
18 8
0 16
20 0
9 2
18 11
3 9
0 26
9 19
27 9
18 10
25 18
11 0
9 11
0 15
9 28
0 10
18 0
18 5
12 18
0 12
19 25
18 13
18 16
19 23
18 20
0 1
19 2
19 18
9 15
0 24
9 17
9 7
9 1
4 9
0 5
21 9
9 25
18 24
0 21