80
38 25 25 26 23 39 35 25 20 23 40 26 32 38 27 38 40 34 31 38 21 20 22 24 40 21 27 36 28 37 21 23 27 31 30 27 23 36 35 20 24 35 23 40 20 27 31 28 20 30 22 32 26 20 38 39 36 36 37 20 35 33 34 20 28 26 30 28 39 39 26 35 33 30 38 32 34 39 38 29
20
25 42 35 23 21 20 50 37 43 23 50 28 47 40 44 23 25 39 21 33
80
29 15
71 15
19 42
39 15
15 34
75 15
15 17
15 51
15 16
15 60
25 15
64 15
15 32
19 5
45 15
19 15
41 15
65 15
73 15
15 79
14 15
54 15
53 15
58 15
3 15
15 1
15 12
19 18
15 20
15 36
25 19
5 15
69 19
55 15
15 62
74 15
29 19
63 15
15 78
9 15
15 24
19 68
19 71
15 50
76 15
15 42
26 15
72 15
15 27
38 19
56 15
67 15
15 22
35 15
10 15
15 59
15 33
15 37
15 43
15 70
15 40
15 11
18 15
66 15
15 52
57 15
48 15
15 21
23 15
6 15
19 30
19 32
19 55
15 31
15 44
15 28
73 19
49 15
61 15
15 46