60
37 25 30 28 21 24 27 25 21 38 40 34 40 24 25 40 28 37 37 30 25 37 35 31 31 35 29 31 38 33 27 26 20 37 37 39 35 30 23 23 27 40 22 34 28 30 29 35 22 37 24 28 38 37 32 34 29 39 36 28
12
39 41 20 31 50 35 29 27 45 21 39 47
120
18 19
6 18
8 18
50 18
18 51
18 15
22 14
14 32
28 14
14 15
44 14
21 18
35 29
25 14
14 57
26 29
18 49
18 59
47 18
14 11
18 23
18 54
14 26
14 45
14 55
12 29
12 14
59 14
29 18
18 39
4 18
14 16
30 14
48 18
12 18
52 14
18 56
18 41
14 17
18 25
14 54
29 14
14 24
33 18
18 32
9 14
14 35
55 18
14 48
1 18
29 20
14 4
18 34
42 18
2 14
15 29
43 14
8 14
29 53
31 14
14 23
58 18
29 30
42 14
51 14
17 29
14 6
18 44
20 18
3 14
14 27
18 10
37 18
41 14
40 18
2 29
21 14
29 41
23 29
14 37
2 18
58 14
43 18
9 18
40 14
13 18
14 46
14 49
18 45
18 31
14 18
14 56
16 18
13 29
11 18
18 53
7 18
14 33
14 47
10 14
53 14
36 14
18 35
56 29
46 18
18 22
18 3
28 29
24 18
18 26
0 14
50 29
29 34
29 7
57 18
14 34
5 18
14 19
18 36
38 18