40
23 33 31 39 37 40 20 30 34 29 36 38 34 20 23 32 38 34 22 34 31 33 38 21 36 23 28 36 23 22 39 28 31 32 39 24 23 24 29 31
8
42 39 32 29 29 46 22 43
80
33 32
30 14
30 29
15 32
37 32
1 30
32 14
34 30
32 28
32 38
15 8
35 30
15 10
32 35
11 32
24 30
23 32
32 16
30 19
5 32
30 23
32 12
30 17
16 30
30 36
27 30
30 39
32 8
9 32
15 30
30 28
22 30
15 36
32 34
32 13
30 20
4 32
32 0
30 11
9 15
8 30
15 23
32 21
32 2
32 19
36 32
32 26
37 30
24 32
15 12
12 30
32 27
6 15
4 30
10 30
28 15
1 32
7 32
26 30
30 0
0 15
33 30
29 32
18 30
21 30
10 32
31 32
15 21
6 30
25 30
17 32
31 30
32 30
22 32
3 32
18 32
2 30
7 30
13 30
20 15