40
39 22 33 34 26 30 26 40 22 22 22 31 37 22 26 23 39 27 33 34 24 40 26 20 35 33 35 39 31 24 40 38 32 27 23 26 23 39 34 25
8
38 24 31 26 31 35 49 44
80
6 35
7 6
4 39
4 25
6 5
25 20
36 6
30 6
18 6
25 13
25 15
25 31
6 39
6 34
39 33
26 6
22 39
29 25
11 6
6 21
7 39
27 25
16 39
6 32
26 39
1 6
6 17
6 27
3 25
31 39
6 33
25 8
25 19
25 11
30 25
25 26
25 34
4 6
9 25
29 6
25 32
6 25
37 25
20 6
10 6
25 5
22 25
39 25
21 25
33 25
6 2
6 9
6 12
16 25
5 39
13 6
31 6
36 25
8 6
6 0
27 39
1 25
25 14
12 39
0 25
6 28
24 25
39 10
25 23
6 24
6 23
10 25
0 39
25 17
7 25
25 28
38 25
39 23
12 25
16 6