50
30 40 28 38 32 25 38 29 35 27 40 26 24 20 36 29 27 33 37 26 34 33 39 21 30 39 25 24 27 22 38 39 30 33 20 40 21 22 40 31 27 35 37 32 40 32 39 23 34 28
10
33 50 20 20 32 42 25 31 25 21
120
16 3
40 49
35 3
38 10
40 48
3 36
1 40
38 37
38 40
40 28
27 40
3 30
8 38
3 32
17 40
26 38
3 9
1 3
38 30
21 3
16 38
22 38
38 35
27 38
31 3
40 33
43 40
23 40
3 15
40 47
38 23
46 38
38 4
40 36
3 38
40 6
25 40
38 31
3 13
40 24
44 40
25 3
40 15
20 38
5 3
38 6
38 42
20 3
5 38
38 21
38 48
2 40
3 8
40 10
4 3
18 3
40 13
38 0
3 48
2 38
40 45
3 39
3 17
38 11
38 12
28 3
38 43
40 32
38 9
38 49
3 41
3 40
20 40
3 47
41 40
19 3
45 3
26 3
22 40
16 40
40 4
38 25
38 18
7 3
40 19
3 12
3 14
36 38
38 7
40 39
3 43
38 34
38 15
37 3
39 38
33 3
11 3
38 19
40 34
3 29
10 3
38 17
3 0
41 38
6 3
3 42
3 44
3 22
3 27
38 45
13 38
38 28
37 40
3 23
49 3
34 3
3 24
1 38
40 46
38 14