200
39 40 29 21 24 32 25 34 21 40 30 40 22 33 27 33 21 34 22 20 20 27 33 24 27 40 25 37 31 37 20 23 21 27 35 36 27 33 23 22 36 21 39 27 29 35 28 30 25 40 32 30 27 21 36 24 40 36 37 23 29 26 30 29 21 26 36 24 23 25 25 29 20 32 33 36 33 20 35 30 23 24 40 25 26 34 20 29 25 23 37 31 40 21 21 31 32 20 29 23 35 28 29 31 40 34 32 37 22 40 32 40 40 40 28 34 26 32 22 23 25 40 20 39 38 29 33 24 39 24 37 34 25 20 28 35 37 32 32 20 36 37 33 40 23 20 34 40 30 35 29 32 33 20 35 31 23 39 32 28 21 36 27 36 30 27 27 30 31 35 24 20 33 24 30 40 28 31 21 35 29 39 34 26 21 27 28 31 36 26 34 30 37 26 38 25 28 33 35 29
20
29 29 48 40 46 33 42 42 50 41 31 28 48 50 47 22 48 30 49 25
120
16 102
102 15
14 102
28 102
118 102
155 102
35 102
102 40
102 64
141 102
183 102
102 84
109 102
120 102
111 102
102 113
142 102
21 102
91 102
102 5
102 100
102 103
173 102
94 102
102 133
185 102
102 123
102 75
180 102
115 102
12 102
102 165
95 102
102 99
190 102
126 102
143 102
171 102
102 158
156 102
102 51
102 48
102 130
102 33
102 30
86 102
57 102
102 90
102 192
60 102
81 102
65 102
102 88
137 102
102 71
13 102
102 31
187 102
73 102
160 102
151 102
102 121
112 102
102 127
102 119
102 193
83 102
102 45
102 93
102 66
102 2
172 102
102 150
122 102
102 10
131 102
163 102
22 102
104 102
62 102
53 102
76 102
102 145
197 102
175 102
50 102
82 102
92 102
102 184
102 0
102 42
102 55
63 102
39 102
102 196
102 164
102 6
102 125
102 186
102 144
102 24
166 102
167 102
102 147
102 140
102 178
29 102
102 26
129 102
102 61
102 189
102 117
11 102
116 102
77 102
27 102
102 96
52 102
78 102
102 54