70
37 22 35 34 20 35 24 23 38 31 34 35 24 21 31 36 26 37 38 32 34 35 37 38 30 40 38 29 33 33 21 23 40 27 37 37 36 26 35 40 38 40 40 29 31 35 36 35 27 20 27 35 22 33 20 32 36 24 35 26 24 32 26 21 20 38 22 22 40 29
16
25 48 33 39 27 21 42 31 26 22 43 25 29 27 44 50
80
55 21
21 0
1 2
46 21
21 31
39 21
21 13
37 21
25 21
4 21
21 14
69 21
21 41
12 21
21 2
21 52
21 34
21 50
40 1
37 1
64 21
21 8
21 1
21 7
48 21
16 21
51 1
21 6
21 27
36 21
1 13
21 63
61 1
3 21
22 21
21 10
66 21
40 21
53 1
57 21
20 21
21 60
21 32
21 33
30 21
5 21
11 21
9 21
1 14
21 26
38 1
17 21
21 18
53 21
42 21
21 43
54 21
3 1
31 1
21 65
59 21
21 15
21 49
44 1
21 28
61 21
21 67
41 1
62 21
1 63
29 21
56 21
21 35
1 45
44 21
21 23
24 21
21 68
21 51
21 58