30
20 25 24 20 37 26 22 40 21 26 34 27 27 26 29 32 38 36 21 30 33 34 37 39 27 33 27 39 21 26
6
33 35 47 22 43 24
80
7 24
22 13
13 20
3 13
7 27
7 9
13 14
18 7
21 16
7 21
8 13
7 12
7 20
7 14
23 16
13 6
7 13
29 7
7 15
4 13
27 13
0 16
16 11
16 9
7 8
9 0
16 6
16 13
9 24
25 7
16 26
26 7
13 24
13 2
16 1
7 2
13 17
23 13
9 11
5 7
7 19
20 16
1 7
3 7
7 23
16 29
8 16
16 17
16 22
27 16
7 17
13 15
18 13
16 5
16 3
12 16
13 21
24 16
13 10
0 13
13 5
13 12
13 28
25 13
19 13
13 11
0 7
7 22
10 16
11 7
7 28
26 13
16 2
16 14
26 9
19 16
20 9
7 4
16 7
15 9