70
40 35 30 31 21 33 39 35 39 24 27 31 36 22 32 30 28 32 23 31 36 38 24 39 25 28 22 25 40 25 21 20 26 24 33 23 35 31 27 22 34 34 37 40 38 29 35 21 24 39 35 36 28 40 34 38 23 35 24 26 38 40 38 23 25 20 27 37 38 26
16
36 30 44 25 49 50 50 23 37 43 30 38 30 21 26 44
80
60 46
56 58
56 34
46 55
46 37
17 46
46 63
23 46
65 46
67 46
48 46
30 46
48 56
6 46
64 46
33 46
46 49
46 53
46 21
43 46
46 11
12 46
56 21
0 46
46 42
56 6
35 46
60 56
64 56
46 5
46 51
47 56
46 25
46 24
47 46
46 22
56 14
46 44
9 46
46 26
58 46
28 46
56 18
0 56
56 68
46 4
46 68
56 15
15 46
32 46
44 56
46 14
46 18
8 46
61 46
16 56
46 16
46 10
46 13
2 46
43 56
2 56
56 17
19 46
46 34
9 56
22 56
39 46
56 26
62 46
20 46
45 46
27 46
56 52
56 28
56 24
46 52
56 51
3 46
35 56