50
29 31 26 29 27 38 27 27 39 30 29 30 27 21 28 35 29 20 22 37 34 39 38 26 31 33 40 32 26 31 31 35 38 28 28 29 24 24 24 36 32 21 29 36 36 24 31 36 40 38
10
30 34 32 49 38 48 28 20 33 49
120
3 22
24 3
3 26
11 4
3 6
0 18
38 4
4 27
18 47
18 42
3 29
40 4
30 3
22 4
18 3
4 14
8 4
4 0
4 35
18 30
18 39
18 43
41 3
3 5
18 7
15 4
28 4
31 18
4 45
26 18
11 18
18 5
35 18
3 20
3 17
18 49
4 17
18 17
18 40
48 4
4 29
39 4
9 4
43 3
4 21
48 18
6 18
3 32
3 28
33 3
0 3
8 3
18 1
9 18
4 13
4 32
21 3
3 39
12 3
31 4
2 3
18 23
12 18
18 29
44 3
4 41
3 4
3 9
3 27
3 13
18 24
4 18
46 3
18 21
44 18
3 14
3 49
43 4
3 40
4 47
33 4
18 19
18 34
18 27
3 31
3 11
3 38
18 32
3 37
14 18
4 20
3 19
18 46
3 7
4 30
49 4
46 4
3 15
4 44
18 15
5 4
18 33
18 16
23 3
3 45
37 4
10 18
4 36
25 4
41 18
3 48
47 3
22 18
2 18
20 18
18 25
18 8
3 1
25 3
36 3