70
37 33 20 37 40 21 29 38 27 37 40 31 37 27 34 40 20 27 31 25 24 36 22 30 20 20 24 32 38 40 36 29 34 23 35 33 26 32 36 34 21 30 32 36 31 33 23 25 22 36 20 37 24 33 35 34 33 21 26 23 38 23 23 27 26 31 24 33 33 23
16
24 38 29 36 32 40 21 32 37 45 23 44 32 41 47 48
1740
38 18
43 13
65 60
35 42
31 20
30 2
57 37
64 22
0 30
26 62
67 5
6 49
31 45
50 53
12 0
42 53
68 42
8 22
23 2
48 28
56 14
17 12
48 45
33 55
37 52
3 36
46 52
62 66
59 32
15 41
16 38
65 24
31 10
11 54
58 46
50 28
55 50
29 64
54 18
69 46
23 54
52 45
42 8
13 67
67 16
58 23
19 23
52 56
20 17
48 46
66 20
40 66
19 4
62 43
34 2
19 10
1 7
59 27
37 23
59 62
34 40
47 46
8 29
37 40
46 24
11 36
69 26
8 63
24 27
46 44
29 13
6 39
42 17
38 63
23 27
18 33
59 1
11 52
10 24
24 39
22 51
57 54
47 14
34 51
21 25
20 18
64 61
69 4
53 25
2 40
64 15
60 68
23 42
26 43
9 33
31 22
27 52
26 51
2 61
50 39
36 59
64 14
57 68
24 55
60 17
54 24
66 23
15 17
28 66
17 36
48 44
24 20
43 6
66 46
14 12
16 29
38 58
13 38
61 51
21 51
3 37
3 56
53 15
0 51
37 36
11 41
4 62
66 15
3 14
63 51
3 10
49 45
35 40
47 20
11 1
60 51
24 12
28 33
62 24
0 13
34 46
14 18
54 65
38 24
18 17
34 59
33 58
11 19
7 64
60 52
22 1
7 23
59 35
11 58
6 32
26 23
40 28
22 29
64 50
56 40
66 26
34 23
56 30
52 62
56 49
36 19
2 53
16 32
1 5
68 52
64 65
5 56
36 44
40 0
57 46
18 32
56 51
69 14
8 50
18 37
20 60
24 30
26 59
68 23
11 7
58 37
14 9
64 27
11 39
0 27
67 65
20 65
5 13
42 44
59 66
37 64
66 44
47 51
26 33
28 22
14 27
60 8
55 23
10 53
56 46
40 33
21 19
25 42
56 60
68 8
47 54
57 28
42 55
15 63
37 25
11 50
63 21
6 68
14 42
50 67
49 29
20 69
24 41
45 18
39 57
65 2
64 18
50 37
29 58
32 50
27 17
9 45
27 1
29 31
66 22
65 33
59 46
41 22
38 7
10 2
59 15
10 25
2 63
35 57
26 22
22 6
55 28
13 64
7 59
64 8
42 50
10 61
29 68
56 33
6 50
1 24
33 42
44 13
42 43
67 18
4 67
44 17
2 58
23 22
56 55
67 43
5 15
24 26
63 6
61 15
46 9
9 24
4 51
7 42
34 30
39 38
15 16
69 10
53 11
26 45
67 66
15 18
27 56
27 2
30 13
3 66
63 22
1 3
57 13
59 69
50 15
22 53
59 10
17 0
20 41
20 13
6 51
22 39
13 42
1 48
43 60
60 10
66 38
40 18
68 54
26 44
19 37
32 25
37 11
69 37
45 4
32 53
14 16
2 13
54 46
26 4
3 50
34 28
1 40
56 65
54 4
51 68
64 55
50 14
59 25
6 35
57 42
55 48
1 57
10 36
29 41
22 17
67 38
15 31
42 3
36 26
67 32
48 29
44 4
52 33
66 53
32 46
17 57
51 58
52 29
3 2
52 16
65 14
9 10
57 26
45 58
10 66
13 52
6 47
39 40
60 40
4 40
59 64
69 29
60 23
33 32
51 35
14 68
43 15
51 28
1 23
29 59
15 57
38 21
10 6
55 22
25 30
26 19
43 28
8 24
25 14
48 36
66 49
10 0
18 57
13 56
13 51
50 27
11 16
63 60
54 21
51 17
26 41
16 13
32 22
69 45
32 52
10 52
21 40
26 40
64 21
31 57
57 66
1 60
17 40
37 1
31 46
9 20
54 25
54 28
30 46
0 34
13 68
58 20
51 42
46 15
26 34
30 50
28 52
40 25
21 35
62 28
69 30
67 61
66 27
36 29
36 28
17 16
32 69
1 46
62 6
21 4
7 24
67 11
23 61
59 4
26 52
56 61
38 8
67 27
7 0
5 64
24 61
56 0
45 28
8 21
36 43
50 31
30 29
32 43
7 8
4 5
4 61
40 62
6 16
1 58
40 14
50 20
38 1
41 64
28 58
46 4
33 29
25 15
26 16
45 19
54 56
0 1
58 15
37 31
63 10
26 3
9 42
58 52
54 7
8 48
63 52
17 29
44 21
24 18
59 41
11 35
59 68
30 35
50 60
16 60
22 43
48 40
35 20
9 32
22 46
66 64
5 52
6 36
59 45
42 10
64 6
12 48
56 31
27 22
65 8
49 8
67 12
51 15
54 27
15 47
0 36
51 50
31 25
26 2
43 47
49 26
36 9
23 46
8 25
29 25
49 13
24 31
62 57
52 53
52 48
51 24
7 22
38 50
37 9
42 40
41 51
25 18
12 25
23 21
32 56
20 8
33 54
15 60
0 55
50 63
50 21
22 68
42 49
36 23
32 2
25 39
29 2
39 64
47 37
9 17
59 42
63 37
4 64
46 12
5 40
64 9
16 20
37 21
36 14
23 8
40 11
18 43
29 1
16 30
42 27
10 48
13 59
58 21
9 2
44 20
59 24
49 48
0 39
33 23
10 28
58 66
55 20
43 10
20 12
52 14
10 47
16 51
11 15
29 55
48 17
32 48
25 34
58 0
69 52
59 22
61 57
3 54
15 62
30 17
16 33
20 46
14 44
33 17
57 12
56 45
57 43
8 59
23 16
28 25
43 55
11 13
12 15
60 35
37 34
39 20
44 33
25 62
26 64
36 35
24 60
57 65
33 60
56 11
62 17
55 2
4 34
22 14
33 25
42 52
1 16
54 9
7 21
37 0
20 6
2 60
32 68
55 4
66 7
16 4
59 18
39 67
54 2
6 38
14 23
2 38
4 35
41 52
8 56
60 13
28 68
62 42
62 50
24 15
35 48
15 32
60 67
37 16
39 26
33 6
20 45
5 66
54 53
43 41
59 6
60 32
44 45
37 8
46 27
20 59
49 15
65 15
40 41
22 36
4 2
17 5
42 32
10 54
37 45
11 23
11 25
4 3
6 25
43 63
43 17
66 43
20 34
2 51
58 6
44 67
26 56
3 64
21 2
66 11
8 53
42 45
45 57
41 10
38 47
65 48
65 29
54 16
11 61
64 32
11 9
20 3
25 49
16 56
58 25
24 49
51 27
38 60
61 52
53 43
2 62
14 5
12 6
27 29
26 15
12 64
14 51
40 69
2 33
45 65
1 9
11 30
42 34
61 46
21 56
49 1
37 17
32 19
0 33
42 1
37 12
20 22
66 29
61 22
9 15
45 62
48 27
0 62
13 27
42 15
25 44
68 37
55 11
20 5
43 37
34 6
35 38
52 0
63 57
36 18
17 38
23 67
52 15
2 52
19 8
33 38
48 51
36 38
48 56
49 37
7 26
3 60
32 40
21 34
37 35
60 27
27 43
3 48
33 3
58 54
40 22
60 37
66 47
63 26
62 21
68 66
66 42
43 61
21 48
29 44
63 4
32 5
67 17
50 46
27 6
43 56
63 25
54 62
10 11
6 4
34 56
20 19
35 56
6 48
39 42
13 65
40 47
44 24
32 44
11 8
0 25
67 41
7 32
1 68
3 32
35 52
24 45
17 50
47 45
54 40
10 17
52 20
43 34
35 0
27 8
51 1
22 21
16 43
64 23
28 14
21 12
55 52
22 0
23 57
8 10
33 61
38 10
25 7
45 7
26 1
22 34
61 29
0 54
37 28
66 36
3 17
64 47
36 54
64 25
50 1
64 34
32 27
3 46
52 7
24 37
30 47
8 52
65 66
32 31
8 2
17 28
43 2
28 67
46 10
64 2
36 21
46 25
18 66
68 0
51 64
13 46
20 67
61 21
21 53
24 35
21 47
66 50
40 63
2 46
41 0
13 48
50 10
68 26
4 11
13 36
49 32
10 39
41 23
44 2
53 28
41 28
0 31
36 12
11 14
21 27
51 25
20 29
36 46
66 16
1 15
28 59
33 48
34 57
0 53
50 18
38 26
32 12
43 11
10 56
39 15
40 16
19 59
54 42
30 68
19 13
30 36
0 23
16 21
33 39
23 45
51 33
64 54
15 30
26 65
15 22
16 0
2 6
61 0
12 56
14 49
24 36
69 51
68 17
31 28
42 38
27 25
68 2
54 37
20 68
43 50
57 27
28 44
13 63
63 33
60 45
10 23
54 31
59 11
17 49
28 23
42 4
22 12
55 10
13 37
9 57
20 42
6 14
4 57
10 21
8 36
25 36
33 59
26 48
10 62
26 12
7 56
62 32
11 31
45 3
14 38
4 68
36 34
52 67
32 37
50 58
47 8
54 15
25 61
7 60
21 3
67 1
36 16
39 46
51 57
19 14
41 4
29 23
5 23
57 56
30 21
60 62
5 10
54 20
58 59
33 14
12 28
3 67
20 30
7 29
6 30
19 64
13 6
38 27
44 57
13 22
60 53
36 45
18 8
15 0
34 60
49 4
24 64
20 51
44 11
5 54
69 11
11 47
7 17
31 64
54 12
25 23
10 32
63 30
10 30
49 22
64 1
69 43
19 28
67 2
69 28
10 1
2 7
2 11
46 41
67 14
22 67
5 30
0 32
8 33
57 59
50 26
10 34
64 16
60 69
29 38
68 33
36 52
44 22
28 63
9 67
44 50
41 21
66 9
5 2
68 24
38 11
59 39
9 6
45 53
50 33
21 33
13 58
33 34
45 43
48 42
68 38
2 28
49 28
6 66
38 28
22 60
26 61
17 65
7 6
25 67
34 11
9 22
17 56
6 53
62 14
32 58
54 19
46 65
2 59
31 2
49 64
25 35
54 22
36 33
3 57
69 54
24 34
43 14
48 39
30 37
21 66
14 57
45 50
32 30
4 50
13 10
63 17
25 38
2 49
29 19
27 11
42 31
26 9
28 39
67 46
15 23
57 20
69 33
5 57
64 38
66 51
29 62
22 5
54 38
42 24
23 32
21 31
27 36
55 38
42 63
21 13
29 63
67 69
46 64
0 57
14 37
14 60
15 35
67 29
4 17
15 3
67 54
26 30
9 4
45 38
14 7
37 38
22 56
33 45
48 60
36 69
30 58
67 40
50 0
24 5
57 49
64 30
32 21
25 17
47 36
32 4
25 56
68 15
45 6
41 50
17 19
62 37
36 49
26 10
32 24
59 61
6 19
3 25
30 57
56 41
37 48
30 28
68 45
22 11
57 8
33 53
43 54
40 68
46 53
1 25
26 17
66 19
60 57
52 22
55 30
7 43
46 38
8 12
54 51
32 20
67 19
15 34
53 40
69 42
61 6
40 46
32 26
7 46
36 65
54 50
64 52
64 20
61 40
28 15
0 9
42 16
20 26
60 49
28 20
54 63
39 37
54 48
57 11
50 61
30 41
41 2
36 5
8 26
42 19
63 66
53 13
46 37
36 40
24 29
32 38
14 4
54 6
50 36
47 56
61 36
53 51
26 31
48 43
51 19
3 6
18 51
24 66
19 15
50 9
20 21
11 62
32 36
53 23
45 63
24 58
2 35
10 49
44 60
5 59
0 48
4 58
68 50
26 55
56 19
42 47
19 43
26 14
67 51
39 23
29 47
29 43
55 59
25 4
59 56
33 66
25 60
27 40
31 60
69 21
66 56
20 1
29 10
42 56
4 60
40 13
20 25
47 28
37 59
38 22
53 4
43 8
56 39
50 56
13 9
43 35
60 64
3 11
66 25
19 60
68 46
21 1
42 30
35 29
0 45
47 26
43 0
4 29
53 20
45 12
0 59
63 32
4 0
45 67
38 56
2 0
67 15
21 67
55 6
30 45
69 15
2 20
32 51
56 6
6 31
57 21
52 39
55 25
66 69
30 18
14 24
34 38
5 8
24 17
17 11
16 59
67 6
60 55
42 41
52 19
47 4
15 2
20 23
28 13
48 15
5 43
22 58
51 5
40 24
58 26
35 23
4 38
26 13
61 20
66 48
65 6
0 63
24 11
15 6
6 40
69 0
33 22
6 57
56 18
57 58
43 33
45 64
40 45
49 21
0 44
30 22
37 22
47 67
22 4
42 36
53 14
8 58
28 8
69 64
8 69
42 37
50 13
43 68
66 30
8 15
37 2
9 8
9 21
23 4
48 14
62 33
58 14
35 26
27 30
11 48
69 38
6 41
15 56
0 49
54 30
20 43
36 7
21 45
33 13
41 25
59 54
59 14
10 64
20 56
23 62
61 37
18 10
28 3
8 40
31 13
40 29
5 25
7 40
21 52
65 28
62 51
13 12
4 66
48 23
43 24
51 55
11 12
25 13
16 10
6 24
25 52
49 11
68 11
31 8
7 51
23 50
45 46
28 9
60 41
2 56
57 64
20 38
12 50
15 40
32 47
17 53
45 5
61 60
4 43
68 21
40 57
43 46
34 67
10 12
14 2
18 4
1 4
47 13
25 43
8 67
15 55
8 62
15 44
55 67
28 7
61 30
23 69
21 43
9 25
37 67
41 38
20 63
24 3
42 65
28 16
1 43
36 4
6 52
26 67
23 56
60 36
1 52
32 57
24 56
13 7
10 35
45 15
49 54
67 42
54 26
39 2
19 38
64 17
36 1
3 22
44 37
14 31
62 48
51 39
11 64
4 39
16 46
50 65
57 7
33 64
45 51
36 2
46 63
28 64
47 17
43 64
23 47
50 49
63 11
55 57
29 12
37 6
36 51
24 28
1 18
4 48
67 31
65 4
67 24
40 10
65 37
47 33
59 50
57 10
1 44
57 52
19 0
19 1
37 55
11 33
44 54
35 67
65 0
60 66
15 38
14 15
37 41
1 53
30 62
35 50
12 33
50 34
47 52
6 17
24 53
29 54
21 15
33 41
46 14
59 67
26 27
1 30
55 40
69 13
37 5
8 44
1 6
57 33
19 30
65 32
58 40
43 39
42 64
30 39
52 17
23 18
65 11
17 69
18 52
48 64
60 59
6 44
39 21
58 60
57 38
42 61
56 69
40 64
2 66
16 8
0 3
44 10
67 57
17 2
52 4
46 62
53 57
29 56
8 3
31 17
9 29
27 45
36 15
30 4
50 5
63 23
49 46
30 33
7 48
48 67
32 11
17 21
42 22
22 65
0 24
60 39
67 10
38 61
8 4
24 33
30 8
10 51
62 1
0 38
45 11
29 53
12 42
53 37
16 45
36 20
33 19
5 38
21 55
36 57
26 25
47 0
44 64
8 46
22 62
45 10
48 63
32 28
8 51
28 35
14 20
2 42
36 41
33 49
0 67
18 2
47 59
45 29
30 53
48 59
2 45
7 50
37 26
31 4
66 0
67 49
31 36
24 52
15 13
35 64
69 1
1 56
17 59
65 1
52 34
36 55
36 39
21 65
4 12
31 66
52 50
1 47
66 52
13 23
0 20
29 37
0 14
46 17
13 3
0 64
37 51
51 29
57 41
66 37
6 69
2 12
39 29
12 60
25 45
68 25
45 22
48 38
26 53
29 3
0 8
1 12
51 46
20 49
8 6
25 65
20 62
46 33
7 67
40 19
21 59
30 60
33 35
24 23
29 14
1 63
62 38
32 29
7 30
22 18
29 15
19 46
24 4
27 28
6 23
50 29
47 60
17 23
33 31
33 67
48 20
53 38
60 9
61 28
56 4
10 22
4 28
53 59
31 1
48 30
57 29
10 68
54 60
48 53
17 58
50 40
42 58
24 63
21 24
52 54
56 44
37 56
46 55
13 18
20 40
5 33
4 13
9 56
35 22
65 10
14 30
63 59
1 33
56 28
63 14
29 34
24 13
35 46
43 58
20 11
10 14
1 28
66 12
1 2
62 13
51 11
10 58
21 14
30 67