200
32 33 28 22 39 31 37 34 38 29 30 35 34 29 25 35 34 25 29 38 29 26 35 22 33 30 23 20 31 23 36 32 37 24 35 29 23 36 40 33 32 25 25 29 35 20 24 28 38 37 38 20 36 24 27 36 39 26 32 39 27 32 33 30 32 25 33 36 25 37 36 24 27 40 29 35 22 34 21 28 33 37 40 38 39 22 38 22 26 24 30 30 25 31 36 40 27 21 26 32 38 39 39 34 40 27 27 29 23 24 31 22 28 37 36 27 21 31 24 40 34 32 24 24 23 31 40 30 21 31 35 26 29 35 22 23 30 25 28 32 40 36 28 35 35 21 36 21 30 30 33 24 26 30 29 20 32 20 20 35 24 31 33 26 22 27 31 27 33 27 26 37 31 30 28 33 22 32 32 23 28 24 23 27 22 35 32 36 31 31 27 28 23 35 40 23 30 31 28 27
20
25 28 42 25 48 37 34 36 50 36 41 38 35 34 42 25 24 43 25 31
133
50 190
175 190
15 190
190 157
60 190
190 162
190 138
190 34
190 51
49 190
190 117
154 190
61 190
44 190
108 190
141 190
75 190
190 186
190 111
190 67
190 6
33 190
176 190
190 53
151 190
190 78
190 182
48 190
190 26
190 174
107 190
52 190
190 54
190 193
22 190
123 190
190 89
190 149
190 18
170 190
190 37
190 55
190 185
190 156
190 153
190 125
3 190
93 190
91 190
13 190
190 17
190 10
130 190
83 190
190 119
190 143
190 31
190 76
58 190
190 45
23 190
5 190
4 190
190 191
25 190
95 190
190 187
190 139
190 12
46 190
190 62
190 109
35 190
28 190
71 190
190 79
190 112
159 190
129 190
180 190
101 190
166 190
64 190
190 86
190 2
190 171
173 190
92 190
9 190
190 36
87 190
198 190
190 0
190 121
190 80
190 188
190 96
194 190
68 190
102 190
73 190
190 146
103 190
144 190
179 190
190 164
190 29
190 184
155 190
190 66
134 190
16 190
126 190
190 70
163 190
152 190
190 160
72 190
190 11
190 131
190 168
122 190
190 137
63 190
158 190
190 189
177 190
99 190
196 190
190 77
190 8
190 56
190 42