70
25 33 33 27 29 29 30 26 24 33 34 35 28 40 27 29 20 40 34 37 20 20 27 26 39 38 27 28 35 26 34 36 29 25 33 39 36 24 40 27 34 38 36 35 37 29 30 25 25 21 23 21 23 34 32 28 20 22 39 31 25 36 35 30 35 36 30 35 30 40
16
35 24 38 48 32 25 36 40 41 25 49 31 26 39 43 30
697
17 63
18 34
22 25
23 65
64 44
51 23
25 30
12 7
14 64
3 23
12 61
64 34
64 59
30 58
66 58
23 2
40 12
17 46
33 30
54 36
38 66
9 18
18 69
22 10
57 58
64 61
39 66
68 36
36 45
31 58
13 29
30 20
51 26
33 66
18 47
51 67
37 12
49 18
58 18
27 36
1 58
60 23
17 59
67 22
36 3
51 29
2 17
39 31
13 53
18 51
13 9
54 66
5 36
0 28
9 0
64 2
58 5
32 39
3 17
24 64
30 48
14 13
55 23
23 36
25 23
23 35
12 10
67 12
22 47
12 6
36 53
28 18
25 17
36 2
52 0
3 64
12 46
30 22
58 2
37 51
20 66
13 63
7 64
30 24
66 40
13 52
13 1
41 17
65 64
55 0
41 23
36 17
36 51
36 38
51 8
44 36
68 30
59 18
56 51
54 30
30 17
15 58
12 64
22 17
0 35
12 26
58 37
61 30
59 22
5 0
24 12
18 35
17 39
28 22
49 66
12 36
51 17
12 68
17 5
30 39
23 20
45 23
0 11
21 23
36 40
32 12
7 18
66 10
50 30
22 63
47 30
20 58
5 22
34 22
0 49
64 16
0 20
9 66
51 48
17 62
13 49
11 58
22 50
33 58
66 51
18 33
43 64
54 58
64 28
17 14
28 58
37 22
8 22
65 13
56 30
51 41
51 47
10 58
51 65
39 58
65 12
64 9
18 68
58 32
1 12
19 64
66 15
14 12
13 59
23 0
9 30
45 18
48 13
13 2
22 41
17 18
31 66
43 22
68 23
58 26
0 53
58 4
41 66
63 0
56 12
60 30
30 51
5 12
15 36
51 4
66 45
25 0
58 21
36 14
64 11
57 51
1 39
13 41
17 50
38 58
67 13
13 11
0 69
7 36
17 26
7 17
0 37
5 13
52 66
66 1
55 13
18 21
64 33
42 12
53 66
39 37
7 22
49 30
64 17
13 22
64 41
40 0
25 66
17 8
22 36
64 36
45 58
13 47
12 11
0 64
34 58
15 17
12 50
22 19
18 55
24 36
56 18
55 30
18 41
46 30
52 36
23 16
66 0
10 17
66 24
64 45
13 43
13 25
19 51
62 58
56 13
13 4
64 60
12 35
13 30
57 66
67 58
48 64
58 27
57 13
30 42
23 37
59 23
28 23
29 58
13 3
18 66
22 0
58 65
12 69
54 64
66 16
12 25
58 60
16 0
66 8
44 39
51 50
44 12
17 1
0 8
35 66
4 0
4 30
30 8
53 51
22 2
17 48
51 22
12 52
36 9
17 12
27 64
57 22
31 22
64 46
15 22
57 0
51 43
51 58
65 36
13 16
30 2
36 34
22 60
58 14
62 66
18 63
10 0
68 51
27 0
64 56
15 12
64 35
12 38
12 13
65 30
16 58
63 51
67 36
23 69
12 39
11 51
64 50
0 26
54 51
33 51
22 1
13 35
18 0
51 69
28 30
39 13
58 64
20 12
67 17
32 0
65 18
30 41
66 17
59 66
20 51
10 36
57 39
20 13
21 36
13 23
35 22
36 55
22 66
12 41
12 21
13 64
18 46
14 51
22 46
9 58
50 0
46 39
6 23
9 23
44 58
39 25
51 15
23 17
23 14
13 58
68 0
65 22
8 64
46 66
47 64
12 48
0 44
17 37
17 35
17 45
23 66
17 32
0 48
59 51
17 43
38 51
34 17
18 50
59 0
19 36
3 0
58 56
57 17
38 18
23 38
1 36
45 30
13 15
0 12
27 18
60 0
64 68
30 36
69 22
30 0
63 12
22 68
1 0
18 54
18 2
36 20
21 13
28 17
52 51
66 48
0 15
13 50
17 56
24 23
3 51
0 42
51 35
61 17
12 28
66 30
12 22
33 12
53 12
42 51
8 23
4 12
62 51
58 42
3 18
53 58
17 58
51 64
32 51
13 36
40 22
39 64
12 59
0 2
51 1
30 11
69 17
0 56
18 43
0 29
30 31
46 23
21 51
49 23
18 42
8 13
37 13
36 31
23 34
18 36
11 23
58 0
13 45
51 31
30 59
22 53
62 12
11 17
22 44
8 12
51 7
36 42
12 31
13 51
56 36
23 12
6 64
68 58
66 63
47 12
2 39
11 36
0 19
19 58
62 22
22 48
38 22
49 64
26 13
51 25
66 34
6 36
56 23
23 19
22 27
10 13
22 64
17 53
36 43
58 49
66 64
18 48
52 58
36 16
18 14
18 16
58 23
6 30
0 36
16 22
7 58
4 36
17 27
36 39
51 44
32 13
29 17
3 66
22 61
45 22
40 58
9 22
36 33
16 17
17 52
0 62
30 7
37 30
55 58
27 23
18 44
64 26
18 61
66 6
58 3
23 26
7 0
18 8
30 35
68 13
39 18
19 18
3 30
0 51
6 18
13 27
4 22
30 19
30 16
6 22
54 22
39 0
24 58
61 58
47 0
29 18
63 30
13 44
40 13
69 13
33 23
27 30
51 40
10 51
5 66
29 36
43 58
26 36
37 36
7 23
22 11
17 19
66 14
23 29
17 9
66 32
25 64
13 18
66 2
17 47
43 23
62 13
23 31
30 44
19 13
13 7
60 36
58 50
5 51
18 12
17 42
36 57
14 0
36 32
66 29
17 20
26 30
44 23
18 24
66 13
18 31
54 23
17 60
12 3
14 30
36 49
49 17
22 58
12 60
64 37
34 30
30 12
0 67
46 51
28 36
29 30
64 55
66 67
26 18
23 42
29 12
66 69
23 22
65 0
20 64
22 33
63 64
37 18
57 12
66 26
66 47
17 40
64 38
30 43
39 23
56 66
13 60
17 21
6 51
13 28
68 17
13 34
60 51
25 18
24 22
60 18
61 36
13 46
30 38
18 4
51 24
20 18
23 63
43 12
42 13
66 27
69 30
64 69
66 55
50 23
23 4
34 0
39 51
12 54
45 0
22 55
58 6
21 64
17 4
64 31
23 48
61 51
51 28
29 64
22 42
17 44
0 21
52 22
36 50
22 32
12 66
64 42
43 0
21 66
36 62
0 61
17 65
47 23
61 23
17 55
19 12
66 36
0 41
11 18
21 30
12 58
0 46
13 61
22 18
4 64
49 22