80
32 33 39 36 23 33 30 40 32 37 40 21 26 30 37 39 29 33 20 20 34 30 35 35 29 26 30 33 30 23 20 28 29 33 32 29 26 30 22 28 32 36 33 27 40 23 39 36 29 26 38 39 36 22 33 32 36 24 35 26 31 40 21 40 25 27 32 29 30 34 29 29 35 22 25 26 32 21 25 25
20
32 31 28 20 23 40 33 26 35 44 44 45 30 47 38 26 30 43 40 40
1583
65 56
26 67
34 44
70 26
46 19
42 77
3 7
54 12
27 11
65 17
26 57
79 64
33 23
24 57
75 78
79 45
37 29
32 44
67 75
42 47
75 38
7 38
0 43
31 26
4 3
3 70
45 51
10 54
2 0
24 8
31 42
61 72
50 79
70 54
56 7
2 55
24 21
13 42
24 45
20 0
35 22
69 0
67 31
52 7
56 29
3 11
68 53
51 58
20 51
24 66
35 54
22 0
42 36
0 42
26 35
33 78
33 73
19 3
66 33
35 75
10 40
70 25
73 2
24 69
22 40
14 40
53 41
33 67
43 54
0 75
0 76
2 40
46 5
29 22
19 9
76 3
60 79
38 24
42 22
55 35
49 54
0 13
7 67
54 9
7 46
39 31
74 54
76 8
3 67
42 64
26 44
17 46
55 9
3 42
31 7
32 33
31 24
75 29
26 4
13 51
51 73
9 67
61 79
24 51
50 3
49 25
39 71
36 65
63 72
54 21
61 70
2 29
20 53
62 44
62 40
40 60
55 11
11 37
53 7
51 26
40 35
26 66
70 12
34 65
65 78
35 72
21 70
36 26
61 55
11 25
30 39
17 24
41 70
37 33
40 16
44 11
25 50
68 31
45 25
31 73
73 46
79 37
16 54
43 31
46 28
28 11
35 53
40 79
44 65
54 56
10 56
25 72
3 18
72 47
73 56
60 0
40 21
24 34
40 19
73 68
33 3
50 42
24 6
49 73
22 72
74 79
29 34
46 75
33 2
29 20
34 25
48 75
56 70
79 43
73 58
12 72
52 44
79 67
4 35
25 51
4 55
79 34
55 76
62 0
39 32
39 17
73 3
29 12
68 44
66 53
26 37
42 48
36 11
61 9
25 12
29 65
73 29
25 32
10 62
10 8
72 70
4 9
55 50
69 79
14 8
66 46
10 67
14 55
27 7
7 72
21 65
33 4
10 51
9 42
48 29
55 69
1 70
65 55
16 53
65 79
50 40
15 11
45 44
67 0
42 39
74 29
39 40
57 54
23 26
38 29
4 79
54 28
70 42
41 7
29 16
23 70
16 44
49 70
9 59
55 29
44 20
53 4
28 31
73 15
71 40
70 11
5 35
46 55
59 44
54 13
7 66
47 79
35 9
79 22
79 2
44 27
69 7
0 44
65 40
73 42
72 77
65 57
21 26
35 47
73 66
14 79
74 53
76 39
24 39
41 55
44 23
55 63
8 21
29 53
62 33
31 6
75 23
1 79
8 29
15 7
12 53
77 70
9 2
40 13
54 39
25 38
33 47
69 44
55 6
66 10
10 41
26 10
55 72
54 20
53 36
39 74
70 18
39 68
51 2
40 73
65 75
9 33
68 65
57 29
35 27
52 0
8 60
45 54
54 19
73 74
26 79
44 48
75 18
10 43
47 7
4 39
3 57
45 29
40 47
9 27
53 10
11 21
38 55
3 78
16 0
9 63
24 36
22 54
23 73
11 56
3 75
69 29
19 7
11 59
35 36
55 33
10 71
35 30
31 72
29 79
24 25
40 75
72 49
25 74
37 25
15 79
79 56
54 52
40 29
19 8
65 20
24 10
71 55
53 65
17 55
76 73
64 44
51 35
40 30
49 75
54 8
46 48
62 65
0 11
71 25
24 50
55 19
22 53
25 16
31 46
11 69
13 8
7 21
6 73
10 27
8 57
38 40
65 28
72 24
37 44
73 70
10 70
41 72
54 67
29 71
20 7
8 62
25 9
31 32
39 44
31 58
54 75
5 40
40 53
19 70
45 55
45 46
38 0
5 70
28 79
39 27
33 22
17 51
24 68
7 54
26 39
57 40
40 15
7 39
11 54
38 72
47 73
12 46
39 56
17 79
36 72
14 42
79 58
60 53
39 66
42 1
65 42
54 53
16 8
78 25
63 3
11 12
46 58
51 79
57 25
25 46
39 5
15 3
53 5
31 69
14 10
57 72
75 15
0 73
74 55
31 54
54 36
15 33
3 10
44 49
64 54
72 54
51 8
33 35
11 65
39 8
28 44
0 45
33 18
26 16
8 74
19 73
48 8
35 34
63 40
30 46
5 29
18 24
7 51
26 63
49 31
28 3
54 77
30 25
26 65
73 67
0 68
29 31
22 3
3 62
75 32
40 24
78 0
3 74
40 0
29 78
55 67
70 14
42 78
24 58
0 18
52 11
38 10
54 62
26 62
20 10
28 24
31 37
34 70
48 39
10 59
65 14
8 73
62 51
70 47
25 23
65 71
18 40
33 36
44 41
25 64
35 66
25 56
54 42
24 43
54 18
9 15
24 75
33 21
42 55
10 50
62 39
37 0
76 29
29 6
3 20
53 21
49 11
10 48
46 42
57 55
75 9
40 9
64 7
79 13
31 1
42 29
23 53
73 39
0 19
10 29
27 54
75 63
63 35
29 58
46 57
2 24
72 68
29 26
15 53
32 29
25 58
70 33
66 3
11 24
75 70
29 77
35 21
9 64
70 66
40 20
0 71
67 40
17 10
18 35
75 2
65 39
10 12
9 12
33 65
63 73
10 72
77 44
23 24
19 11
35 42
65 5
19 29
71 44
55 12
51 52
10 55
22 11
75 66
46 27
8 55
3 52
7 16
44 6
75 1
73 45
75 37
55 73
34 3
55 52
24 78
6 26
7 35
79 3
54 41
40 58
27 79
11 50
37 70
51 67
46 70
38 39
42 67
65 61
31 16
31 76
46 8
23 54
6 79
70 78
68 79
68 25
46 78
35 6
73 21
22 73
7 32
10 37
7 25
7 70
53 39
15 51
27 65
32 46
78 31
31 51
72 79
25 79
65 77
16 55
8 3
29 44
46 61
46 59
33 49
24 14
42 41
35 45
66 51
27 70
25 77
3 25
11 41
57 51
17 7
51 33
18 51
26 50
22 24
53 55
1 55
73 13
22 55
21 55
39 18
51 63
44 72
53 24
11 67
0 28
34 42
39 43
45 39
64 46
65 30
78 10
4 0
25 42
13 39
7 1
25 59
70 79
13 53
6 40
46 26
3 77
15 26
42 12
25 0
25 47
79 31
54 79
59 31
24 47
53 46
55 23
26 2
25 20
75 36
70 44
37 73
25 5
27 25
65 12
29 54
55 20
46 18
42 16
30 7
72 13
74 7
61 0
31 57
76 51
25 14
65 50
42 40
30 3
3 72
40 44
22 70
0 26
10 69
10 79
34 33
26 60
2 54
19 79
30 79
20 24
51 16
74 9
18 72
35 73
11 33
11 60
31 65
53 25
31 21
10 65
6 0
65 38
73 36
0 58
78 35
50 73
18 42
33 29
43 29
8 37
55 64
11 51
53 31
38 3
8 65
14 31
33 12
40 31
44 74
24 15
59 39
68 46
53 67
65 46
31 34
72 67
33 71
45 7
46 71
78 55
33 48
16 33
26 49
51 42
18 65
51 5
37 65
33 14
33 19
4 24
19 39
66 29
8 18
40 8
40 52
7 28
62 46
54 30
53 64
9 56
78 40
55 18
17 54
24 33
72 14
39 52
22 26
35 13
51 30
25 26
40 49
1 40
70 55
60 42
62 24
0 10
79 41
10 64
16 75
14 75
25 35
10 28
9 50
36 79
68 29
54 15
65 13
9 65
17 73
3 69
4 70
62 7
53 75
36 25
2 65
7 2
71 7
33 6
8 12
22 75
70 8
29 13
34 10
72 48
75 21
63 46
4 65
51 69
40 3
35 39
75 44
56 24
46 79
7 55
46 43
8 1
60 31
15 35
72 23
67 8
11 4
20 31
53 58
31 17
7 34
65 66
24 77
6 11
7 13
46 44
31 48
44 66
17 9
68 35
65 59
8 50
74 75
48 40
41 35
72 29
46 38
53 49
52 29
42 23
25 33
32 79
28 55
77 10
62 9
43 3
37 53
38 54
66 31
7 33
70 17
46 56
24 26
73 65
72 66
61 73
2 70
26 53
7 22
73 5
59 54
39 10
78 8
70 13
35 12
67 29
33 61
51 28
44 53
35 10
18 29
59 7
72 1
56 40
26 11
30 0
57 39
46 74
61 24
34 8
58 54
32 53
58 10
79 12
0 56
50 53
36 10
44 67
37 42
72 19
13 46
33 63
42 6
60 39
61 26
73 28
75 19
35 79
29 11
75 6
35 38
69 73
41 26
44 8
7 36
9 31
26 3
5 55
79 5
0 77
39 50
75 10
79 9
3 59
4 75
70 63
15 42
51 72
66 8
66 42
13 11
31 47
54 51
35 19
8 61
4 73
75 12
40 41
55 56
11 16
55 47
0 74
75 31
33 60
32 26
8 15
76 79
44 30
44 58
74 26
75 79
11 35
39 2
62 75
44 18
19 26
30 73
37 51
7 58
54 71
25 29
42 53
62 72
11 42
18 26
39 55
35 29
46 35
24 60
72 37
10 11
29 60
63 0
60 35
7 42
10 7
10 47
76 46
43 65
11 46
70 39
39 79
46 52
73 44
25 69
40 77
10 21
53 14
11 20
74 33
15 65
35 69
31 27
25 76
59 29
22 46
47 44
11 18
9 7
31 36
44 35
29 24
59 53
11 72
26 78
11 63
51 64
44 57
8 6
11 31
11 64
32 9
16 79
21 25
0 17
42 57
21 79
66 11
33 57
43 53
44 12
20 70
3 27
9 6
63 65
39 20
70 69
9 78
46 54
51 34
7 57
73 32
25 43
51 71
54 0
35 43
10 57
77 51
70 29
46 67
8 35
4 46
9 69
75 13
70 36
42 49
42 62
40 59
46 34
65 54
66 0
8 32
26 1
1 25
1 53
11 8
9 76
30 53
19 65
10 45
8 63
71 72
31 52
42 61
52 25
70 68
44 14
25 17
79 66
29 27
54 63
11 47
25 73
62 31
52 65
49 79
7 11
33 64
70 60
7 23
76 7
30 29
7 29
40 23
38 51
55 0
13 24
31 0
76 40
35 57
24 3
35 14
32 72
76 10
72 65
0 33
59 55
34 75
43 40
50 31
3 68
5 24
6 46
9 11
25 48
46 60
0 65
33 13
9 72
53 47
7 40
10 33
3 16
49 65
30 11
8 47
10 30
20 46
9 70
33 40
58 70
54 47
24 0
56 31
72 6
48 26
9 26
68 75
42 19
35 0
9 34
44 54
77 31
71 9
10 6
44 36
53 48
73 43
11 48
70 6
9 73
17 44
72 4
31 5
68 42
36 8
40 61
39 28
54 4
78 54
8 77
73 16
54 14
46 33
48 73
58 35
16 39
79 24
37 3
0 64
73 75
22 8
33 1
22 65
0 70
70 31
44 42
47 65
7 48
9 43
33 79
8 25
77 9
76 44
64 72
46 40
64 3
34 26
20 9
55 44
3 71
17 40
68 8
28 40
16 10
54 50
49 8
57 70
55 25
41 24
61 11
35 37
74 40
23 65
55 32
11 14
73 26
78 72
1 65
10 49
23 79
40 45
62 35
35 52
12 24
40 72
18 25
54 24
15 72
11 45
78 7
2 46
54 61
11 58
9 13
76 53
26 64
7 77
6 39
53 45
3 56
18 53
79 7
16 46
19 24
29 64
55 30
1 10
51 53
53 27
25 66
31 71
73 12
61 29
21 72
55 3
45 9
55 31
34 72
55 58
26 7
25 39
9 60
76 42
53 6
35 20
75 7
61 7
23 31
2 53
7 5
27 40
61 3
71 35
13 26
75 71
24 42
25 67
3 13
54 69
12 0
3 35
3 17
4 7
8 0
68 10
37 24
31 38
43 70
25 40
1 11
38 26
74 72
22 9
48 3
65 45
31 18
40 51
66 9
12 26
8 23
75 50
44 5
0 5
49 24
74 42
2 72
48 54
24 27
54 76
53 69
47 26
53 33
31 12
3 45
9 44
44 78
72 73
44 60
70 62
18 9
28 35
27 0
24 59
6 54
62 25
10 73
67 39
31 41
42 21
54 1
58 9
0 59
72 16
55 79
34 39
60 55
64 31
53 3
42 63
54 33
8 53
2 8
59 35
48 79
61 53
24 7
37 46
31 74
32 0
55 24
46 10
39 77
75 41
33 38
45 31
55 75
2 35
7 43
65 58
71 42
39 58
54 25
35 49
65 51
62 29
23 10
50 29
49 7
3 32
63 53
57 9
8 71
18 10
3 65
7 37
33 77
20 79
42 2
59 79
8 31
39 37
32 10
32 42
10 42
26 55
11 68
73 34
55 51
42 4
25 75
63 79
44 38
9 68
70 52
0 48
46 72
5 9
28 25
41 65
29 4
31 33
1 24
70 50
78 39
26 40
38 70
60 10
15 70
60 54
63 7
79 44
27 55
57 75
77 46
76 26
41 33
46 15
31 30
11 74
77 55
21 44
72 50
2 11
17 29
26 14
54 73
39 33
22 39
3 2
12 51
72 76
28 29
3 60
7 68
9 30
60 65
69 46
73 1
0 57
72 53
11 39
30 24
39 64
71 26
9 53
10 5
14 73
35 56
52 79
11 23
23 35
72 39
44 7
51 44
76 33
73 7
14 7
64 40
25 41
19 53
25 60
53 70
15 0
9 24
53 52
26 77
50 44
52 73
65 69
44 1
15 29
73 41
35 17
3 44
9 16
0 34
8 7
75 51
70 71
34 11
31 35
11 75
52 10
61 75
7 65
73 18
20 73
8 4
40 11
11 17
32 40
35 61
70 30
27 73
3 12
59 51
54 26
74 10
17 53
8 38
28 9
11 5
79 42
39 12
3 54
51 4
75 76
59 73
31 3
63 39
61 39
51 70
39 69
44 56
73 64
59 70
46 50
3 58
9 37
4 40
9 52
51 68
33 44
42 38
76 11
41 8
77 35
35 1
56 53
36 40
70 45
73 60
77 75
51 27
10 9
24 71
47 75
11 32
46 24
33 50
53 34
26 68
9 8
28 53
43 11
62 55
3 6
70 28
60 72
68 33
18 79
24 44
9 48
43 44
55 15
24 52
8 64
25 6
72 0
75 64
51 56
0 50
9 38
43 55
6 65
50 35
3 5
54 32
73 24
65 25
75 60
40 69
40 70
36 55
24 63
15 39
48 55
79 0
79 8
0 7
63 29
13 55
12 40
54 5
51 61
55 49
0 53
39 75