80
38 38 40 22 31 37 32 30 27 29 33 39 30 27 27 30 38 33 27 28 35 34 33 37 25 34 27 39 35 20 23 24 28 26 40 40 25 36 33 25 24 28 21 21 28 38 23 37 35 28 27 25 26 31 31 31 31 24 29 27 28 30 28 27 29 38 40 30 37 30 20 23 39 33 40 32 30 33 35 33
20
29 29 41 30 42 20 29 40 25 34 32 47 41 27 50 42 20 25 38 48
142
42 41
55 76
8 41
41 15
41 10
41 27
41 1
12 76
13 41
41 72
76 2
76 39
41 50
41 44
76 79
62 41
65 76
41 71
76 10
52 41
76 19
76 72
51 61
76 20
76 59
51 60
57 76
25 76
41 39
76 71
76 66
41 4
33 76
3 41
36 41
41 43
16 41
41 35
61 76
76 47
64 76
76 56
75 41
41 55
76 1
41 79
21 41
41 54
76 44
41 67
41 38
14 41
18 41
65 41
76 37
63 76
41 64
41 34
38 76
11 76
76 5
77 41
41 5
66 41
76 35
13 76
29 41
76 7
41 70
21 76
8 76
76 45
76 16
11 41
60 41
76 22
76 30
12 41
41 45
29 76
41 40
41 31
25 41
51 77
41 56
61 41
41 2
41 78
41 22
3 76
41 49
43 76
76 74
76 73
51 76
51 30
41 74
52 76
4 76
59 41
40 76
69 41
76 68
7 41
51 42
76 42
9 76
36 76
41 24
76 15
76 75
51 53
0 76
17 76
46 41
41 58
41 0
76 34
70 76
76 14
41 6
26 41
41 63
41 51
76 27
76 54
41 9
76 24
76 58
33 41
76 41
76 78
32 76
6 76
76 28
31 76
77 76
23 76
15 51
76 53
76 48
41 73