70
29 36 22 29 23 33 37 26 33 37 20 21 36 27 33 23 37 36 38 40 30 39 28 32 32 32 22 26 24 36 27 37 38 25 34 35 24 26 38 25 24 26 37 28 26 27 37 26 39 31 20 32 26 32 35 25 25 25 20 24 24 40 37 32 23 31 33 26 37 29
16
38 30 36 25 33 24 28 35 35 46 47 48 48 23 29 45
2048
62 37
18 39
52 2
1 15
69 22
45 65
52 22
41 46
45 60
61 41
38 8
51 47
14 10
27 5
23 58
3 39
0 33
5 48
32 67
55 20
45 20
1 62
40 14
67 69
66 3
68 50
5 2
0 69
31 69
26 36
28 1
23 9
15 24
24 8
58 33
10 32
59 45
28 22
8 44
31 65
15 27
33 52
51 54
14 53
63 15
52 6
25 43
44 13
10 20
57 40
39 40
55 28
26 54
24 14
7 38
46 38
63 0
67 13
52 49
65 34
58 45
32 21
26 14
32 57
50 29
20 13
8 67
53 21
18 9
46 13
25 62
5 33
0 46
8 35
69 64
45 37
21 28
32 64
27 20
34 38
10 29
32 17
51 22
7 53
17 63
21 65
15 53
20 29
62 66
67 25
19 50
49 43
7 46
69 55
35 11
44 19
35 19
34 67
30 44
58 43
64 36
17 0
68 48
62 51
9 22
39 2
7 5
0 32
29 37
69 23
0 23
55 59
13 29
16 21
23 35
41 42
4 65
28 12
11 6
48 36
31 0
33 54
63 29
38 0
68 37
56 3
16 38
67 7
15 48
53 46
5 67
65 48
1 31
22 27
18 55
56 66
52 53
63 35
36 19
52 13
31 61
49 55
24 63
58 55
10 44
49 17
46 23
52 45
21 60
7 41
57 65
40 32
55 38
37 56
55 2
24 27
50 27
32 3
56 24
57 9
56 21
50 21
0 28
55 22
11 39
56 6
68 52
6 1
24 26
49 26
4 66
22 17
64 31
55 16
7 3
69 14
61 39
53 38
10 64
44 4
68 35
4 37
59 38
38 29
12 60
52 64
48 66
62 2
45 61
35 38
23 26
15 46
24 67
3 52
56 35
16 11
23 20
32 58
3 31
27 62
43 30
2 42
31 21
1 17
16 7
41 55
33 6
52 59
6 55
25 56
7 19
21 46
36 38
58 49
17 6
67 43
44 26
32 59
21 58
16 69
8 43
56 39
2 67
32 7
17 4
35 45
19 16
12 63
33 50
17 43
65 66
29 26
60 2
36 24
56 40
52 5
14 60
56 33
53 66
58 30
22 53
21 27
59 67
28 51
38 12
11 62
0 44
55 39
51 50
58 6
30 39
50 18
14 20
53 24
22 20
28 30
51 60
9 48
39 4
19 28
62 47
38 17
12 1
61 24
4 51
60 23
34 51
31 28
21 49
31 66
27 23
25 45
33 2
52 9
24 52
25 30
14 19
0 4
14 42
31 58
65 24
44 51
0 21
51 45
66 21
62 63
20 35
16 41
24 37
19 60
17 62
36 33
23 42
26 69
30 20
69 37
35 9
64 7
19 64
9 7
61 32
57 38
44 1
23 54
37 23
66 45
26 45
69 62
52 18
14 12
28 8
40 45
0 13
57 53
63 23
38 11
14 4
18 0
37 16
9 4
20 7
65 56
37 31
10 42
37 33
61 60
5 37
40 21
49 57
52 36
54 8
41 45
36 0
62 29
14 23
31 44
54 16
28 9
12 19
12 27
2 20
4 19
27 8
8 11
16 61
48 37
57 36
42 1
69 44
27 69
25 60
34 1
16 51
65 7
25 16
68 31
65 30
60 54
68 63
33 27
36 23
63 19
58 51
40 67
18 25
68 51
11 21
64 42
67 38
8 7
68 66
4 53
29 42
60 0
36 22
4 58
59 57
37 11
13 38
9 14
60 38
11 15
9 58
9 59
43 19
41 47
14 13
26 48
5 63
68 44
6 69
20 0
52 40
57 69
48 38
63 16
56 22
16 0
63 42
20 67
34 43
31 41
19 67
18 16
16 53
1 59
30 26
29 69
4 13
49 51
47 46
40 0
4 24
61 67
42 19
44 57
55 65
48 60
45 14
33 10
8 58
23 45
21 51
21 44
16 22
40 34
37 54
37 50
16 44
8 69
6 67
22 66
54 63
23 15
3 30
47 9
56 55
40 36
53 39
44 48
43 63
16 2
2 69
21 23
8 59
68 16
32 42
19 1
0 52
13 60
1 49
22 5
52 28
55 32
27 54
55 43
55 26
40 9
25 57
23 49
64 58
44 24
41 9
45 33
49 50
33 7
31 27
10 12
37 7
48 6
54 2
64 9
34 7
13 32
45 17
40 54
57 68
30 11
67 45
59 43
45 1
46 69
63 50
32 60
55 67
12 17
44 36
14 31
11 66
35 43
34 62
10 30
6 44
4 26
9 27
31 10
15 56
17 64
38 62
13 51
1 63
46 28
25 36
59 40
17 35
19 56
35 54
40 2
58 0
64 53
30 7
56 43
48 28
4 46
19 66
60 37
53 60
32 46
45 39
21 17
45 44
14 17
38 65
20 40
39 58
46 12
13 24
39 62
58 22
26 21
5 0
33 43
2 9
6 18
1 57
27 68
23 64
6 4
5 25
66 39
30 18
31 35
36 47
35 2
11 27
69 66
27 64
30 55
18 59
20 34
60 39
29 5
9 33
11 24
57 6
45 49
1 38
33 60
53 3
62 57
1 53
4 54
21 47
20 41
4 36
51 35
7 48
49 47
23 13
44 14
39 68
1 50
67 49
20 57
54 6
57 2
17 11
56 61
28 68
6 64
13 27
18 27
63 34
50 32
22 34
11 46
6 63
27 42
39 59
69 35
59 30
37 40
67 22
31 62
7 18
19 20
41 28
9 11
28 42
5 31
19 6
49 36
6 7
62 20
4 34
20 11
27 6
39 19
29 57
61 9
38 64
17 33
36 60
35 49
1 60
67 33
54 13
16 27
4 28
19 40
5 59
15 19
13 1
57 48
8 55
69 3
31 63
11 36
12 55
58 48
28 27
36 37
40 61
51 5
33 39
20 49
41 39
16 3
36 35
41 62
34 49
15 18
3 5
57 33
64 18
12 49
28 50
41 33
18 69
56 2
28 64
56 27
53 34
59 48
18 47
34 47
34 39
48 27
68 58
39 21
1 54
23 3
60 49
57 45
47 39
62 0
8 57
47 38
59 4
29 4
29 33
20 36
13 2
44 18
37 32
30 0
5 45
64 49
13 66
10 28
12 67
53 33
19 55
32 30
46 49
15 49
9 50
53 67
62 24
43 9
21 45
29 48
43 61
16 5
15 52
68 47
49 18
5 10
34 56
54 65
27 38
9 5
67 27
60 15
36 56
9 0
29 61
64 13
63 32
5 23
25 20
38 6
48 16
18 46
4 10
32 68
25 28
11 40
37 66
59 68
44 47
59 33
38 58
30 68
24 42
68 19
12 18
48 25
34 68
1 65
16 47
39 57
55 34
63 11
26 32
10 53
63 18
13 28
25 52
41 48
20 18
46 57
34 61
10 25
48 50
39 65
28 26
11 69
29 9
36 2
22 68
47 35
54 57
14 33
12 48
48 11
49 61
64 4
50 35
0 65
36 67
32 1
16 50
51 3
23 47
25 31
65 11
10 0
31 32
29 44
34 3
68 33
11 18
16 59
35 12
64 39
42 68
40 12
29 67
34 23
8 61
5 1
63 26
39 16
13 10
1 20
45 50
60 28
54 21
38 19
26 61
17 5
8 37
59 46
1 7
31 11
26 16
27 45
48 46
36 28
30 60
34 66
64 3
40 62
24 58
0 49
52 38
7 56
55 52
20 44
12 44
54 64
60 35
14 39
16 49
13 22
66 35
9 3
2 45
42 5
50 5
48 49
8 20
22 50
32 2
39 10
56 45
17 31
30 67
51 61
54 62
14 57
13 50
36 3
12 66
5 8
0 34
26 65
41 24
48 14
11 41
10 17
60 4
54 14
61 5
4 68
62 61
59 20
30 57
34 25
34 57
62 35
26 53
38 61
55 0
18 54
52 32
40 64
68 40
40 27
10 24
33 13
42 7
1 11
54 58
14 58
29 64
10 66
62 67
34 58
22 30
65 17
55 3
12 22
55 37
9 1
51 57
19 61
69 60
63 30
59 19
2 64
53 68
37 39
20 17
36 54
55 31
47 4
46 17
4 43
2 19
3 8
40 58
66 1
18 32
14 8
4 57
32 44
53 54
43 15
26 68
58 1
50 2
0 64
3 60
65 22
36 17
33 64
65 8
41 32
16 66
64 57
48 64
24 64
31 57
16 17
7 21
8 60
10 69
15 33
1 55
63 21
14 5
56 12
35 55
68 55
53 50
67 1
27 61
55 5
53 61
66 36
20 31
5 58
45 11
57 41
44 64
18 5
45 4
42 67
65 46
35 46
10 16
17 68
67 31
27 47
66 63
50 44
40 38
37 22
25 53
11 59
60 64
25 9
15 57
16 43
1 25
18 8
5 53
24 69
37 1
25 11
41 60
35 42
8 63
64 66
31 4
22 47
45 55
68 56
21 20
32 47
3 13
3 68
18 26
63 52
10 55
62 65
50 17
26 27
65 47
13 19
68 45
49 68
61 68
54 31
19 24
19 10
19 47
21 59
51 26
17 52
32 19
27 19
43 12
10 41
3 19
24 48
60 63
3 50
36 5
61 69
56 17
62 48
21 55
8 41
66 26
59 31
0 67
23 44
43 31
43 40
54 29
55 33
37 12
60 31
53 31
16 46
17 61
27 58
2 38
61 63
26 5
11 64
38 24
44 11
43 53
0 39
39 48
16 29
53 40
3 40
19 5
48 2
28 17
42 50
46 67
64 43
42 59
20 52
41 19
25 13
56 29
68 13
9 56
26 35
61 36
36 62
39 26
23 62
10 65
23 33
54 3
54 55
17 44
39 23
53 8
69 68
62 42
20 56
11 19
37 46
31 24
66 58
23 68
48 52
10 3
19 26
25 47
51 19
36 27
29 36
45 46
66 0
11 61
44 46
6 26
57 35
3 58
26 64
19 17
68 7
25 32
0 45
21 43
18 13
7 47
18 24
16 35
27 7
48 19
16 1
8 32
48 67
9 44
46 8
31 38
67 39
26 17
44 67
18 36
66 44
62 43
24 47
49 30
40 16
5 68
1 14
2 61
54 46
51 42
34 69
34 64
8 52
15 55
5 44
41 36
19 54
21 36
65 23
2 4
37 6
25 61
17 41
49 11
17 57
58 65
9 24
59 54
26 41
35 59
38 10
43 46
2 47
62 28
63 28
59 50
43 10
21 52
20 33
64 8
43 65
48 56
23 52
42 0
26 40
8 29
32 9
69 17
48 23
8 25
61 0
32 6
15 10
67 14
1 69
54 15
65 51
29 60
51 41
54 52
66 30
0 68
26 62
6 60
10 2
61 12
56 53
55 57
37 21
29 18
8 48
17 60
14 18
34 37
64 37
64 30
68 36
1 10
29 47
42 52
27 46
69 7
8 1
10 21
1 51
11 34
46 26
30 29
45 24
13 62
2 51
28 57
50 14
20 50
27 3
56 38
48 69
16 14
39 22
47 31
12 65
56 32
23 32
35 67
20 68
56 28
24 28
24 35
21 29
35 28
65 61
11 7
28 23
58 18
9 66
15 61
69 19
61 54
24 68
53 58
28 58
28 45
33 11
48 40
8 17
9 53
34 17
30 61
2 43
23 53
1 26
32 62
3 17
63 40
2 12
4 32
28 49
55 36
27 14
43 41
40 49
40 5
55 14
55 46
10 9
24 12
28 11
22 45
7 2
62 60
63 67
24 57
48 47
51 52
14 32
6 66
56 8
54 12
68 10
43 18
62 49
30 62
58 15
26 31
43 22
19 37
33 66
42 46
24 54
30 4
11 23
34 44
53 32
58 41
65 28
49 29
25 58
64 41
63 46
44 25
54 34
51 39
44 52
22 38
51 10
11 4
20 24
26 37
51 20
50 30
22 32
21 34
60 59
52 4
54 49
5 30
50 66
15 62
4 50
39 29
18 60
51 43
51 18
28 29
49 32
16 23
52 30
25 37
43 37
56 69
2 23
0 35
38 63
7 36
48 17
61 66
65 6
49 25
40 69
10 59
29 65
59 13
68 67
4 15
69 59
14 43
9 38
5 65
56 63
7 13
59 47
7 26
19 46
25 63
3 38
32 16
63 20
41 5
53 42
42 55
18 2
42 25
11 43
14 65
22 11
32 11
51 9
19 53
10 7
15 38
69 25
9 39
28 37
67 15
30 33
41 66
22 63
69 65
4 62
46 20
2 58
69 4
30 27
50 7
40 60
5 56
53 20
18 67
61 57
12 39
6 62
69 51
25 38
28 6
8 21
68 15
7 15
51 38
32 24
15 51
66 15
30 2
57 43
20 15
69 15
62 22
42 58
35 14
29 34
44 42
59 34
36 50
68 8
68 1
21 42
16 52
50 23
31 40
32 35
14 28
57 63
23 61
12 32
5 66
31 39
42 49
27 4
19 8
33 51
69 49
62 9
42 20
65 42
43 50
24 6
55 47
39 42
49 3
36 46
57 16
3 67
21 64
50 55
22 49
49 8
43 23
48 43
64 61
35 37
51 46
68 11
22 23
40 50
54 22
7 58
30 14
56 46
26 22
33 42
59 36
64 25
47 64
46 6
17 39
40 13
35 5
8 33
53 28
54 50
41 13
44 33
68 2
64 63
34 14
56 1
5 4
18 31
10 37
14 47
62 45
5 60
69 50
9 46
33 38
34 2
37 47
49 14
24 34
64 20
60 24
30 21
5 24
20 65
1 41
7 31
54 56
32 15
53 51
60 7
33 47
30 35
28 40
43 42
48 30
60 55
10 36
47 28
66 27
33 34
0 8
41 4
18 17
38 14
37 14
5 6
63 45
23 57
34 46
12 59
39 1
49 7
29 52
4 7
42 47
54 7
10 61
6 35
67 66
1 36
48 32
12 0
58 63
53 69
34 19
21 2
50 15
8 66
23 1
24 49
60 43
57 18
45 18
7 14
8 10
66 38
27 25
56 0
27 10
50 46
24 22
10 34
12 29
1 46
11 42
45 3
31 52
6 49
4 23
5 12
64 12
7 39
25 4
35 13
2 24
3 65
61 28
66 47
21 67
4 49
11 12
69 33
9 67
55 4
4 67
64 55
44 55
48 63
68 25
16 33
48 31
43 27
20 4
2 1
20 12
64 35
24 21
20 6
62 18
59 23
46 33
1 64
55 61
18 34
16 67
54 68
68 65
4 12
19 22
24 3
39 27
3 43
35 58
59 56
43 45
47 8
19 25
16 56
41 21
11 53
63 51
59 51
13 49
19 29
2 11
63 55
34 50
32 34
8 51
41 35
53 62
48 10
10 23
56 23
45 48
68 43
66 57
18 53
57 12
65 50
58 19
40 33
40 30
10 54
54 44
13 17
6 51
68 60
13 48
12 23
9 65
39 50
39 36
25 50
10 6
58 46
7 45
52 46
19 45
39 46
31 22
13 61
48 53
6 68
9 68
57 7
16 28
5 47
35 7
45 54
21 69
31 29
24 43
37 9
53 12
21 15
69 52
31 56
46 30
21 25
63 10
44 3
15 47
65 60
38 68
35 25
69 45
3 46
30 56
24 59
57 0
52 35
62 56
66 32
64 51
51 11
8 23
34 28
12 50
54 17
68 29
16 58
5 57
41 50
12 68
65 18
11 29
1 24
0 50
10 49
26 42
58 36
61 44
49 56
24 30
25 46
49 19
35 27
5 64
61 14
46 2
7 63
17 47
64 65
22 40
50 38
15 39
55 9
62 7
20 26
52 19
65 13
51 67
37 13
53 36
51 27
58 59
59 61
0 7
14 11
3 47
0 48
63 39
31 23
66 2
34 48
15 35
9 19
24 0
46 24
17 30
28 44
56 41
64 56
43 0
1 27
8 26
5 21
3 42
16 62
7 61
34 41
51 12
17 53
18 19
57 21
15 28
18 42
53 47
64 15
13 56
42 66
16 4
33 28
65 36
21 19
41 54
22 7
17 59
16 20
37 3
31 19
51 36
20 60
51 31
60 34
39 8
0 47
26 13
40 4
38 45
50 6
47 43
2 28
3 20
41 12
62 44
58 62
58 17
45 47
40 47
7 59
13 47
14 63
52 43
13 11
12 47
29 27
54 66
17 67
63 36
34 35
3 57
8 4
20 58
42 56
26 34
22 8
13 5
44 35
5 62
42 54
23 19
51 14
54 11
27 60
56 4
24 33
66 52
6 21
44 38
25 54
40 6
0 11
55 13
37 52
61 20
37 58
11 3
0 1
54 30
48 20
35 29
37 61
38 37
12 58
18 28
31 49
47 30
43 66
3 62
65 15
12 33
32 36
44 60
10 62
64 22
12 7
16 64
14 66
13 21
25 26
1 43
36 69
31 50
13 58
58 61
62 21
47 54
19 30
47 61
51 30
1 52
53 45
17 37
40 8
15 37
29 1
38 42
55 48
60 42
49 39
25 33
37 20
23 38
13 39
23 67
46 22
62 12
39 44
33 62
64 59
35 40
20 47
51 32
0 37
13 63
26 43
57 27
31 2
68 21
8 62
0 54
19 57
37 51
57 37
39 6
55 27
65 16
44 56
24 16
66 28
24 50
26 33
32 29
41 52
3 28
39 35
40 65
48 51
49 5
47 69
12 26
60 16
23 30
69 63
39 25
18 23
23 6
41 30
40 1
66 60
50 64
46 61
68 18
13 57
42 57
8 2
10 46
60 9
18 37
34 27
51 0
19 65
40 18
52 34
21 12
29 46
41 67
56 14
30 69
66 49
35 53
12 25
69 58
41 69
37 67
15 44
32 33
44 7
52 65
9 69
5 34
26 3
41 40
50 62
41 23
9 17
10 35
5 15
62 52
48 42
18 66
9 63
41 68
0 53
6 43
63 33
4 42
27 0
10 45
26 2
3 63
53 30
52 7
53 55
50 61
4 38
66 59
46 5
20 9
58 44
58 29
49 38
22 60
19 62
61 6
19 33
33 65
47 63
5 11
56 18
47 1
22 10
42 17
25 65
53 6
54 9
20 66
32 27
12 52
33 49
36 43
64 67
53 13
38 41
38 21
12 3
40 44
46 66
15 17
31 33
29 53
8 50
28 67
30 1
31 46
40 15
32 65
40 42
42 61
49 9
41 18
55 11
22 57
14 52
38 26
69 12
37 42
40 46
44 43
43 13
29 45
39 52
26 9
35 65
32 45
27 17
38 18
43 29
30 37
21 9
22 44
69 42
17 2
13 69
4 63
14 36
22 42
6 47
59 62
56 51
14 21
55 62
10 18
28 7
7 43
67 54
48 54
52 27
28 59
65 67
10 40
39 24
45 64
46 60
52 61
30 38