200
21 21 29 38 23 33 23 40 38 38 20 39 27 34 25 31 35 25 26 20 26 36 37 33 28 39 28 23 27 28 23 20 40 39 36 24 31 35 23 24 25 36 33 29 38 21 35 34 37 23 27 27 24 35 38 25 30 25 31 40 39 28 25 34 21 23 30 39 26 29 21 32 34 25 36 23 21 23 36 31 31 27 39 21 35 32 31 40 32 20 23 32 27 27 25 35 38 37 32 27 25 28 26 30 33 30 33 38 30 40 34 38 33 38 29 40 40 22 20 26 23 38 29 25 21 37 40 38 37 26 21 27 36 26 20 39 32 32 40 39 20 33 25 30 27 27 32 23 37 30 28 31 25 20 37 40 34 20 20 25 21 33 38 28 23 32 34 37 27 29 36 21 33 24 23 40 20 25 39 31 26 33 31 40 27 23 27 38 29 40 34 24 28 36 25 25 37 21 23 26
20
27 42 22 20 20 35 45 28 25 50 25 41 44 49 35 25 32 21 36 21
13438
81 39
113 186
113 19
7 38
55 198
102 39
139 7
17 148
118 125
150 162
117 142
127 108
146 156
14 111
81 80
157 170
154 188
147 100
177 41
11 182
170 148
12 105
89 66
143 35
151 32
140 197
19 186
100 137
39 115
73 18
19 12
29 168
12 136
199 24
141 171
89 93
51 160
10 15
146 55
45 125
3 86
40 161
185 125
119 28
186 22
165 60
80 42
138 170
168 161
106 52
86 84
89 96
198 178
57 94
123 130
128 141
84 26
9 110
58 39
75 78
90 143
59 105
62 151
110 10
28 123
137 130
86 173
14 110
158 184
182 140
27 68
80 36
33 150
12 26
182 96
153 107
11 114
1 182
99 58
155 167
118 161
50 12
138 10
55 160
125 155
109 110
152 21
4 153
153 86
181 96
187 59
176 138
28 156
25 152
52 140
145 19
84 87
145 174
129 84
81 117
30 127
114 194
145 179
185 188
81 28
23 25
81 140
69 161
190 59
68 123
139 88
3 195
56 24
67 56
122 19
16 63
21 5
32 101
133 163
67 152
34 89
54 46
32 137
12 169
21 108
142 46
137 151
142 59
156 103
165 183
157 146
14 51
138 134
28 135
138 197
86 16
70 10
43 86
117 79
11 41
195 72
153 66
96 5
180 19
21 70
147 124
79 109
154 109
12 101
49 46
27 67
133 15
14 61
130 58
92 179
63 37
35 41
101 183
165 62
163 186
126 137
13 122
13 15
56 26
195 115
70 73
107 140
104 21
98 157
16 56
27 115
197 80
130 46
63 65
199 170
157 72
72 66
133 66
48 67
40 14
16 183
144 159
199 123
183 50
33 69
33 103
198 16
182 73
15 198
165 56
25 100
99 80
154 116
14 52
44 34
136 103
27 139
46 10
105 168
182 132
188 52
24 105
4 127
114 151
199 68
72 184
73 68
156 57
169 155
73 125
24 20
19 166
174 126
13 115
155 173
73 63
109 10
147 12
90 161
121 32
89 127
35 109
19 93
136 44
6 176
165 97
59 3
175 29
47 122
112 131
125 51
5 61
72 11
124 38
148 113
67 58
160 149
89 107
195 148
25 97
167 32
59 168
156 130
177 183
116 131
185 16
180 39
9 39
89 156
124 129
87 179
168 196
184 69
134 39
42 161
182 183
80 6
109 136
124 193
195 27
63 43
57 186
149 184
74 39
110 60
21 149
70 152
20 80
24 99
173 130
122 120
78 137
57 78
3 54
33 45
121 194
67 9
46 187
10 14
196 63
179 113
180 9
85 41
124 170
190 188
5 13
167 104
169 21
118 162
172 84
168 191
195 133
179 174
124 191
139 162
22 70
139 144
155 14
166 24
177 136
113 188
45 86
183 120
19 179
27 60
59 126
54 32
79 82
89 100
154 133
33 40
141 146
160 173
57 65
157 101
143 41
114 172
186 39
6 62
75 14
69 186
14 148
109 161
18 181
0 131
82 38
46 77
84 165
160 197
21 28
138 161
146 16
57 39
17 179
29 120
198 43
49 52
106 72
17 80
43 169
39 169
169 189
137 136
88 59
15 175
129 194
129 38
184 178
142 153
52 123
120 15
196 27
177 80
104 168
114 13
159 16
94 179
13 144
68 33
140 104
29 104
65 157
24 157
24 192
44 105
154 70
45 63
38 23
117 156
146 174
127 154
29 145
124 62
40 79
139 108
167 139
160 3
115 128
11 35
1 72
15 96
24 121
188 196
146 54
106 58
167 130
126 176
12 27
140 74
133 106
117 111
55 58
99 4
133 96
64 41
183 132
21 22
35 33
49 8
143 104
19 24
115 4
103 67
45 29
86 63
130 175
176 123
73 170
9 83
188 109
109 48
163 67
75 86
134 100
161 133
125 68
116 28
103 9
62 58
170 117
55 110
99 169
148 28
89 129
168 133
73 183
21 136
49 101
13 140
132 186
4 32
44 135
102 16
8 10
17 106
57 28
110 83
61 156
37 186
78 106
35 183
122 50
109 162
125 71
39 52
117 143
29 154
64 89
110 159
71 99
198 123
129 178
21 132
85 162
10 24
75 33
118 100
86 93
21 118
164 35
192 179
148 57
41 105
87 10
102 26
14 124
128 0
148 47
25 159
16 98
117 0
33 5
40 110
172 5
137 18
1 41
171 0
73 86
72 112
10 102
89 177
34 109
124 131
109 181
174 114
54 141
133 142
155 32
85 168
131 72
22 63
174 104
99 134
17 176
141 115
188 13
35 40
13 86
127 95
157 159
179 45
72 45
74 186
139 1
70 164
124 165
161 165
27 126
156 101
35 71
169 87
54 19
148 178
138 1
160 42
24 117
106 175
193 141
93 16
149 153
55 5
98 72
100 21
39 119
166 89
43 24
98 125
125 190
173 114
58 125
165 55
9 182
104 144
40 160
108 104
69 72
75 106
165 23
84 37
125 113
176 46
1 137
11 144
160 195
26 95
137 134
168 141
126 99
19 48
0 179
142 38
54 93
32 36
160 6
50 109
109 125
21 150
132 28
1 141
146 5
43 77
165 49
110 163
62 32
46 132
73 69
154 136
143 10
168 131
181 196
176 131
70 90
10 26
125 96
155 146
54 95
138 96
47 125
49 105
27 185
161 41
0 81
114 5
96 80
47 133
165 13
40 165
77 165
179 91
106 145
112 88
181 108
130 64
191 19
150 112
39 8
166 38
181 119
62 86
177 57
183 54
178 166
167 168
137 95
165 92
195 179
48 43
48 55
82 73
98 179
174 40
59 53
187 80
97 41
126 54
112 21
152 148
41 193
79 1
59 34
104 37
160 114
86 103
12 62
188 131
92 183
136 100
196 194
81 184
134 46
65 199
8 169
184 65
184 152
16 92
185 160
28 107
67 167
100 168
108 73
163 136
102 139
109 174
160 48
186 34
142 182
82 199
3 112
25 120
21 189
15 57
42 182
40 188
11 54
188 30
45 5
115 35
106 104
54 166
183 136
55 114
196 117
115 113
19 169
4 186
114 58
35 67
150 168
67 108
195 150
103 148
105 114
153 15
9 36
16 80
185 38
157 124
181 111
8 41
155 111
106 122
16 50
135 140
184 128
35 7
24 152
63 101
87 188
154 117
120 100
29 123
14 185
122 97
139 43
94 168
51 116
129 157
144 110
15 82
4 112
103 199
189 89
79 17
23 57
141 199
196 49
44 169
104 175
130 50
43 75
142 188
63 127
102 123
159 124
74 72
186 121
186 169
17 41
47 16
31 138
16 143
99 62
96 188
32 186
71 141
160 93
17 144
151 26
38 194
59 81
69 104
114 138
119 148
67 68
37 0
179 168
131 139
98 165
160 11
114 73
44 2
66 41
154 57
154 169
27 193
193 67
170 181
0 158
39 165
113 110
52 72
65 72
162 81
130 108
98 24
159 168
184 52
40 84
27 6
90 42
155 61
86 181
158 168
186 116
1 26
111 174
141 157
39 83
57 32
59 175
48 41
155 5
63 10
77 41
27 160
98 156
60 122
41 14
144 34
167 89
65 112
178 118
130 142
43 34
109 23
156 122
133 28
130 169
37 89
102 153
69 194
160 83
119 13
125 138
148 77
35 153
2 186
73 47
160 88
130 40
148 163
175 41
117 105
139 179
156 43
99 124
32 76
68 178
101 13
29 138
122 108
79 141
156 193
41 84
176 192
162 136
176 83
89 138
65 181
83 116
185 136
46 194
59 47
79 49
54 123
155 4
122 61
167 99
56 12
135 5
152 32
136 171
102 161
2 63
41 71
32 170
116 37
107 106
168 31
25 13
195 0
182 48
163 86
63 99
162 191
165 82
36 38
89 73
146 70
15 152
166 15
81 73
181 140
151 148
31 112
117 77
14 169
188 35
173 62
194 33
121 63
103 127
118 157
30 100
19 174
49 96
17 73
137 122
133 59
155 174
16 54
142 10
123 169
132 99
71 130
83 156
19 178
150 110
70 30
128 165
190 186
139 148
41 103
104 77
123 151
52 148
115 130
152 125
50 46
93 55
140 159
29 16
199 71
195 172
88 32
182 195
31 199
44 46
132 29
37 157
33 168
29 179
29 128
30 117
59 55
15 8
90 37
160 142
38 73
15 64
109 121
53 133
33 105
155 130
117 150
43 128
104 120
169 72
90 1
26 23
116 95
32 118
42 155
168 186
32 31
41 49
88 29
73 158
23 32
126 35
112 26
73 39
29 190
14 102
139 84
139 180
109 182
125 196
84 160
127 81
18 122
156 31
132 178
75 74
46 151
39 46
79 105
43 154
104 17
148 186
160 87
123 138
21 102
16 51
114 165
57 179
106 129
152 114
62 140
31 123
114 45
188 187
174 78
124 31
141 97
170 182
0 162
78 73
136 34
33 17
24 168
108 106
77 194
137 67
174 7
127 44
123 153
128 157
28 157
127 0
2 57
153 28
126 178
3 10
142 55
180 174
89 162
95 130
18 43
43 62
161 146
148 13
15 85
107 117
80 39
13 61
89 113
165 32
87 49
183 65
39 60
106 80
175 179
163 49
170 183
86 49
131 137
73 190
23 140
111 161
72 26
199 0
89 126
38 72
143 99
77 178
62 137
59 10
177 125
153 63
122 63
168 89
151 89
14 37
16 192
139 24
104 130
158 75
19 61
123 15
102 27
12 44
79 144
116 41
47 139
123 193
195 171
8 160
64 162
55 69
153 116
21 16
54 49
7 63
90 92
149 39
127 111
23 35
39 198
77 89
72 127
116 190
193 38
31 9
82 179
162 51
123 115
18 153
125 145
72 104
167 165
98 140
38 160
67 7
153 0
153 10
134 109
54 199
99 191
24 130
22 46
25 59
112 137
124 186
30 59
69 46
6 122
104 3
160 109
77 181
156 116
44 26
17 39
125 121
67 77
46 141
18 46
133 108
158 115
10 178
186 156
144 166
26 16
128 46
87 5
126 141
10 38
114 98
16 169
123 71
81 168
144 71
186 97
25 5
29 173
123 118
136 113
150 194
21 141
99 31
24 48
109 84
79 25
123 155
60 14
17 32
185 115
141 105
130 96
135 33
156 145
188 195
114 176
110 170
162 29
122 96
109 8
58 44
19 26
133 35
195 173
39 85
196 138
184 185
54 127
150 73
131 127
119 25
15 182
144 173
15 197
89 135
109 178
99 5
125 199
89 146
150 14
194 147
153 130
107 112
104 146
182 168
49 157
112 160
99 152
160 46
125 81
178 53
63 102
199 34
116 163
47 28
9 109
28 170
59 33
181 8
103 109
12 92
110 89
123 124
16 40
101 124
178 141
188 199
89 170
157 52
142 109
43 39
102 156
165 101
128 12
81 133
15 62
167 33
70 29
42 124
38 31
79 198
99 92
37 39
26 136
24 6
41 173
141 15
32 157
139 26
138 107
107 41
149 122
150 140
55 27
99 41
7 116
149 67
21 190
183 29
142 26
22 24
112 117
59 19
182 119
150 90
181 185
22 13
157 7
191 9
145 55
199 160
25 153
195 167
49 27
86 26
21 26
196 26
196 80
150 16
78 80
184 51
91 100
152 106
176 134
73 1
143 62
195 118
174 116
51 117
92 43
91 19
194 86
25 130
160 169
194 181
14 140
199 30
80 75
60 79
136 36
157 154
97 160
46 163
83 186
84 113
46 106
33 162
92 49
13 32
197 19
20 75
141 68
19 195
75 56
15 177
91 194
49 111
137 33
155 6
186 174
184 147
39 195
13 11
22 57
162 1
188 117
40 114
115 95
63 168
136 83
106 40
178 27
187 157
136 74
104 101
73 99
163 140
30 25
174 48
181 72
96 35
72 71
194 102
46 2
153 27
182 97
158 19
67 122
39 94
178 25
199 104
48 123
41 54
174 92
196 153
111 182
47 155
104 76
196 114
139 21
185 168
84 152
39 191
38 167
191 84
9 49
13 56
185 139
16 17
1 124
125 195
17 99
136 121
93 109
196 70
153 165
74 104
177 155
166 114
5 186
51 130
131 138
148 126
0 39
38 25
190 162
115 61
120 179
92 38
85 86
138 30
83 5
111 35
141 91
177 43
27 13
183 163
39 148
11 139
78 26
25 104
165 125
8 75
141 50
155 15
179 191
86 47
113 184
127 23
146 139
54 198
162 88
106 150
145 67
16 162
19 95
32 103
130 60
169 198
41 157
124 144
195 147
171 29
27 136
79 29
61 10
157 82
182 36
133 113
13 75
122 145
196 24
49 44
92 15
112 116
98 49
32 74
75 82
62 177
15 68
104 133
14 183
153 34
144 152
50 13
95 188
111 90
33 96
155 94
1 168
38 76
156 160
20 130
20 181
48 112
80 14
194 75
78 116
25 66
138 82
73 66
117 171
95 35
35 177
61 100
17 136
52 13
31 155
199 182
188 24
28 79
85 186
161 169
133 93
130 134
137 44
90 153
21 17
80 46
131 33
116 90
180 38
186 77
107 195
159 10
144 60
59 66
112 12
71 28
63 171
2 117
85 184
195 14
161 27
130 75
131 183
125 164
69 124
50 156
150 127
19 90
18 75
160 0
137 106
159 86
24 125
114 81
125 39
123 84
116 133
25 27
143 29
152 181
109 144
129 184
21 95
95 59
70 158
13 87
57 44
189 15
186 180
106 2
131 114
26 13
73 141
134 183
110 162
47 32
16 197
109 183
130 194
138 8
55 125
154 182
148 187
196 116
19 176
141 44
174 166
122 150
79 112
135 54
6 138
194 27
100 117
154 32
155 158
22 127
60 125
176 145
85 136
112 179
38 126
31 67
188 39
149 5
70 60
136 22
23 136
175 0
123 26
49 156
62 129
54 101
126 109
25 188
62 156
92 29
177 176
139 40
15 91
41 65
91 162
183 36
143 199
133 126
197 176
184 153
38 57
43 171
184 30
160 91
128 183
157 68
194 29
54 37
154 9
195 180
67 143
122 118
188 48
5 75
136 189
141 173
43 106
130 158
28 76
27 141
164 46
127 12
133 70
141 133
188 74
6 117
29 170
79 120
40 125
27 106
84 97
133 10
18 15
144 148
122 62
106 23
63 189
106 89
195 94
112 10
197 49
6 116
199 85
124 28
117 14
135 0
131 148
2 67
96 9
27 114
174 77
153 43
16 44
9 1
187 161
21 14
191 186
174 53
103 140
76 44
5 168
34 137
62 46
29 121
155 43
108 28
186 178
182 13
153 112
3 14
100 110
26 55
116 74
68 32
90 82
69 12
199 10
195 196
39 181
186 177
128 153
117 42
58 138
111 115
161 103
124 130
47 127
5 88
139 4
169 84
59 177
30 57
112 185
41 60
177 24
57 103
122 34
78 59
166 86
80 29
71 46
20 90
66 46
135 199
44 182
115 196
43 16
10 54
57 43
46 166
66 178
11 181
124 141
58 194
188 114
154 62
196 133
73 90
183 147
128 138
60 127
122 158
62 119
44 0
114 29
29 35
54 167
14 84
80 77
76 100
29 38
152 13
32 46
127 182
183 176
123 129
55 179
32 15
72 20
133 20
149 182
36 67
184 63
187 199
63 137
26 100
161 87
106 113
10 196
43 91
125 129
193 188
183 45
64 63
187 117
125 35
133 0
144 89
177 10
62 48
73 184
114 22
49 88
128 89
194 80
47 15
90 173
177 133
147 162
3 114
54 17
88 25
48 54
192 59
29 0
131 109
9 129
195 21
33 100
100 87
135 184
126 122
144 184
83 100
58 41
24 81
9 16
136 40
25 82
21 130
29 77
132 168
5 8
178 135
159 0
180 137
120 157
141 110
120 165
107 137
21 101
191 117
193 127
109 94
80 129
79 171
155 0
80 109
99 7
95 28
80 38
165 10
21 134
142 138
146 99
32 3
151 67
109 36
33 123
71 160
55 92
128 156
90 52
99 168
35 182
52 114
189 182
184 17
54 132
127 199
175 148
117 177
90 139
52 136
25 177
55 192
23 137
74 29
138 177
42 178
196 75
176 94
115 55
36 138
76 16
170 39
30 32
0 123
146 39
63 130
87 39
28 105
21 168
70 149
195 43
76 162
109 176
143 0
10 188
97 161
74 199
71 0
8 35
150 156
142 15
149 55
94 46
0 193
9 42
130 165
176 178
74 49
89 52
179 133
46 41
161 0
34 176
69 130
0 156
183 199
26 65
187 86
157 102
43 115
6 161
170 84
137 54
185 32
189 176
29 69
19 136
178 17
3 199
142 148
170 35
199 67
104 197
167 90
57 1
116 134
115 94
122 56
59 72
112 67
181 171
147 9
196 148
70 124
57 174
157 38
39 55
38 65
112 89
149 112
133 80
33 70
199 91
46 52
129 183
62 170
38 197
57 73
165 197
178 87
50 99
189 43
70 47
115 148
116 52
156 1
80 132
174 95
5 151
52 138
29 149
54 197
64 73
34 195
6 183
182 89
25 132
64 141
46 65
124 145
138 43
72 129
95 72
114 191
53 35
191 156
122 165
191 110
141 39
18 26
81 116
138 63
125 87
55 8
41 96
145 63
8 133
178 124
198 70
182 160
55 103
182 101
155 129
161 4
154 28
163 122
110 6
179 158
194 118
157 136
62 195
5 23
10 171
183 186
195 186
170 63
83 195
7 9
50 169
112 133
155 168
104 102
99 171
40 115
25 73
35 52
192 161
97 179
178 163
152 115
91 168
178 23
57 191
51 174
171 5
184 167
58 112
69 110
114 159
34 116
69 109
77 54
20 188
189 14
171 165
60 86
38 5
22 104
188 79
158 114
112 152
178 195
157 105
47 67
99 102
165 127
174 23
106 183
144 162
104 155
174 127
75 3
72 108
155 112
41 174
2 54
44 150
19 127
107 109
130 172
85 70
157 115
61 43
123 170
9 190
76 199
135 10
79 128
14 104
180 41
76 26
44 95
49 59
100 14
67 101
24 198
165 104
186 109
6 46
63 35
150 124
62 83
2 27
9 167
86 107
199 92
159 35
25 182
75 109
113 5
116 170
99 156
102 62
176 137
133 4
113 43
148 87
110 174
176 1
124 92
155 145
26 137
199 128
127 118
39 178
180 90
182 87
99 12
21 186
87 41
63 93
103 153
10 107
83 133
53 14
83 138
174 183
51 178
184 71
114 57
164 122
64 106
65 125
195 77
138 91
73 144
167 161
133 139
115 143
38 43
125 13
176 11
5 198
127 71
105 54
125 141
12 167
6 114
129 90
32 14
94 43
16 196
27 168
101 184
108 125
139 9
54 40
142 139
80 10
168 126
19 104
33 13
183 55
25 170
193 194
141 159
71 89
193 155
21 67
110 21
151 99
119 24
115 112
67 185
60 184
73 50
114 86
46 100
113 195
17 186
175 49
80 116
135 38
172 110
21 193
168 193
109 65
83 117
132 133
5 76
12 175
109 98
11 110
109 85
12 21
29 135
99 164
117 85
41 39
178 45
27 111
188 23
25 155
6 156
154 86
70 0
162 52
24 111
165 166
138 66
78 157
56 137
185 70
36 29
4 123
115 139
166 100
5 199
164 25
65 55
118 84
57 105
3 122
195 120
27 109
70 160
137 104
123 160
67 90
110 81
182 63
12 77
49 95
178 107
198 161
55 68
138 35
112 183
28 88
102 112
142 33
56 153
8 195
199 11
87 123
169 52
84 154
94 188
25 136
173 139
41 59
22 117
30 161
84 72
79 74
5 30
86 68
10 74
134 168
27 46
179 1
16 82
57 12
109 95
80 59
42 41
161 115
113 138
97 29
84 58
145 38
133 17
65 123
165 189
69 162
27 184
90 81
118 99
133 63
139 58
39 122
18 184
134 110
40 24
185 73
127 179
199 107
38 198
144 39
62 142
109 149
190 13
153 24
37 106
49 72
122 184
54 185
10 17
129 29
191 157
71 19
187 33
199 154
21 1
77 27
115 156
79 101
25 110
188 71
43 65
49 126
35 81
117 57
87 44
156 71
49 31
188 197
80 190
115 163
100 133
108 62
68 57
126 41
28 103
28 36
146 84
189 110
80 118
186 102
10 126
24 97
60 106
104 59
160 133
142 169
9 121
110 65
1 55
179 199
69 139
185 49
189 117
182 167
47 153
9 21
114 193
33 186
32 44
19 140
183 9
197 110
102 24
10 111
132 67
133 19
72 186
120 124
75 10
54 194
75 88
82 63
168 152
80 104
30 104
97 153
199 40
44 109
180 160
9 136
28 130
44 18
68 70
81 12
166 133
37 137
55 62
12 166
127 99
127 129
45 27
88 169
159 139
90 88
13 18
27 199
72 117
114 37
156 41
89 30
4 27
100 96
147 27
145 24
70 74
47 140
31 165
104 114
114 91
149 116
90 35
142 43
59 193
87 141
49 158
39 194
23 12
178 82
0 173
86 196
71 136
21 191
149 157
83 127
162 39
117 166
5 121
25 54
34 124
177 174
97 19
165 41
177 70
43 159
129 138
197 44
141 180
115 107
90 182
24 32
71 165
14 46
196 5
45 138
110 122
65 86
146 114
89 133
182 169
158 41
14 191
44 119
148 189
139 13
153 155
59 179
144 14
49 144
137 61
5 102
38 52
27 150
176 70
169 106
158 181
183 87
172 176
115 63
73 60
103 125
32 120
34 181
32 48
89 154
20 109
78 32
198 115
138 111
57 172
100 188
108 162
120 62
2 130
104 83
159 122
189 46
86 50
152 33
46 109
18 165
11 115
9 63
194 191
20 38
70 105
4 178
20 186
90 91
59 29
55 67
33 114
86 138
52 127
192 79
195 176
13 62
44 21
109 147
124 4
86 112
151 188
136 193
53 38
105 122
27 180
168 56
147 0
133 162
20 25
178 70
136 119
189 57
162 49
14 130
183 121
172 117
25 126
184 90
6 179
102 183
153 199
162 186
121 165
1 32
122 141
19 102
25 190
185 186
98 160
199 94
133 48
8 179
99 48
183 195
105 130
24 126
75 105
170 12
54 151
87 79
104 136
151 117
133 46
126 16
119 137
111 79
123 70
129 28
156 157
0 116
28 195
36 5
11 136
184 1
110 32
90 108
59 21
95 80
25 198
31 106
91 13
125 101
89 42
130 118
117 185
153 111
55 89
110 183
105 199
104 121
93 117
81 10
157 54
2 14
58 186
61 124
146 9
21 97
112 96
13 93
181 53
68 130
183 80
113 124
162 160
53 161
94 106
136 10
168 151
150 141
108 137
63 18
69 122
44 24
150 130
17 174
128 168
179 123
175 86
29 118
2 127
173 157
136 55
82 99
160 120
148 114
84 10
117 127
116 188
9 115
193 43
163 188
165 89
56 104
113 33
100 55
155 60
26 147
126 179
36 89
113 57
57 193
156 197
14 98
178 64
188 90
113 122
57 151
24 137
56 32
80 135
177 140
38 49
16 193
98 15
100 187
56 54
47 161
132 122
179 170
19 105
154 179
127 175
137 64
148 173
171 19
123 120
25 21
135 14
140 141
98 55
38 27
59 94
130 117
139 175
71 183
116 199
181 56
15 40
127 27
116 158
109 180
116 182
84 161
40 195
182 108
176 89
89 10
138 100
125 191
199 64
121 35
127 145
88 62
195 36
144 10
100 59
109 190
67 138
84 32
178 155
160 150
125 95
156 23
75 168
151 25
127 105
12 78
11 15
144 176
158 28
55 32
42 136
75 135
117 109
70 194
11 112
99 186
62 77
135 110
90 93
5 11
191 137
178 26
137 68
199 41
29 6
111 109
169 183
131 84
69 127
176 125
75 153
15 193
160 131
66 179
90 122
12 28
83 162
63 174
62 149
19 96
171 100
10 192
183 145
92 75
168 122
59 101
83 54
117 55
57 118
89 58
125 41
70 166
162 137
34 133
12 48
152 169
152 86
161 22
187 32
29 87
33 119
126 123
122 0
72 109
172 15
54 164
125 174
176 157
94 184
78 182
196 90
76 63
47 39
69 75
194 135
181 193
72 164
12 141
19 187
15 195
81 188
34 165
141 36
81 112
149 161
18 28
41 92
19 79
114 38
160 16
26 50
106 115
5 130
62 146
117 78
156 161
80 70
116 4
199 102
28 75
89 114
181 177
69 24
194 199
80 53
36 26
179 162
75 95
117 103
21 29
21 33
116 13
193 144
97 80
43 144
5 14
110 23
151 139
176 135
112 50
174 43
106 22
2 169
84 1
139 199
176 127
190 110
85 178
114 35
63 140
178 143
151 160
159 84
127 39
103 15
184 87
96 24
127 139
32 192
4 41
57 112
50 72
165 113
110 165
125 59
183 21
67 17
19 183
157 151
138 171
110 53
186 29
57 125
125 143
129 104
192 38
70 156
198 156
75 70
159 165
161 45
144 137
62 178
6 127
0 121
67 165
162 161
38 75
188 85
16 46
6 194
140 154
32 136
46 179
189 49
173 14
187 43
72 139
63 186
59 108
199 138
184 136
123 163
46 193
151 43
127 106
127 13
184 12
59 174
183 5
55 54
115 2
19 189
152 104
151 112
20 116
133 39
62 97
110 77
115 101
169 18
19 157
4 179
165 115
21 137
165 177
104 41
0 134
171 114
190 124
123 27
184 151
187 9
78 24
100 144
136 108
75 144
61 183
157 131
20 12
44 29
53 0
36 140
113 32
112 30
174 10
160 146
56 100
184 198
99 185
125 86
12 150
179 115
191 73
123 175
26 192
33 51
89 132
142 19
123 105
13 4
9 2
76 133
57 175
84 82
24 11
165 19
11 162
5 141
199 130
155 69
80 44
169 82
28 101
29 63
44 84
199 129
109 96
52 41
141 47
143 79
9 130
117 131
147 24
21 153
145 195
73 46
47 14
20 73
94 55
174 74
160 50
116 32
100 155
130 53
157 196
195 190
80 174
15 90
117 176
106 141
148 66
47 165
199 83
139 155
183 141
122 98
178 158
23 19
161 120
160 111
196 0
12 98
164 168
33 46
139 44
86 123
103 130
152 27
39 160
7 138
192 46
186 181
24 165
178 103
29 195
192 199
138 75
136 120
28 143
118 109
60 141
145 89
82 125
46 55
188 168
49 91
137 123
50 199
17 55
42 140
160 147
54 174
71 62
79 108
188 115
148 0
86 21
37 13
181 173
175 25
195 110
33 185
176 13
31 29
115 77
137 155
10 104
73 7
76 54
187 127
147 63
114 111
73 71
123 152
123 49
184 3
41 82
19 22
38 182
10 18
141 81
62 36
42 179
52 54
65 155
41 128
47 195
12 121
113 153
14 141
69 14
43 60
29 4
157 143
151 195
185 89
165 91
146 26
75 57
184 88
130 93
187 116
183 91
75 104
148 45
75 59
49 4
44 123
96 67
185 9
2 140
119 54
191 43
123 92
76 182
154 114
53 148
44 166
13 14
160 175
25 3
194 161
199 167
179 50
54 179
18 116
115 38
79 94
10 197
176 194
16 173
135 141
181 16
59 74
141 93
65 9
83 73
31 183
80 13
181 24
159 148
183 108
141 170
181 160
62 87
141 76
199 186
177 12
52 86
155 3
176 57
62 161
136 73
25 128
34 0
155 96
38 191
112 198
86 67
105 27
100 82
84 67
188 145
55 148
79 115
143 138
23 183
78 67
149 141
147 13
171 89
102 195
83 106
41 145
5 194
106 172
48 100
26 120
49 63
38 85
194 23
153 71
198 133
167 162
72 9
9 198
64 90
90 183
189 157
15 122
125 140
124 64
17 100
104 162
178 79
182 159
113 75
0 18
33 193
45 46
108 26
99 19
0 38
153 80
121 195
104 190
123 66
60 10
78 127
183 144
87 32
134 19
99 187
35 108
10 168
28 127
117 97
54 180
88 122
152 28
20 14
2 59
125 15
195 169
8 14
175 90
78 21
147 104
169 116
128 49
28 27
3 169
191 178
181 55
40 73
80 48
46 140
162 174
77 137
19 60
37 136
82 33
118 16
46 42
153 144
13 132
86 25
169 81
195 87
48 153
89 123
120 153
99 105
139 85
52 27
59 102
56 162
100 178
2 157
87 38
90 21
83 89
32 63
24 21
50 35
51 139
82 39
2 19
132 72
72 110
155 148
105 160
9 199
66 155
85 100
6 9
97 116
192 157
170 55
98 10
54 29
165 195
59 121
96 21
104 139
24 190
125 120
84 18
108 178
73 93
67 147
51 80
84 114
197 72
84 106
176 185
95 25
85 35
157 177
10 190
38 74
62 117
197 33
158 112
70 62
8 33
156 3
15 131
74 138
109 41
175 181
188 101
165 105
16 64
160 59
115 3
38 150
75 98
163 106
89 78
59 36
193 153
116 15
87 117
43 64
117 152
63 15
128 148
10 95
82 106
97 144
169 164
137 14
193 161
115 170
83 49
162 198
183 81
75 120
170 15
124 149
33 19
122 84
117 53
28 111
179 157
79 38
128 194
29 17
138 116
81 49
160 198
130 113
38 60
156 82
44 162
30 44
164 110
49 75
114 75
128 110
123 182
51 32
192 67
153 3
50 59
69 25
130 98
24 128
91 26
84 141
69 112
23 160
115 21
147 125
162 67
13 45
83 86
150 57
24 108
16 182
30 84
55 30
133 31
157 88
77 153
117 33
93 62
29 24
21 46
190 27
115 159
169 199
131 70
87 15
118 73
149 28
23 155
73 15
61 63
56 139
13 31
160 77
159 99
65 136
106 93
94 28
89 47
20 35
65 178
43 53
175 109
157 83
181 13
54 59
80 67
127 136
32 16
67 51
78 194
156 129
77 26
136 94
67 142
100 104
193 13
184 155
123 172
49 174
29 14
108 13
159 195
114 156
133 121
9 57
33 56
158 5
130 101
11 123
10 180
10 172
153 140
133 144
78 15
73 124
59 68
184 7
165 141
179 190
78 179
2 100
13 149
5 97
77 49
75 35
99 155
161 81
185 19
168 76
104 194
70 95
104 24
136 169
9 15
51 25
13 78
168 143
19 49
113 109
62 159
106 70
104 51
138 47
73 65
161 58
19 159
40 59
42 106
179 15
47 49
50 0
134 72
122 175
154 139
57 104
44 67
5 37
199 80
114 83
136 102
110 80
97 9
27 171
140 8
41 185
19 62
79 31
72 103
122 189
131 73
118 115
162 27
86 17
177 5
146 24
34 35
63 165
182 177
30 124
27 99
126 44
86 58
77 123
91 161
125 89
106 92
165 61
8 80
129 117
156 32
157 134
43 192
57 126
114 192
54 85
169 132
59 98
62 10
115 8
139 166
82 110
29 67
110 71
106 38
199 29
137 30
22 44
22 26
190 169
15 55
140 56
183 189
46 103
139 184
160 143
12 144
119 138
155 161
49 58
14 90
108 114
162 4
32 69
158 43
107 139
117 74
63 135
3 90
48 116
99 114
63 119
12 51
40 178
167 188
63 84
5 34
33 121
77 182
71 67
161 35
33 163
39 172
74 26
123 194
25 168
183 20
1 49
69 133
49 182
141 62
76 195
49 139
40 55
27 63
113 27
76 137
194 187
178 177
140 117
110 75
19 51
124 22
109 128
79 194
140 90
39 69
74 156
25 139
74 112
9 69
88 38
162 124
145 110
57 33
13 41
39 50
129 139
70 69
102 79
95 32
19 194
144 168
19 108
23 41
119 90
54 47
14 66
184 199
88 156
136 199
139 55
187 156
60 13
147 117
140 178
45 194
108 44
104 96
153 78
4 188
37 174
44 11
169 118
164 100
178 160
55 35
163 162
169 86
17 130
152 62
177 19
57 145
0 151
21 174
44 38
39 29
0 125
5 100
85 55
188 9
89 62
109 163
91 21
137 70
100 111
59 173
131 115
62 191
6 123
51 168
197 46
26 185
21 144
94 137
154 21
172 89
58 117
12 11
76 188
16 154
84 22
20 112
98 186
101 161
168 69
33 97
76 35
33 112
124 32
15 127
119 114
194 21
55 111
60 104
121 138
116 198
153 51
56 59
84 90
7 168
174 107
10 20
74 25
34 32
59 197
110 199
7 194
171 35
199 19
108 153
193 157
110 18
169 163
134 122
39 155
144 194
66 160
157 69
124 166
25 77
27 125
115 180
19 193
193 174
9 28
73 123
54 64
99 74
26 60
85 127
149 10
83 174
180 140
1 117
11 43
21 6
43 166
104 27
44 117
24 36
108 32
97 106
5 12
90 13
123 18
136 107
183 194
184 38
25 143
160 145
17 9
89 68
75 173
32 93
90 72
83 14
117 186
81 174
130 185
153 13
188 108
16 177
197 179
48 155
124 81
37 33
160 159
16 28
165 70
175 157
135 168
182 129
136 95
136 61
72 161
34 168
137 90
44 25
181 123
141 117
10 48
80 175
141 186
19 31
112 100
122 89
141 190
114 134
184 19
170 184
29 41
110 0
157 133
3 168
144 157
80 49
55 156
77 86
74 133
41 102
120 176
22 153
56 41
112 19
136 175
73 54
29 68
44 155
137 98
138 115
43 93
32 37
22 188
2 178
5 150
86 101
75 166
89 82
156 17
122 103
162 97
127 7
133 145
27 84
86 92
62 21
190 183
153 146
190 46
108 15
26 110
103 79
126 55
110 168
98 28
161 85
162 32
66 168
175 195
67 176
142 41
117 27
152 183
33 188
44 8
176 188
102 43
133 79
153 181
42 116
115 132
46 181
102 100
52 178
1 70
186 127
69 125
36 123
117 32
98 139
122 30
67 40
165 136
0 92
139 78
165 111
73 9
115 127
67 15
90 66
28 106
46 177
123 134
109 58
173 110
73 77
195 140
79 61
6 73
16 34
169 121
11 178
55 38
59 146
41 61
46 101
194 11
169 97
58 5
70 184
95 5
14 17
123 96
57 144
191 75
25 1
155 182
186 49
166 141
121 44
189 62
20 57
29 187
106 117
155 128
1 195
143 12
24 114
110 61
161 36
5 120
84 61
89 17
19 103
33 118
108 5
19 198
114 72
115 28
21 160
49 116
185 72
138 57
76 99
135 41
182 84
161 31
107 157
68 9
136 116
78 169
166 27
143 5
87 140
184 133
123 64
73 51
4 25
140 35
95 67
116 60
152 153
64 72
51 99
179 23
192 12
153 87
80 3
178 137
21 172
105 104
106 131
153 91
39 4
127 126
191 199
107 75
103 174
110 160
157 15
6 153
104 198
34 157
21 42
12 172
140 101
138 80
133 182
79 39
153 30
161 71
149 59
15 39
171 133
133 134
62 95
159 156
171 123
129 16
61 54
43 125
49 90
155 120
55 79
124 26
13 23
156 69
84 162
53 9
168 180
43 121
148 143
0 172
30 46
109 39
157 25
193 139
185 133
124 100
12 117
78 115
181 92
72 97
178 130
114 109
89 69
116 121
59 141
137 9
72 5
70 199
124 65
144 114
151 13
127 191
50 32
53 194
100 153
161 142
43 173
117 66
27 79
122 142
88 89
140 122
121 157
26 25
28 187
99 61
137 170
116 110
196 19
187 84
183 151
86 14
189 5
77 176
20 44
124 164
89 39
49 127
122 2
84 173
6 84
89 35
63 126
149 0
120 10
131 165
116 150
49 171
41 150
14 131
131 182
157 35
117 94
156 52
29 20
20 21
199 36
123 41
76 176
176 101
98 182
22 112
127 178
125 167
64 32
99 37
62 44
35 72
165 188
140 18
121 155
168 44
27 108
195 192
90 135
12 159
154 26
136 176
42 39
11 0
99 196
165 196
109 195
129 115
16 73
47 186
57 106
12 187
84 39
144 38
61 59
104 7
30 181
184 197
153 131
123 34
139 79
86 104
17 188
62 39
57 153
102 73
117 50
79 155
138 48
185 157
15 99
53 10
106 142
44 93
54 7
165 169
164 9
42 32
16 42
139 100
171 162
101 99
5 112
124 2
146 125
66 195
163 32
27 93
163 84
153 16
122 71
22 12
164 80
118 182
126 115
9 4
146 25
112 193
169 17
107 165
33 18
1 174
58 160
196 178
98 13
54 124
196 186
32 169
182 47
183 161
59 79
95 182
35 149
74 55
89 8
99 192
40 21
122 78
166 112
113 28
15 158
24 54
164 148
132 26
178 123
178 22
12 188
18 79
191 184
197 24
133 165
75 44
29 72
13 42
150 125
176 68
0 144
176 40
183 59
86 109
133 62
131 75
136 151
156 148
12 102
196 162
186 65
161 191
11 117
90 65
104 160
102 176
55 174
154 156
35 46
63 151
46 9
67 34
65 62
188 99
92 26
183 10
153 106
149 179
8 24
177 160
89 13
56 9
116 70
79 47
31 21
5 49
21 79
79 99
164 136
45 43
178 183
116 184
26 129
153 185
80 2
86 7
174 135
99 189
118 41
88 165
144 169
107 141
56 130
116 124
161 122
52 179
77 100
138 11
5 116
24 127
164 39
133 45
114 70
184 93
113 99
46 93
28 43
159 116
106 29
15 135
106 184
42 138
153 72
76 165
14 54
64 114
193 72
80 61
168 16
101 44
163 161
163 153
139 114
23 55
134 179
57 34
117 90
54 42
130 39
56 174
186 26
181 127
35 180
135 59
140 167
15 185
30 38
87 43
49 104
70 18
82 14
140 30
80 126
85 90
140 169
19 85
91 28
155 159
47 106
192 124
68 110
183 150
123 125
100 192
128 26
50 139
72 178
144 199
94 165
83 123
18 25
102 124
12 131
72 40
139 181
101 10
141 8
197 117
80 11
54 148
127 93
121 49
161 110
100 68
151 79
101 15
156 171
163 137
88 133
35 92
65 5
195 31
62 196
9 125
109 157
197 186
59 120
148 90
144 62
118 106
88 140
80 147
98 181
22 109
124 163
50 75
32 194
155 53
92 59
155 196
110 31
28 69
52 19
149 57
59 191
44 146
0 77
176 181
59 97
84 142
124 74
194 52
143 106
19 128
46 13
110 54
42 38
74 84
155 71
194 141
89 85
184 120
143 169
89 48
35 43
167 70
73 173
14 77
178 99
94 70
58 43
124 88
25 47
182 57
184 107
148 105
116 183
75 181
30 99
63 150
168 86
54 9
158 133
10 92
106 20
16 0
169 9
79 44
9 108
96 14
30 75
152 89
55 118
186 119
75 127
106 128
195 154
172 100
19 63
194 152
163 75
19 82
74 165
72 36
185 100
72 41
140 38
162 55
75 31
27 183
176 174
29 28
186 153
31 184
90 12
15 190
26 43
64 25
144 24
89 27
53 139
6 139
124 56
186 55
85 169
170 100
16 186
30 16
113 161
17 199
80 169
179 185
156 90
46 196
39 23
198 109
151 176
154 144
4 75
130 176
5 159
72 123
21 23
183 88
188 80
130 83
2 24
162 80
128 39
25 129
64 165
35 132
52 186
90 136
160 176
151 39
44 5
9 141
153 133
16 19
86 35
115 10
117 84
100 169
141 72
49 122
81 155
4 130
26 32
115 168
180 46
71 57
122 4
97 130
179 74
90 177
59 185
84 183
20 168
11 63
140 148
164 106
78 138
188 153
154 12
172 27
98 178
75 6
10 86
87 155
38 19
53 5
110 90
46 53
36 73
179 181
27 24
39 143
123 113
67 178
102 178
45 165
197 136
143 182
26 194
113 16
86 53
62 20
44 122
13 145
29 136
58 26
132 14
190 89
170 72
157 104
183 7
16 90
102 55
127 9
86 71
109 7
21 109
44 4
2 33
185 0
72 147
149 63
109 169
91 80
179 196
100 181
30 176
100 84
182 107
46 108
80 137
75 42
173 186
67 126
117 144
84 157
40 99
13 28
141 3
15 35
20 179
183 11
160 13
86 34
86 98
26 158
9 38
182 69
43 120
19 50
27 197
6 28
124 21
29 98
176 153
164 184
47 178
128 114
126 106
41 98
67 136
184 95
12 189
142 112
129 63
38 100
168 187
121 89
141 43
25 193
159 73
96 148
48 72
134 57
65 104
28 192
26 94
73 31
21 143
67 116
99 16
5 126
5 107
37 62
129 41
191 123
24 13
160 132
144 179
169 60
137 118
7 117
16 62
89 117
79 164
0 177
155 63
176 82
49 97
159 109
76 9
148 199
184 10
165 186
182 176
49 110
146 75
147 57
25 42
27 189
151 144
18 156
33 182
39 106
24 93
161 33
127 25
125 166
41 30
12 197
25 98
81 137
85 194
86 171
59 166
86 61
176 165
100 52
126 124
169 191
5 191
188 92
178 104
181 90
60 12
124 111
142 13
180 106
178 91
39 113
162 197
48 75
42 195
79 145
21 192
37 169
55 120
139 192
178 92
73 87
122 22
142 57
31 63
43 51
191 32
125 64
69 35
54 162
173 67
121 75
193 179
3 174
179 13
39 120
171 176
31 179
71 116
70 76
91 156
1 144
33 78
24 150
12 65
89 143
128 33
36 169
40 10
30 62
55 133
89 134
97 181
67 93
185 43
27 143
181 21
28 8
129 137
139 14
70 54
76 109
183 143
32 182
24 171
41 69
24 112
29 166
123 195
99 136
12 195
168 84
32 82
84 190
194 83
57 165
10 2
110 155
155 82
155 2
10 140
5 142
143 155
99 98
123 140
18 49
196 110
56 49
26 189
63 158
27 198
49 22
35 19
189 100
169 113
15 71
72 87
184 57
35 134
145 9
138 139
122 74
146 186
156 108
178 5
194 172
129 161
12 37
57 168
157 16
38 190
72 25
15 150
157 162
75 37
22 10
187 153
41 50
53 153
26 164
190 153
184 24
160 141
135 55
3 144
138 5
179 125
176 169
139 137
41 191
49 147
110 19
172 33
23 75
153 162
58 72
40 181
168 55
10 96
128 62
182 191
149 12
155 33
123 185
195 185
14 196
104 189
58 19
39 110
55 78
17 124
153 173
162 146
19 190
133 5
190 26
106 147
147 179
19 164
106 41
162 63
161 73
139 125
157 139
130 196
130 146
113 178
66 13
121 27
199 145
5 42
116 166
124 43
77 199
68 28
75 161
90 149
157 59
195 146
123 46
67 70
45 75
49 100
23 138
100 23
43 132
13 172
131 59
9 195
119 12
39 123
175 16
133 175
99 1
20 182
60 89
35 13
159 9
146 179
44 60
114 71
73 152
182 173
26 90
86 54
102 25
46 92
198 182
81 25
173 169
19 120
120 117
125 16
164 116
29 32
155 180
89 164
158 188
64 110
164 183
110 37
38 11
44 161
95 13
103 115
5 60
182 125
39 10
65 116
80 23
93 183
23 10
55 96
43 165
181 162
65 148
0 65
159 29
130 38
99 160
188 15
140 115
53 63
95 181
12 52
6 63
17 112
28 90
17 110
194 132
24 187
100 45
82 181
79 189
52 176
179 95
26 116
68 19
50 194
153 115
173 106
7 15
177 33
184 179
64 100
144 181
9 192
181 120
140 174
149 137
70 180
179 153
116 148
192 73
153 118
70 193
166 28
70 8
198 35
114 162
21 111
49 112
97 16
161 65
117 80
167 123
164 41
25 166
38 12
29 10
8 124
28 122
106 61
25 63
83 168
119 127
43 184
77 140
121 144
104 15
16 166
59 85
103 186
106 95
49 130
14 91
120 73
13 34
114 41
61 133
181 70
140 186
123 61
67 60
85 33
61 39
190 174
49 131
34 182
90 71
21 3
142 186
35 160
174 70
21 80
61 194
199 100
51 179
141 119
171 182
82 12
33 164
12 111
19 107
11 141
109 64
105 43
109 124
35 118
130 125
100 69
29 184
193 10
24 194
63 191
113 35
117 180
181 99
137 102
154 181
178 0
86 129
174 117
25 111
157 96
49 50
34 139
71 162
61 116
148 8
15 21
110 2
186 45
112 157
119 72
17 0
148 73
97 156
20 28
162 169
141 78
14 42
72 138
78 184
99 72
67 131
46 89
133 151
99 47
77 109
199 99
70 58
161 157
75 178
79 100
29 146
123 90
109 172
49 99
184 2
9 87
106 185
15 0
109 192
8 73
148 5
29 130
152 124
137 43
80 184
10 34
97 90
53 125
22 72
20 156
160 184
111 26
14 142
41 197
136 5
86 8
10 97
198 100
34 84
94 99
189 90
182 185
120 89
92 21
149 24
72 31
23 157
62 136
13 111
80 111
72 122
79 149
165 22
58 148
117 119
195 187
158 160
43 70
197 161
122 16
121 84
117 123
169 110
70 192
27 97
125 33
63 34
88 123
67 88
130 27
161 8
68 169
138 90
15 167
168 32
84 177
176 170
109 123
125 198
106 63
5 179
20 153
17 25
123 107
56 39
183 137
158 104
128 86
127 101
7 27
125 48
81 195
124 40
188 34
46 148
162 99
197 139
21 180
90 115
127 128
37 139
184 26
94 0
183 83
74 109
116 9
17 181
76 127
11 109
172 55
76 0
157 194
66 174
112 44
48 168
79 114
0 192
137 110
130 198
4 19
186 1
94 122
118 9
137 16
128 124
129 153
188 19
121 28
99 179
181 188
190 67
152 19
63 128
165 69
8 182
90 104
151 156
16 83
199 7
79 196
83 27
111 179
127 58
182 128
55 49
15 147
40 179
15 56
157 103
140 191
82 144
19 175
7 28
125 66
55 77
67 53
110 99
11 179
122 81
104 123
181 64
155 149
78 38
79 160
51 140
94 86
139 18
29 100
192 137
29 116
173 176
188 47
152 35
60 176
63 17
24 161
125 158
0 139
79 118
170 125
103 84
126 9
26 97
50 90
15 86
101 169
179 79
153 55
82 13
126 112
154 41
29 147
42 139
96 162
52 44
118 156
16 187
32 40
62 100
49 16
94 29
162 6
110 182
122 193
187 27
199 22
112 53
179 73
67 156
100 167
127 116
43 84
9 105
53 70
137 11
13 72
127 168
73 109
75 165
26 107
88 80
10 158
140 126
173 89
26 101
46 91
112 164
136 18
97 54
77 136
105 194
191 188
44 173
177 124
95 133
122 130
124 41
131 194
178 164
28 176
68 138
141 189
179 137
132 44
199 140
169 49
67 41
119 125
188 93
119 100
169 38
139 16
142 156
140 40
98 54
91 72
89 70
109 66
28 150
51 21
148 166
167 72
79 81
194 174
136 153
172 90
109 194
143 184
32 161
181 147
143 57
174 133
33 32
37 178
0 93
13 178
120 138
133 49
58 136
57 95
109 25
144 59
195 6
41 162
124 174
72 124
118 148
77 90
0 166
184 97
108 49
32 106
126 33
188 97
75 116
169 15
181 44
0 3
43 196
43 46
37 59
24 120
79 56
70 36
1 114
3 176
174 96
19 182
110 29
136 174
59 150
114 39
184 177
86 115
136 135
186 51
173 25
99 70
137 101
138 12
24 123
130 92
112 25
58 28
21 122
38 33
62 116
160 188
186 107
182 161
74 80
29 8
152 139
187 26
141 74
72 130
116 107
98 46
64 9
121 16
142 162
189 80
160 80
98 116
18 160
161 125
181 180
57 35
120 27
21 11
101 72
174 24
197 130
65 168
46 136
5 2
141 86
185 39
195 106
168 71
15 51
71 49
168 40
133 123
56 21
59 186
26 148
109 167
122 166
192 115
22 123
14 79
13 175
40 89
117 82
8 116
16 53
75 101
150 176
34 156
172 188
120 182
71 80
18 195
139 190
116 111
1 39
188 18
13 130
184 194
28 144
161 134
114 197
27 119
155 13
79 32
86 105
194 126
12 63
40 62
144 160
135 32
169 159
125 126
106 114
38 40
38 68
176 124
187 73
57 60
128 73
97 57
100 149
84 98
30 133
156 133
27 142
177 28
45 62
82 127
11 75
0 95
71 43
124 197
13 21
136 98
141 137
112 56
185 35
116 128
32 195
184 37
102 141
116 44
139 141
33 107
50 27
58 32
7 84
9 85
182 103
185 162
161 94
104 187
139 126
112 147
12 140
188 6
108 99
46 198
81 62
71 26
94 19
75 103
188 3
150 174
67 6
9 142
76 86
137 25
55 154
194 133
93 10
87 124
173 179
183 69
93 114
152 43
155 89
177 114
99 150
160 72
151 169
98 176
122 45
79 95
102 168
111 157
187 0
144 146
187 114
25 93
77 116
9 78
80 155
44 153
161 150
89 199
156 53
112 121
41 181
106 87
21 155
174 129
62 101
150 67
113 104
46 47
106 157
23 124
74 63
154 38
115 194
12 126
72 188
187 14
71 14
21 74
199 109
79 57
70 104
18 157
140 114
0 137
64 14
184 114
158 12
59 199
16 136
8 43
108 194
148 183
23 112
28 194
73 129
29 64
196 13
29 40
150 80
32 66
27 96
44 100
80 35
6 106
112 170
118 160
136 168
160 140
12 76
195 38
73 45
13 168
103 112
47 160
132 90
86 64
143 123
43 146
117 63
136 190
107 27
9 194
157 160
165 29
116 155
29 46
24 70
194 171
180 156
85 137
88 168
182 115
86 36
19 46
0 99
106 162
172 46
99 111
44 91
83 67
83 125
159 186
46 112
62 75
73 180
161 126
191 35
49 76
128 9
121 161
63 24
147 70
147 46
94 12
163 9
100 31
169 179
0 191
193 178
117 161
145 12
38 175
66 35
109 146
92 153
27 5
37 100
33 184
94 13
129 33
190 155
115 150
75 172
146 86
92 186
98 188
130 43
106 1
9 133
39 44
179 44
57 47
62 66
78 25
8 99
191 138
166 156
133 2
72 8
155 74
83 99
37 38
130 54
98 199
31 188
76 161
12 181
135 182
39 166
148 7
197 153
160 4
161 86
94 80
153 127
24 17
90 170
44 151
16 23
56 125
10 73
51 156
0 42
47 35
179 167
59 107
179 69
136 38
55 3
148 29
123 114
94 16
194 36
162 87
24 118
57 128
118 188
43 181
138 103
4 73
156 94
113 144
174 27
124 0
19 88
127 67
125 19
62 180
65 10
132 59
44 191
63 26
191 165
156 84
77 38
113 25
89 181
94 49
136 53
17 27
169 30
110 158
188 149
71 195
18 19
29 86
27 118
189 184
11 57
171 199
45 0
170 5
159 184
176 51
143 14
49 30
73 26
34 110
168 147
172 157
116 21
152 29
5 180
153 125
8 79
80 178
23 186
108 116
127 17
130 70
79 88
172 156
45 127
39 157
25 167
199 159
195 128
82 141
176 140
14 184
114 76
80 125
198 89
181 143
13 173
177 32
176 7
176 186
63 164
153 114
81 138
28 141
44 143
103 24
75 76
153 26
0 57
198 141
143 55
102 160
174 148
171 184
62 54
186 110
46 61
186 15
129 140
157 53
33 23
140 34
61 24
43 160
46 153
111 112
158 141
74 184
45 90
142 137
152 199
96 139
6 133
57 74
191 25
7 16
31 55
19 154
179 22
147 176
96 127
194 62
22 9
14 170
33 15
164 12
184 195
140 44
184 148
69 44
148 83
169 24
39 177
10 161
171 179
195 193
38 2
169 90
120 141
130 8
136 106
28 2
57 87
89 103
72 55
135 162
20 86
107 67
121 67
196 41
16 52
90 194
117 198
91 25
134 15
0 120
155 162
21 71
165 199
108 176
109 82
85 13
181 145
103 124
161 82
59 6
156 199
28 142
72 174
137 157
139 61
70 38
62 41
173 168
109 40
147 14
193 80
150 133
18 14
179 16
176 37
67 100
174 8
131 181
125 25
124 93
23 79
94 182
5 185
89 84
172 169
83 0
3 38
38 147
106 9
16 85
195 30
44 71
125 94
199 23
19 114
86 57
14 192
21 63
10 132
46 115
106 111
53 89
163 26
148 35
101 162
176 65
14 134
43 108
9 119
35 36
132 114
169 127
131 80
104 38
76 184
104 47
31 104
46 137
46 157
58 169
114 164
64 122
113 174
112 104
136 76
125 7
81 179
160 113
106 199
4 140
54 90
113 29
193 55
62 147
185 124
60 133
29 47
109 5
80 192
191 174
162 152
16 148
159 106
89 141
163 10
50 153
7 57
15 94
124 160
24 136
41 7
43 163
160 119
10 122
13 162
68 62
194 136
43 111
178 57
70 50
15 83
105 195
176 31
156 47
43 73
65 16
114 181
1 54
167 169
72 18
141 167
141 127
124 57
133 41
96 79
174 170
164 160
138 109
67 63
32 12
43 44
84 16
0 1
97 124
168 98
55 166
39 163
142 127
156 194
156 2
176 112
50 10
125 184
72 85
197 70
186 95
155 88
168 118
29 7
189 38
124 132
114 51
77 155
59 112
137 161
172 59
122 111
195 50
178 174
35 1
185 110
32 72
169 166
120 168
80 127
26 166
140 100
96 186
179 75
84 137
5 161
167 19
148 101
35 45
43 161
185 104
115 41
157 145
87 176
192 13
183 122
143 140
75 96
107 155
108 115
161 79
89 180
160 94
139 38
13 120
97 155
191 12
140 32
86 82
54 145
172 186
150 0
143 46
9 170
173 199
125 22
70 2
95 24
75 108
33 144
149 33
44 193
161 105
56 72
38 118
194 25
93 80
136 79
91 89
16 147
34 115
44 7
57 197
155 150
19 76
109 170
183 119
194 149
46 125
40 169
44 147
15 163
193 183
136 88
95 183
43 97
5 56
116 144
121 199
10 114
73 61
103 99
13 63
14 44
47 0
67 54
44 199
49 7
162 14
179 36
1 110
180 127
57 107
150 10
21 27
87 19
145 86
133 50
165 160
23 153
38 172
122 43
31 44
157 183
182 28
9 98
75 7
131 16
106 48
129 67
44 106
182 26
83 70
143 174
24 140
151 153
49 172
186 137
12 194
9 0
4 174
33 52
65 100
24 25
10 151
197 183
33 160
107 99
57 36
9 160
125 1
1 165
67 73
190 123
189 109
176 32
127 46
75 115
153 64
52 24
174 75
69 188
125 122
182 7
30 136
123 38
168 35
99 14
47 26
169 103
135 125
183 133
136 66
141 121
99 142
31 46
46 56
66 124
116 39
9 48
1 62
161 19
44 41
39 66
189 199
88 178
164 181
186 171
3 106
122 116
126 29
33 191
14 58
52 57
181 148
16 180
74 16
24 175
80 143
171 33
73 72
145 90
112 64
32 18
22 41
32 133
153 74
19 47
83 12
85 75
185 122
62 14
157 73
125 127
124 135
106 65
124 195
179 121
34 104
86 95
3 62
195 119
43 123
135 181
55 112
182 104
154 13
54 181
61 55
73 27
109 90
172 199
159 137
178 24
137 57
63 94
129 5
130 116
76 112
187 141
84 77
39 24
6 186
66 79
72 70
14 113
112 109
26 122
114 65
16 108
86 178
69 199
39 104
70 39
89 178
179 140
122 99
120 80
70 3
175 39
179 128
75 2
47 184
131 13
9 58
106 138
13 83
39 16
88 195
141 70
24 189
85 14
156 76
10 90
67 197
86 113
148 69
90 154
122 124
133 148
145 14
75 89
162 40
79 119
12 124
28 160
26 8
134 160
178 48
38 56
56 114
81 86
7 39
109 17
110 111
3 116
168 183
121 80
151 35
128 59
32 112
19 124
72 121
176 168
102 162
40 104
174 2
100 125
75 189
145 184
41 136
67 140
75 66
32 178
80 43
41 89
137 19
125 192
55 47
8 106
28 55
37 29
79 158
82 0
79 140
187 75
76 72
178 161
10 152
25 56
115 52
100 58
62 186
151 141
191 46
183 192
195 16
84 133
125 3
195 197
148 120
19 39
123 50
97 176
122 197
32 52
171 109
26 67
144 76
35 60
35 166
174 112
137 53
38 110
106 51
15 41
59 129
28 140
118 140
83 155
157 181
146 100
0 48
192 181
69 21
113 62
178 125
60 54
68 0
3 140
156 163
20 155
79 41
116 35
0 4
110 149
177 116
62 168
16 8
154 194
181 136
166 137
101 25
140 57
48 114
154 25
46 178
115 99
126 116
27 16
178 116
121 174
35 26
142 195
101 5
100 19
16 176
175 116
170 43
163 41
171 157
162 10
35 167
42 84
169 131
173 63
21 167
128 160
60 138
156 106
66 24
125 70
27 8
104 153
123 35
90 61
9 23
48 141
44 74
140 173
163 195
128 10
78 183
136 110
68 116
188 130
72 14
113 117
119 112
129 10
73 181
153 110
122 177
196 199
44 131
14 106
66 115
1 63
39 34
157 57
127 123
43 1
165 172
93 12
122 155
141 88
16 158
68 39
27 100
52 10
166 136
8 125
109 67
4 86
184 140
133 118
80 139
112 6
176 139
144 105
171 84
26 27
35 21
160 170
33 88
72 102
54 91
107 16
30 19
197 21
47 63
168 123
63 0
113 141
119 0
10 51
92 160
157 85
144 26
117 169
194 15
195 73
160 152
86 118
50 89
186 175
49 33
144 29
0 154
130 6
160 179
189 155
159 24
139 82
0 163
8 38
85 115
133 128
62 125
74 161
183 72
132 161
183 172
105 133
162 19
70 48
12 114
38 58
112 128
157 167
38 188
38 131
195 23
172 44
27 35
80 146
49 164
81 130
48 186
84 31
19 43
125 132
51 24
117 25
95 160
72 126
155 198
91 176
130 19
80 148
28 74
138 102
184 110
143 86
181 78
61 182
54 99
172 138
130 66
156 127
101 16
159 179
138 95
173 122
20 0
169 105
112 98
64 133
115 68
148 190
114 175
63 20
161 46
47 136
180 136
100 175
173 39
106 99
2 29
132 130
49 82
118 90
43 99
63 92
86 72
141 85
49 65
125 154
177 199
79 132
78 28
178 159
41 160
39 11
59 52
185 21
109 133
110 171
57 80
104 61
93 104
144 8
29 119
102 110
54 118
165 152
150 114
5 160
174 175
171 169
80 92
24 179
184 25
123 145
22 168
178 145
89 99
139 187
194 49
143 59
55 190
44 56
173 57
180 57
25 28
160 44
5 166
74 5
115 23
137 49
153 124
46 188
138 16
198 14
81 9
25 10
140 17
116 146
173 55
115 0
39 38
42 115
101 116
79 153
41 88
185 79
179 135
9 35
62 5
147 110
183 103
179 35
41 37
122 186
89 57
55 56
67 76
141 185
119 124
186 133
162 126
174 68
127 188
46 38
64 104
148 146
94 114
30 90
68 54
81 165
195 199
75 100
166 21
41 27
33 156
184 175
153 82
154 137
148 32
105 137
139 97
10 30
162 36
182 113
135 109
92 156
114 88
14 146
130 171
21 2
79 148
126 186
106 4
100 126
89 33
68 195
95 104
187 90
126 169
73 104
184 112
164 186
116 123
81 194
123 57
62 183
0 167
122 12
90 141
138 84
176 99
178 189
9 186
161 108
131 195
54 106
41 190
99 64
183 156
190 54
156 174
124 108
179 26
74 168
179 61
122 25
106 170
20 140
7 156
15 66
56 19
183 82
109 140
117 69
160 168
188 27
120 140
30 178
46 99
72 143
86 87
13 187
105 32
124 3
137 89
65 137
52 43
39 90
94 35
125 136
119 104
183 97
52 160
168 175
143 195
5 84
132 84
152 116
123 180
73 13
49 138
152 178
154 155
51 199
19 86
111 104
195 85
36 99
166 199
188 63
176 58
33 106
178 179
162 47
171 161
5 41
80 33
168 72
125 11
166 110
15 159
51 75
25 61
186 115
123 69
153 166
139 106
81 100
104 87
26 162
131 35
165 68
27 81
110 139
75 186
64 67
186 68
199 38
102 28
19 34
136 122
136 117
85 106
115 20
84 151
119 194
178 28
174 161
117 146
136 159
84 20
164 62
96 46
92 110
138 164
174 15
75 141
39 118
41 198
87 110
195 24
0 106
115 7
110 117
116 17
111 89
89 11
9 162
141 147
12 118
21 47
75 124
156 125
132 15
55 182
117 59
67 89
108 195
45 104
94 27
181 7
153 159
161 1
68 14
89 29
85 79
130 186
110 48
184 183
81 115
136 8
138 9
163 165
124 15
22 90
0 112
13 49
192 54
93 139
12 53
175 75
102 140
185 57
179 116
145 165
32 196
111 29
123 101
20 27
41 53
163 27
64 174
186 145
61 16
75 145
177 55
116 195
183 127
77 156
115 117
125 10
41 194
195 80
161 127
54 108
5 52
7 161
188 73
91 109
9 20
113 112
13 159
198 67
73 22
36 127
3 27
73 12
99 182
75 61
6 182
160 126
139 182
49 176
134 75
75 123
0 60
60 156
97 133
179 85
75 184
195 97
123 79
169 25
85 182
115 183
46 72
178 144
62 76
114 25
93 186
130 189
72 93
148 91
136 82
18 29
199 25
39 135
115 171
122 14
117 10
133 110
143 33
35 37
84 28
12 47
78 41
193 14
153 121
78 133
84 35
61 153
130 23
178 36
155 22
82 21
163 160
173 116
127 124
79 26
114 110
104 62
33 195
46 162
198 57
124 172
39 108
118 10
101 80
192 86
90 168
9 91
38 86
67 25
46 7
157 71
42 100
25 150
124 89
165 193
97 100
137 82
106 197
165 103
157 169
116 120
80 171
157 20
73 177
15 45
194 8
101 199
19 117
178 121
49 124
73 166
161 166
41 146
51 35
1 33
124 63
80 136
112 124
96 38
14 186
81 5
110 22
130 162
129 179
100 163
157 184
67 23
84 116
186 198
104 94
75 64
168 114
32 65
23 116
125 72
49 3
176 53
194 158
128 176
63 146
84 66
55 123
124 198
43 33
182 0
138 198
162 65
24 83
53 169
29 151
84 176
184 109
10 186
114 136
149 104
104 32
0 97
107 110
193 49
8 127
73 21
86 28
148 179
124 143
26 29
72 33
139 31
124 142
18 54
173 112
91 67
184 138
169 95
62 7
67 187
155 135
43 179
79 182
21 151
45 80
126 19
123 162
129 15
45 38
13 67
39 183
66 70
77 72
103 100
15 70
176 148
10 146
168 11
55 51
117 104
137 48
161 181
194 175
98 44
104 127
195 7
106 193
65 25
168 113
43 47
54 79
13 106
127 18
169 138
52 67
16 106
5 124
19 141
32 60
23 86
183 198
154 39
104 109
169 31
139 124
9 19
150 104
147 5
27 116
6 124
133 149
194 178
53 123
72 194
28 33
84 178
80 90
167 115
111 57
181 94
119 21
127 33
38 102
179 180
178 197
86 189
167 14
14 171
18 24
194 125
33 94
25 80
134 54
110 86
13 65
63 183
183 15
5 169
193 130
14 108
114 155
0 145
165 96
124 161
24 49
4 157
35 135
123 177
131 24
71 70
90 102
93 137
55 73
161 50
197 35
157 30
152 161
134 181
5 118
182 67
126 73
84 128
59 11
133 136
110 115
162 154
49 140
117 68
148 110
104 118
195 91
139 117
73 167
89 147
38 22
136 167
195 198
44 92
188 78
46 11
148 134
99 84
84 46
86 106
101 24
196 55
112 106
55 24
28 51
15 43
164 14
104 170
62 145
182 3
165 78
57 83
16 156
106 36
183 1
27 43
130 94
82 72
182 158
164 21
38 34
32 172
155 49
43 183
122 147
117 114
16 133
175 62
188 86
39 78
39 6
196 59
59 26
174 169
116 171
120 137
39 145
15 145
112 28
46 171
176 198
107 122
151 104
77 124
31 0
161 177
161 175
25 197
35 199
193 104
33 136
167 114
14 153
22 181
42 12
112 84
132 100
136 69
84 64
106 10
39 13
82 28
9 82
88 161
36 104
156 40
43 110
138 32
138 56
197 148
195 152
84 120
67 20
29 65
56 70
53 26
53 32
178 190
139 12
73 196
161 39
38 116
9 26
76 138
46 124
55 138
11 161
109 197
72 105
50 57
195 189
92 122
190 28
106 151
24 107
79 11
169 145
71 169
148 149
39 63
56 160
82 112
75 93
162 61
32 70
140 70
160 54
173 174
82 186
101 39
116 125
140 130
121 55
28 151
57 21
192 155
147 73
181 197
100 196
151 138
69 19
158 156
116 129
141 101
110 46
32 90
91 33
37 141
81 70
194 22
8 183
124 187
194 76
199 28
3 41
185 155
20 138
125 6
40 122
55 158
199 16
64 55
134 141
104 142
125 102
183 79
104 6
132 33
22 67
138 97
52 133
44 187
34 148
63 195
136 39
20 176
136 89
109 63
45 28
115 190
180 125
127 134
55 132
54 117
45 153
146 28
57 42
93 59
71 186
36 148
84 150
194 192
12 13
54 195
188 135
105 138
117 23
49 34
169 83
130 31
20 15
169 69
51 41
72 196
168 64
126 199
170 44
86 167
70 41
63 5
199 133
179 49
183 99
99 174
148 9
181 51
96 156
75 1
90 17
158 195
27 59
116 54
194 164
188 178
156 54
81 75
26 93
180 130
15 191
113 49
127 50
133 193
176 43
25 37
129 114
12 171
15 151
72 57
199 115
160 25
77 106
50 63
29 95
157 190
165 155
117 158
127 184
83 21
153 59
161 18
51 70
38 94
5 115
18 174
72 118
66 141
173 46
13 96
91 115
105 139
6 99
90 98
128 38
127 35
61 184
109 187
13 97
4 10
28 89
148 2
37 188
136 57
26 103
28 109
78 10
28 104
1 199
26 54
28 62
45 137
187 15
115 125
27 10
75 22
163 117
154 54
199 168
84 88
103 49
60 179
130 52
115 69
10 9
107 90
17 75
104 192
172 28
80 176
73 100
130 143
27 65
86 157
135 19
155 102
114 157
191 155
0 88
188 147
124 9
144 74
189 39
109 108
120 99
120 178
141 32
4 43
104 44
172 19
163 130
63 55
88 110
136 152
33 54
6 13
90 31
189 153
84 24
188 152
160 53
2 141
104 53
156 45
181 19
135 157
184 173
137 91
82 148
46 0
5 50
29 169
99 22
62 199
66 5
157 67
148 145
73 175
157 110
55 171
34 162
99 38
125 107
0 118
90 121
55 199
90 36
70 108
29 142
162 22
149 136
140 45
29 133
73 105
125 134
10 43
70 103
67 111
153 132
199 96
115 134
139 76
36 155
167 178
9 134
76 174
165 149
130 149
115 175
59 65
108 168
127 135
22 183
42 59
33 3
101 122
59 154
23 89
25 12
122 152
197 155
157 92
149 27
137 177
5 0
49 17
159 49
147 157
9 89
166 140
99 138
8 156
61 199
155 164
46 79
153 52
192 160
24 155
149 32
171 90
178 181
116 47
146 110
119 15
199 2
27 42
75 47
198 75
181 104
163 90
143 194
178 170
1 122
155 195
141 143
21 121
159 21
89 196
96 115
169 46
168 145
39 168
139 132
193 75
9 60
101 179
0 67
190 138
178 182
140 170
181 57
199 190
26 62
9 75
153 134
160 154
112 9
19 25
143 139
83 63
89 22
180 162
125 112
167 55
79 193
114 23
67 14
52 161
112 199
165 164
169 64
175 153
89 175
130 78
8 46
99 96
57 4
36 0
171 148
162 50
122 179
162 31
183 196
9 25
114 199
160 186
28 49
36 139
178 154
143 54
185 114
62 25
173 72
115 60
49 102
55 80
1 86
177 99
106 155
169 125
106 49
116 105
20 124
32 198
4 63
30 148
93 29
133 73
160 22
45 139
74 90
133 26
73 164
19 119
98 117
25 46
47 179
44 128
125 181
3 26
90 178
132 127
106 24
57 3
161 158
80 54
188 89
63 172
139 89
137 28
185 25
162 183
54 104
143 70
29 191
176 86
125 84
123 91
50 43
182 53
45 10
25 141
129 44
137 135
184 103
96 137
90 24
195 157
49 39
174 160
122 190
153 11
167 28
198 110
0 142
12 160
23 169
153 19
140 59
141 179
150 184
8 57
40 100
63 100
44 59
171 183
168 101
185 127
25 121
19 40
12 173
186 64
110 126
41 169
55 91
123 1
138 137
20 123
193 32
58 162
125 183
147 186
126 43
89 2
46 104
27 110
122 139
130 154
84 62
130 131
156 170
178 122
78 125
59 13
172 153
152 130
41 179
136 28
114 21
91 29
19 132
96 106
138 19
9 102
73 49
178 93
86 88
54 133
73 85
169 56
143 32
172 26
38 32
12 137
155 133
188 166
85 32
124 78
24 26
59 162
52 73
104 68
121 99
27 155
57 122
119 16
172 79
117 76
136 140
103 133
123 122
15 60
6 90
136 1
79 175
199 52
35 18
99 34
71 38
163 28
186 161
104 2
157 182
59 69
91 38
142 39
183 75
190 144
2 84
78 0
194 14
151 140
117 45
129 181
93 70
131 21
184 130
49 146
15 115
14 78
199 18
23 0
110 74
38 137
9 88
61 9
33 146
72 151
116 91
20 46
51 89
110 167
122 114
172 43
139 198
60 112
63 97
106 196
28 145
122 109
12 55
174 6
133 27
21 37
39 174
116 10
134 16
153 135
120 130
126 75
40 5
114 80
159 32
182 50
116 185
51 195
123 128
188 125
67 45
67 175
10 82
137 86
72 92
33 74
167 29
59 114
49 142
133 143
28 159
157 132
139 165
132 32
42 169
86 96
59 134
52 117
162 12
6 199
174 32
122 38
12 130
168 46
133 57
106 62
162 62
24 129
199 13
141 53
61 112
108 160
24 46
35 102
70 78
82 29
63 141
4 59
61 176
190 137
90 197
195 82
178 157
140 132
164 161
28 83
46 174
160 183
44 186
13 161
39 196
44 114
116 161
10 71
162 134
33 27
52 55
122 144
47 176
112 186
163 38
60 181
11 148
15 76
164 29
47 62
77 168
1 130
130 177
117 145
74 137
142 32
126 156
157 113
183 107
148 37
122 95
189 160
174 151
180 72
152 157
83 178
27 0
159 112
80 19
123 67
137 127
64 33
98 21
118 19
140 5
41 112
169 62
24 91
176 85
59 43
157 90
178 151
7 70
102 32
182 138
148 138
26 42
54 28
133 58
173 123
63 123
27 40
130 3
73 92
28 162
174 82
13 129
99 35
112 122
62 153
106 55
157 155
9 179
73 198
103 5
48 176
35 10
9 165
96 16
96 25
115 135
137 83
91 63
25 145
54 38
122 181
42 130
38 47
60 137
99 57
176 55
129 165
2 125
53 116
29 101
165 132
139 191
168 163
20 137
21 38
13 30
99 147
132 116
79 70
165 66
198 12
103 137
166 160
161 12
125 92
43 89
107 156
184 126
115 189
85 43
115 146
139 118
109 33
19 111
121 86
52 183
67 74
38 89
125 111
39 103
121 62
112 130
31 178
152 80
28 53
181 2
13 70
150 72
46 165
100 16
127 100
84 57
98 104
179 119
157 89
4 136
188 198
0 152
71 182
123 17
54 35
182 106
71 75
156 120
181 74
60 182
13 136
62 190
62 179
136 182
157 22
70 111
104 50
97 178
138 136
141 197
188 36
90 83
25 15
199 108
5 154
18 104
173 109
117 86
66 194
32 145
137 175
174 197
148 147
64 176
20 33
93 182
4 38
100 148
28 38
158 148
152 182
100 41
0 13
152 5
125 187
11 188
39 75
59 184
156 100
168 189
12 146
126 62
131 54
55 37
35 3
146 199
116 135
73 169
72 192
28 15
27 177
151 55
60 75
92 137
14 88
183 18
45 168
112 140
124 80
39 199
178 12
13 191
151 161
181 102
89 63
137 172
37 133
44 188
0 59
115 92
140 193
86 147
174 163
147 59
12 33
167 122
164 0
56 184
114 115
107 194
174 102
129 79
106 174
90 0
163 99
46 170
171 54
46 195
141 176
88 127
43 0
162 107
35 83
68 127
77 13
15 121
122 52
155 170
59 180
54 92
131 155
89 0
13 124
90 46
161 131
61 141
46 75
125 149
80 47
76 183
164 127
181 52
55 70
123 37
94 14
173 138
60 160
73 146
169 177
151 100
188 111
177 79
108 63
182 41
12 91
198 148
79 71
86 2
144 142
104 161
26 177
18 16
139 150
70 87
31 62
156 86
50 168
59 7
2 160
63 56
155 38
55 155
57 10
88 70
66 176
62 193
94 32
141 148
57 59
24 113
43 182
140 146
176 50
109 19
88 194
137 195
0 54
5 3
176 73
0 105
32 181
118 75
169 187
155 92
21 187
110 154
93 138
110 119
35 194
137 109
119 10
64 194
140 194
138 157
22 130
98 133
119 155
9 111
104 1
38 176
146 46
136 142
187 25
95 124
26 68
129 0
116 181
146 35
54 43
82 80
110 98
78 195
86 22
73 34
19 115
77 10
139 19
105 176
0 194
102 46
166 79
198 140
165 80
134 70
65 153
71 59
22 156
79 130
7 141
21 198
161 28
49 12
133 190
193 138
139 168
41 36
144 140
89 184
100 22
158 99
132 12
61 0
139 10
61 38
84 107
131 100
172 168
183 94
167 75
129 55
106 74
128 13
103 13
62 184
162 117
129 186
134 155
43 66
76 14
0 79
182 184
187 176
99 85
179 58
24 47
119 35
174 0
54 39
139 29
195 79
0 8
27 14
70 14
0 22
74 176
43 83
13 69
130 129
142 199
28 185
158 124
110 51
95 27
7 124
116 79
123 5
123 95
62 4
68 5
59 90
68 153
32 183
190 79
174 36
99 157
124 199
111 73
42 184
140 0
93 161
23 139
178 136
192 130
64 21
28 67
95 39
170 54
167 43
1 153
108 55
59 155
183 158
184 32
130 99
26 141
33 47
33 26
78 112
79 93
21 148
14 123
104 4
64 127
169 91
139 120
110 125
90 33
122 194
38 127
80 1
54 45
43 197
14 28
24 191
69 5
59 151
181 195
66 19
175 5
133 125
24 158
177 115
88 12
70 163
25 92
149 80
147 140
165 86
27 154
199 20
22 62
51 188
153 42
197 14
155 199
26 75
63 62
111 33
116 22
5 156
51 59
186 149
18 130
185 178
124 98
99 175
138 180
98 27
86 184
162 79
135 139
4 54
44 1
195 103
147 33
93 123
33 158
157 21
195 69
27 76
84 0
80 154
57 13
72 116
125 144
133 44
55 105
183 47
51 72
27 88
194 17
43 164
70 151
137 99
199 72
106 181
177 72
97 115
59 84
100 72
100 53
15 88
83 26
110 63
110 177
7 12
41 12
57 27
140 106
110 67
171 127
153 88
122 171
104 48
194 142
33 176
181 128
35 189
50 115
161 68
79 187
3 72
162 68
62 166
137 71
69 99
159 194
59 73
81 21
35 104
14 7
58 25
59 48
3 46
107 130
3 79
106 21
137 133
150 188
77 130
90 144
152 140
171 124
125 168
123 58
190 194
106 7
174 16
168 9
36 43
189 16
89 194
111 183
69 80
186 100
189 127
67 120
168 60
18 39
89 108
143 63
15 136
43 31
144 106
91 130
80 66
42 28
62 174
174 73
148 182
33 169
22 138
8 90
13 16
179 172
38 84
170 27
140 92
115 122
183 48
63 57
20 160
116 11
21 125
60 139
63 116
140 185
156 113
64 157
88 100
26 176
104 184
84 19
114 103
27 122
79 170
179 33
157 186
83 179
31 86
117 192
162 121
140 142
24 68
106 188
26 80
114 77
80 185
50 184
158 44
84 184
129 32
143 188
16 114
199 42
99 65
119 168
131 140
108 117
107 188
178 168
74 130
126 14
174 50
10 105
158 59
8 54
88 115
84 145
111 140
106 5
103 160
36 39
86 120
73 194
159 41
139 147
33 120
125 77
106 149
173 33
104 154
47 117
29 196
109 97
2 79
5 134
36 117
198 106
155 78
125 142
100 165
139 112
84 95
26 6
43 32
100 116
84 70
15 100
164 5
136 96
195 10
126 90
132 123
0 51
38 1
179 165
113 70
44 27
126 130
16 190
103 43
137 51
156 46
140 9
8 112
143 100
4 199
4 110
186 12
40 133
184 141
75 52
29 141
146 38
132 155
13 44
4 16
141 42
180 161
59 38
86 190
13 164
55 87
60 178
64 39
54 193
87 99
117 4
122 198
185 55
112 38
195 89
109 177
44 19
19 160
188 5
26 7
38 120
123 183
45 70
187 115
26 41
19 143
59 194
199 21
196 182
191 70
96 73
44 23
100 99
100 173
49 78
160 78
21 162
52 25
181 1
165 7
157 75
109 52
184 166
49 166
44 45
26 61
93 176
97 79
35 165
35 163
76 148
31 70
6 43
32 127
137 128
57 152
19 150
142 21
153 170
32 119
157 44
144 41
117 56
180 176
176 162
99 13
9 184
137 87
72 80
67 37
186 89
125 30
79 142
166 157
39 129
30 183
75 151
60 186
105 178
26 105
179 187
12 9
136 170
65 115
104 141
55 144
106 81
39 139
51 141
183 173
49 192
66 63
22 174
98 89
135 27
58 27
103 29
11 26
5 94
63 161
5 80
111 136
174 31
65 14
48 73
122 93
133 42
162 156
21 68
136 6
9 193
199 53
185 10
143 73
178 49
152 155
49 42
72 182
137 5
174 184
9 45
155 101
173 162
63 167
79 77
147 114
70 9
32 86
35 144
195 126
199 88
21 127
112 165
21 45
183 146
121 176
55 9
173 9
120 127
43 109
194 56
138 168
80 140
76 181
199 87
130 144
99 90
9 80
133 127
141 65
12 183
189 139
5 1
134 24
91 57
141 129
57 24
142 168
154 14
126 84
113 15
54 69
166 109
51 62
70 136
91 0
194 71
84 52
148 130
121 41
36 10
67 195
31 148
103 14
170 139
129 70
101 33
182 64
55 169
9 151
144 86
140 110
141 163
194 124
10 134
34 114
90 25
138 69
90 55
118 25
49 173
121 38
141 152
170 165
155 194
160 191
115 30
68 140
183 51
127 1
12 107
134 156
127 197
188 182
87 139
29 78
18 41
59 9
17 43
34 62
4 84
188 0
25 16
144 5
70 102
136 86
175 32
79 63
36 176
188 121
48 79
194 30
119 49
157 198
133 3
45 84
16 151
35 64
73 193
179 12
150 169
104 110
195 132
156 66
137 113
90 159
73 135
190 0
112 195
155 142
41 186
15 180
89 169
30 15
162 175
14 81
162 42
164 179
70 44
32 109
30 109
65 89
19 149
117 91
176 79
144 32
62 50
27 78
139 15
154 138
104 169
95 63
36 21
28 114
119 176
12 129
26 173
39 105
26 0
102 127
193 26
187 133
111 84
74 14
163 62
155 147
43 134
158 39
48 199
63 38
94 24
88 186
110 143
117 125
162 48
156 24
122 23
9 196
176 90
140 175
6 100
102 29
80 168
10 11
179 96
99 154
26 45
114 161
58 183
118 14
13 117
130 32
90 44
5 162
144 54
173 137
56 43
19 37
66 182
45 19
141 69
24 77
54 155
70 82
94 10
70 52
183 68
24 133
2 138
147 39
121 100
183 33
139 63
7 140
89 101
41 147
99 67
171 28
86 133
184 41
75 177
99 170
40 137
46 74
4 138
188 186
74 182
88 138
149 99
148 41
82 194
15 156
191 100
84 92
72 171
110 85
59 62
176 155
139 77
28 174
73 151
115 147
186 114
128 169
184 186
127 114
39 53
148 10
58 59
47 84
116 94
155 163
14 55
86 55
131 9
141 191
183 74
25 156
33 148
105 140
134 27
123 165
188 175
139 134
84 68
128 100
69 116
5 82
182 23
181 61
10 55
41 170
155 58
46 51
169 175
62 2
59 86
75 79
169 112
178 38
168 166
49 154
181 45
159 33
89 142
92 28
135 165
127 98
124 24
99 9
85 44
64 116
110 13
33 108
17 157
39 121
174 87
198 99
165 119
72 136
130 109
63 60
144 70
35 78
122 146
137 182
195 2
107 73
16 172
56 109
146 90
188 57
46 121
99 195
178 142
15 114
112 148
195 134
175 112
96 84
139 128
105 156
31 33
16 105
21 182
17 137
29 181
67 134
59 67
15 53
46 67
88 24
80 166
162 132
161 95
10 108
100 0
119 174
80 161
156 112
49 14
75 155
37 109
39 31
21 128
72 172
91 122
120 112
89 19
45 162
159 183
148 74
109 29
62 23
14 105
198 0
188 141
138 44
62 33
20 89
145 44
94 67
101 109
20 55
56 156
165 99
138 174
184 35
29 125
80 50
21 138
5 9
75 99
194 179
65 15
92 184
37 160
82 122
148 104
137 27
194 13
183 167
129 99
109 81
137 185
35 137
181 156
85 125
4 26
24 80
82 162
121 139
55 21
15 102
58 16
3 63
68 46
155 76
109 88
114 30
29 192
168 78
134 63
143 116
56 115
55 45
153 39
24 151
124 179
1 29
27 71
8 12
75 149
24 0
85 5
151 19
44 82
154 184
132 181
153 54
33 192
171 140
121 124
122 86
181 50
19 74
30 39
131 186
67 171
67 144
67 81
112 101
107 0
192 44
179 104
125 88
24 58
41 90
49 188
38 107
166 10
131 89
131 5
114 87
103 104
196 28
181 101
137 22
73 117
182 174
11 9
133 12
157 168
190 63
199 57
185 138
150 43
183 66
178 180
176 149
51 194
162 143
35 14
160 155
66 28
18 155
157 180
123 98
130 141
137 148
137 196
165 180
22 29
62 131
103 179
112 182
146 176
173 194
86 39
112 62
188 84
84 81
165 50
42 137
106 91
40 43
172 178
110 131
196 35
52 182
152 174
45 184
137 75
172 70
191 115
83 181
160 167
53 13
76 39
156 173
116 106
151 109
188 91
51 57
8 59
113 155
27 64
117 159
31 35
177 104
3 181
9 92
110 3
178 29
60 188
101 9
162 66
90 23
61 70
109 102
10 176
139 149
32 115
188 194
179 110
55 131
3 148
7 55
180 43
66 127
93 181
148 123
159 174
153 98
61 117
180 0
0 64
137 117
16 79
138 194
32 147
35 70
150 179
42 24
27 82
94 72
70 142
13 36
44 178
100 109
154 115
194 65
49 184
199 37
126 13
117 9
50 38
54 66
35 181
141 174
148 121
142 181
67 104
106 101
20 16
81 13
146 112
178 110
161 56
89 80
165 8
195 44
107 79
190 112
138 145
77 9
169 79
108 123
13 198
112 132
157 60
179 106
102 182
170 21
29 182
131 141
179 2
67 164
131 10
46 144
141 58
162 2
179 138
145 16
5 70
140 161
118 176
114 85
133 87
170 169
141 142
148 1
18 117
15 162
172 127
178 6
13 134
149 46
44 47
130 48
23 161
188 189
68 179
113 73
174 93
119 130
75 197
57 192
104 5
182 81
153 93
130 182
151 122
194 84
93 14
148 23
105 5
104 145
48 27
34 72
5 24
103 62
138 98
35 100
59 35
107 39
145 100
121 122
54 75
39 132
108 12
183 96
198 80
27 146
41 76
142 86
47 130
100 105
64 139
117 194
109 15
4 148
68 80
149 25
141 67
149 178
141 94
111 123
117 195
155 156
118 186
197 115
186 155
46 186
73 160
57 131
51 127
198 127
138 61
120 21
65 117
116 102
72 190
120 44
29 108
90 192
16 171
70 122
26 5
49 70
60 161
44 17
135 25
64 140
195 49
177 44
119 80
59 136
76 43
57 58
96 194
161 20
15 38
78 186
80 157
125 4
124 114
39 45
174 165
89 150
32 131
108 148
46 120
10 124
180 44
171 26
84 8
135 161
116 151
186 150
142 184
55 128
91 184
109 26
199 197
5 46
182 91
120 16
176 175
155 50
135 70
178 7
138 192
39 100
58 178
27 92
122 48
156 167
27 159
166 138
18 38
138 59
166 182
99 194
0 102
175 156
2 116
25 31
32 98
84 13
115 121
42 157
41 167
123 19
148 107
12 61
49 190
155 10
153 60
0 87
2 136
156 168
23 70
76 80
21 129
178 59
73 137
165 147
21 61
50 178
180 183
92 32
174 42
26 150
179 77
167 57
14 34
49 107
71 174
100 194
49 180
146 182
184 172
168 130
141 18
156 153
48 21
172 62
195 129
15 22
36 112
87 67
153 32
65 39
38 13
94 89
15 44
99 93
62 118
116 25
86 131
12 123
25 105
48 38
189 181
79 78
73 11
66 49
98 5
42 19
72 37
140 145
71 109
77 127
95 162
84 80
27 128
157 81
176 161
112 39
55 19
130 37
157 5
19 81
108 179
16 164
149 199
171 137
63 28
48 181
20 54
57 163
57 48
165 144
107 70
57 101
177 13
138 0
160 90
57 40
67 114
20 122
153 122
94 21
19 29
138 62
68 79
117 153
141 22
90 11
26 131
137 147
93 84
149 9
13 43
67 155
178 1
141 99
69 153
171 106
168 54
119 115
181 10
67 133
36 114
5 43
79 5
154 124
59 20
0 75
138 14
114 74
115 53
162 70
174 13
35 106
1 28
65 70
106 71
86 197
171 168
178 175
99 77
110 41
67 146
73 189
194 197
129 49
151 14
86 158
39 179
60 16
60 80
155 85
14 157
87 112
135 9
110 106
157 125
195 52
33 10
39 21
10 41
25 163
155 127
123 144
84 105
144 15
179 183
139 188
198 84
132 73
25 36
9 172
21 176
167 137
0 165
78 161
165 156
91 73
180 55
172 125
92 141
195 93
2 13
35 49
151 162
120 14
37 195
72 15
194 111
195 86
35 73
125 63
69 0
150 70
62 155
57 81
142 90
91 10
89 160
0 2
179 107
46 199
162 148
49 148
68 168
186 66
156 139
116 142
155 187
28 97
6 109
55 122
42 188
26 181
0 58
125 32
139 20
4 141
72 187
153 147
41 152
104 116
34 15
54 27
167 16
73 19
68 182
176 22
33 67
25 181
110 79
10 28
165 194
162 119
54 161
92 112
191 89
110 12
29 105
74 24
196 33
96 26
23 46
148 153
28 179
134 178
100 176
94 174
122 80
24 193
136 187
110 152
35 61
160 49
100 122
41 25
75 97
28 19
135 46
25 176
175 72
54 136
100 57
27 132
55 66
57 166
4 24
39 159
152 179
171 15
113 38
179 156
182 193
46 4
89 197
173 124
124 110
49 199
154 186
107 80
19 121
38 141
77 183
78 123
195 149
40 86
169 27
121 184
192 27
141 13
35 174
142 35
71 13
139 83
16 130
141 181
24 186
79 89
92 182
50 148
3 117
140 127
125 171
73 24
155 72
67 174
0 184
198 49
183 13
178 199
133 91
8 117
91 112
79 52
162 188
116 92
33 95
164 133
84 167
165 38
28 96
32 114
167 124
139 158
15 59
138 156
128 174
140 188
5 117
73 122
44 73
94 162
160 187
18 109
32 27
117 96
165 16
103 139
64 5
128 14
84 179
125 50
41 117
123 141
135 183
65 33
182 192
156 177
161 148
102 67
162 164
80 158
168 174
21 163
4 35
47 5
86 11
38 156
176 154
83 122
121 181
115 144
57 121
122 9
166 176
133 7
55 57
31 157
127 90
25 35
143 179
191 90
46 105
49 6
16 112
152 12
67 42
79 191
133 25
41 31
14 43
175 35
49 152
0 25
132 62
131 123
88 13
73 134
121 13
144 23
162 122
73 165
147 144
100 142
119 99
24 37
0 6
187 182
179 90
36 130
111 5
114 90
63 98
91 139
102 148
112 70
16 132
179 25
151 38
38 162
115 151
175 125
10 66
15 140
171 21
67 8
55 6
105 124
67 66
148 44
80 34
35 74
181 68
1 157
174 122
27 53
70 119
87 130
182 175
11 106
34 27
120 63
107 55
34 106
178 156
29 13
184 196
106 76
26 106
159 100
127 14
77 184
140 86
5 4
54 50
72 6
149 16
12 64
116 66
173 35
89 92
79 197
31 194
91 99
3 44
143 165
140 26
47 181
42 165
17 5
87 54
111 148
108 0
32 8
169 147
43 133
136 147
179 64
27 175
120 28
113 127
65 140
35 110
181 107
171 39
148 188
36 115
127 26
56 136
30 106
0 130
198 10
169 45
123 85
44 97
33 0
123 62
53 54
140 183
127 138
9 30
63 8
133 82
70 128
100 106
183 0
188 2
10 12
70 63
14 0
10 6
157 29
139 28
158 176
60 183
170 186
109 165
140 190
79 69
196 139
148 56
5 90
184 82
173 24
12 190
62 42
177 21
17 165
43 29
141 33
147 25
64 115
19 75
59 195
137 41
152 133
180 112
120 57
177 86
17 122
109 152
1 140
155 108
99 39
47 114
175 10
115 104
41 141
124 68
122 8
72 179
183 86
110 70
4 12
58 21
72 191
167 194
190 70
22 25
91 104
127 147
174 26
141 96
162 182
85 24
159 133
155 124
60 46
137 114
48 25
178 187
168 112
162 158
13 143
24 135
103 141
139 172
162 23
129 176
76 169
2 72
21 140
161 107
87 27
79 35
62 17
90 78
56 62
149 41
113 9
19 64
84 102
110 194
101 186
130 128
38 159
161 59
26 30
54 115
127 148
169 96
137 39
116 145
117 184
105 106
116 157
25 180
12 134
127 91
11 62
66 104
177 9
39 59
162 3
4 67
11 195
115 142
193 137
181 187
141 164
14 48
84 23
50 14
67 106
90 155
115 74
35 68
16 155
9 18
42 55
87 157
190 90
97 70
86 79
195 53
28 173
65 139
50 21
104 81
80 64
194 2
79 43
116 85
25 34
161 98
59 145
75 90
36 33
162 131
119 5
20 110
162 7
194 74
106 160
97 32
69 181
127 42
147 55
2 182
63 181
130 166
44 48
47 41
83 72
150 181
116 194
83 80
84 49
154 33
4 72
188 59
138 152
51 38
46 97
20 184
63 51
106 45
27 176
125 189
148 12
74 27
52 15
30 165
88 26
104 176
158 89
142 183
37 115
41 80
114 9
97 168
161 170
57 190
40 112
160 45
20 195
122 128
166 72
127 79
84 153
14 168
176 179
75 156
16 111
109 3
163 73
110 84
156 109
113 26
115 80
11 104
148 20
117 21
80 79
33 61
86 97
114 142
160 196
110 30
192 178
184 98
14 175
52 9
108 112
100 183
37 9
142 16
26 152
29 75
136 35
45 79
73 145
63 177
190 44
26 2
36 122
182 82
176 23
92 169
192 75
12 43
33 63
127 94
127 37
160 68
111 141
81 16
128 136
149 156
148 86
136 31
168 0
41 131
59 159
179 155
145 114
125 160
146 178
67 183
146 106
115 162
139 116
19 27
141 153
153 7
70 100
56 28
75 132
115 166
125 28
75 91
33 178
89 102
100 93
180 13
24 65
39 20
173 10
116 96
169 74
28 60
83 10
34 29
161 92
165 187
50 114
164 137
138 25
15 118
70 27
25 87
87 26
91 124
117 38
73 130
123 186
84 65
13 184
88 57
104 8
169 7
109 83
100 36
168 190
39 92
79 91
130 127
141 182
161 195
141 35
167 46
44 40
182 65
77 161
159 89
31 15
2 176
150 29
98 195
112 177
100 182
141 116
9 44
134 49
72 23
110 73
168 198
34 160
106 123
29 117
100 98
12 0
148 27
172 116
67 43
97 123
147 54
84 186
182 145
15 192
57 49
0 157
60 195
172 67
53 186
194 68
25 49
145 70
160 148
76 179
162 57
44 156
195 168
114 61
55 75
165 53
172 155
64 24
68 155
10 154
72 0
80 105
163 59
149 38
77 59
197 73
160 74
137 199
25 32
55 43
145 130
32 190
40 0
178 16
21 165
146 72
72 140
191 153
112 192
16 124
193 117
89 140
110 94
31 122
40 127
79 167
114 4
53 99
127 48
36 124
195 26
134 165
126 136
54 125
12 113
99 190
161 48
57 69
1 15
168 28
6 5
116 193
198 28
68 90
179 132
44 167
31 114
188 126
116 165
144 16
183 105
84 180
163 114
186 35
132 49
80 142
158 72
168 106
85 148
73 156
117 101
17 160
107 29
104 166
29 48
57 31
176 35
123 82
46 48
59 181
75 21
103 155
182 62
93 115
67 38
122 191
58 29
5 128
1 27
139 99
92 133
108 140
168 43
21 8
16 123
111 195
127 97
142 165
194 137
191 183
92 100
38 24
121 114
155 12
32 171
78 5
108 157
94 75
141 177
5 31
186 25
89 105
123 7
109 0
192 84
27 129
75 154
147 35
118 59
123 60
143 9
75 176
40 123
140 192
100 141
162 113
148 42
174 91
165 25
188 184
100 184
142 73
39 150
99 45
86 69
25 123
28 147
182 190
187 38
158 136
128 178
13 79
160 138
174 38
174 118
188 54
53 44
0 111
55 101
119 73
5 77
32 199
92 67
81 15
13 169
176 184
19 6
97 12
33 130
123 121
77 70
148 157
183 4
51 84
24 23
39 12
117 157
85 156
100 130
86 170
184 193
26 125
123 21
114 46
84 21
156 78
169 153
49 118
4 28
150 178
25 192
45 49
13 163
199 33
55 163
28 23
132 70
169 20
30 73
116 114
114 62
159 188
9 161
38 134
63 166
170 168
163 194
88 55
137 31
189 32
54 187
67 79
52 29
63 77
83 44
53 21
116 189
127 86
11 14
49 21
84 79
137 29
55 141
56 84
149 168
117 116
22 43
62 198
86 199
51 148
99 172
194 1
199 45
99 88
12 165
178 69
182 51
176 115
163 184
124 44
20 13
80 113
25 131
40 144
184 105
31 27
173 136
93 112
27 72
46 82
121 26
133 23
190 100
183 38
184 53
134 79
16 37
44 110
160 64
42 114
151 41
62 167
115 73
161 160
102 80
75 128
169 26
171 13
104 43
15 164
133 13
107 46
193 100
170 16
155 45
73 56
109 53
111 59
51 44
188 120
165 65
51 122
113 21
140 165
106 56
54 172
141 17
184 118
144 195
71 115
109 150
122 176
168 121
44 115
141 40
86 132
32 166
86 51
188 179
181 0
24 34
90 195
179 198
111 133
3 39
2 139
79 131
177 168
136 68
156 27
87 181
15 2
159 123
46 87
88 43
163 16
196 169
73 80
145 35
8 178
162 193
104 163
141 108
110 175
159 162
85 27
172 140
169 47
184 169
0 114
8 114
85 28
186 144
105 112
60 100
6 44
127 192
67 148
160 1
29 62
131 184
10 121
164 55
194 94
198 72
72 115
14 165
115 29
127 107
33 14
89 18
32 188
99 148
110 187
43 100
12 196
14 178
140 96
159 161
70 173
164 44
55 0
188 62
139 186
72 53
32 73
183 153
185 109
65 67
55 95
64 136
125 5
193 109
41 120
101 14
192 63
129 109
68 106
7 43
96 160
192 89
41 113
153 33
188 124
169 66
90 9
188 174
195 41
3 99
155 57
168 117
22 16
66 99
158 169
179 130
109 196
199 15
84 75
8 153
84 197
166 33
16 135
134 86
197 28
76 59
84 127
149 73
183 104
179 21
188 173
87 90
84 196
116 197
136 179
93 33
3 73
0 80
133 176
80 144
110 188
121 140
171 25
82 168
63 71
61 27
62 96
55 44
139 30
70 161
155 11
14 174
14 119
169 57
38 158
37 124
118 43
135 72
112 68
44 134
157 95
167 181
196 174
145 5
182 172
11 70
104 92
78 140
100 4
137 72
199 193
148 38
110 151
119 106
133 140
41 188
127 159
161 143
75 170
132 199
40 13
182 24
50 44
156 30
22 182
86 37
60 24
42 44
6 141
46 85
110 47
194 43
67 19
199 8
51 124
15 110
114 18
184 22
10 85
10 164
162 30
177 38
63 197
166 155
8 176
4 156
122 187
195 48
25 40
132 109
190 43
26 160
100 24
100 114
180 33
113 140
153 150
102 114
26 104
8 19
11 122
98 26
12 86
127 121
32 173
199 158
113 79
19 144
37 43
6 148
159 104
140 94
82 124
57 129
154 112
179 7
130 191
70 57
198 29
116 33
158 137
183 188
100 152
55 4
132 148
20 117
84 175
0 132
29 3
44 118
13 170
156 11
160 101
122 24
116 73
61 89
49 0
137 124
16 77
44 171
191 136
49 36
165 37
149 86
14 63
54 140
116 30
105 153
92 24
45 112
100 115
17 84
104 195
130 190
32 11
112 134
195 35
36 16
62 64
121 130
58 157
91 110
121 54
55 194
34 178
152 55
140 162
39 131
43 98
71 5
158 109
69 90
53 49
147 133
84 149
34 12
37 49
104 16
57 161
123 147
7 114
14 136
175 199
26 188
39 88
43 42
123 80
127 112
12 46
114 180
96 110
32 96
169 35
78 16
36 46
185 148
151 127
52 174
168 197
33 87
33 175
10 194
195 25
15 77
130 15
19 92
143 24
4 169
140 61
182 14
6 35
60 59
181 85
199 180
44 89
181 166
26 145
135 148
6 32
165 178
99 123
140 128
128 188
130 90
13 109
123 174
9 33
184 111
124 59
86 99
32 49
90 38
18 168
63 187
95 141
87 122
120 70
102 165
169 70
140 196
27 101
114 60
17 57
16 128
24 75
154 67
118 136
44 64
40 153
56 141
164 123
62 92
168 169
167 39
97 14
40 9
49 115
46 15
107 9
194 95
101 174
198 165
17 72
112 1
122 172
135 106
42 123
153 167
89 179
49 191
133 130
79 50
14 9
47 109
22 115
134 199
188 105
199 162
132 138
161 17
12 79
138 165
117 31
153 37
67 184
107 133
133 197
72 62
138 146
122 76
171 75
174 153
181 37
130 80
122 143
10 72
190 75
12 70
168 111
120 186
21 60
100 177
55 191
116 176
172 25
40 12
156 48
41 20
61 188
72 149
80 4
191 104
185 86
62 105
161 37
66 12
5 139
15 26
17 12
88 148
197 32
27 90
44 65
73 112
182 180
191 109
53 179
86 33
48 49
174 86
110 7
176 132
162 73
94 44
51 155
96 70
7 160
143 156
168 124
28 99
133 38
35 156
102 13
144 51
130 111
181 149
26 51
181 66
110 76
31 160
176 110
176 29
188 56
63 154
162 189
34 141
187 184
153 17
63 105
123 110
103 35
5 181
142 25
93 140
94 157
89 153
120 12
109 106
104 171
26 191
135 99
101 70
22 133
42 63
1 19
138 54
95 46
182 197
14 36
113 90
110 130
189 9
63 194
186 67
119 140
169 111
145 153
20 99
148 63
103 181
44 35
50 186
30 24
0 41
141 155
140 149
178 20
119 38
86 180
189 174
20 79
198 136
55 104
6 140
124 45
73 121
138 158
85 12
176 12
125 17
29 57
151 125
156 79
116 192
135 186
68 41
63 58
188 132
188 64
29 161
181 191
61 29
34 33
21 107
160 65
188 14
72 21
48 148
112 95
148 193
120 9
195 95
156 87
128 67
181 198
52 26
170 133
170 59
10 13
40 41
199 131
2 55
145 194
109 55
118 116
157 26
38 152
23 49
29 153
162 138
189 41
72 89
24 141
157 93
130 55
181 9
176 196
70 139
57 127
124 175
27 167
155 91
49 51
110 78
80 28
61 49
54 191
173 133
33 92
48 63
41 127
195 130
93 49
19 173
92 139
185 161
28 164
91 16
41 55
195 17
2 16
76 90
173 5
42 79
138 189
66 199
59 139
13 138
179 105
75 15
72 165
35 56
189 156
28 44
153 138
164 139
130 157
58 12
109 61
28 31
23 14
16 11
159 70
17 35
147 182
151 199
115 172
21 77
178 43
141 114
110 108
180 124
181 133
127 53
193 90
172 80
179 100
46 113
138 18
106 186
133 146
95 148
106 190
164 59
109 92
58 46
139 160
127 65
199 93
138 92
31 144
147 138
122 58
82 115
18 62
26 39
192 156
63 198
38 95
57 77
187 137
133 21
27 164
127 122
157 33
155 109
15 24
116 50
10 67
174 11
26 168
109 49
74 89
123 23
162 60
68 122
46 145
29 122
189 0
92 14
156 131
62 185
14 121
137 189
129 148
79 180
49 26
153 137
38 181
89 49
1 188
85 26
132 5
64 49
169 93
163 79
15 105
12 74
63 179
192 169
168 153
14 199
172 160
11 157
81 43
191 133
180 29
32 150
56 178
0 170
70 91
97 199
148 22
192 123
182 5
0 101
2 39
195 100
123 76
10 137
118 124
32 41
34 184
16 6
5 32
74 54
83 38
66 139
151 49
184 162
125 197
138 77
165 157
160 137
56 29
41 176
15 12
10 49
161 123
186 105
46 182
158 90
130 164
165 52
155 93
136 188
181 71
19 155
7 112
99 166
70 171
153 9
194 103
82 140
176 193
156 81
104 82
63 30
44 144
80 22
19 14
63 185
62 176
5 57
125 31
179 88
174 149
96 39
62 171
169 1
75 147
123 119
110 112
99 68
13 107
14 15
99 117
86 48
112 43
178 169
189 106
192 153
45 123
93 194
135 49
19 116
163 182
57 56
153 164
41 24
35 124
112 99
80 103
155 86
162 24
29 112
133 117
136 192
20 165
190 127
176 4
27 124
63 41
39 77
186 193
106 15
41 138
73 138
180 24
39 28
169 108
12 151
27 37
84 166
190 165
10 64
101 100
100 108
99 21
125 36
186 166
49 125
156 190
118 179
199 75
109 2
41 45
80 65
56 195
153 109
44 68
12 199
90 112
1 133
54 177
95 156
21 147
108 174
163 19
135 169
19 78
90 56
9 175
181 49
25 45
13 167
16 70
55 22
67 153
137 97
5 184
33 66
30 67
110 28
182 58
133 167
160 76
9 84
153 2
174 58
128 162
10 147
84 3
165 95
41 83
184 134
15 54
148 64
180 110
184 96
137 13
48 33
75 25
178 15
142 110
16 68
115 184
62 187
58 188
23 15
90 106
51 109
56 199
9 156
112 52
6 89
135 13
119 67
148 18
178 117
47 194
16 72
19 131
199 176
121 137
136 60
148 70
198 33
86 139
140 187
99 109
174 20
29 9
11 27
73 14
159 181
63 104
62 181
190 161
170 10
117 71
136 160
30 174
61 161
191 176
0 56
144 25
0 169
30 168
94 9
130 7
100 78
33 22
67 97
130 89
85 140
16 152
33 138
193 169
156 164
39 67
44 184
19 148
54 51
153 180
16 48
72 43
89 183
65 28
195 55
169 146
86 135
173 79
36 54
60 194
15 29
35 130
138 159
88 21
148 122
186 136
174 192
132 174
34 169
67 124
193 29
3 161
41 168
163 89
24 67
176 71
16 117
50 157
37 112
186 0
189 123
68 188
75 87
139 17
6 70
16 15
30 130
144 185
28 22
72 39
183 53
38 98
67 32
96 153
73 76
57 53
30 72
56 183
0 96
122 199
107 35
80 12
96 59
15 74
41 192
199 78
3 67
18 106
119 178
149 89
131 27
3 136
70 195
171 155
70 182
25 57
172 104
84 136
134 182
110 127
40 182
156 59
81 153
115 137
65 179
130 45
63 85
39 33
42 73
94 62
90 2
26 180
25 6
32 91
104 126
142 12
70 19
41 155
112 27
189 54
130 34
35 87
130 84
133 99
132 24
29 81
167 174
76 125
173 15
139 119
174 60
39 182
57 64
181 155
70 4
144 30
117 15
99 116
12 174
117 160
93 9
44 174
104 164
164 115
46 129
74 195
194 169
172 14
80 128
89 187
193 110
19 41
59 110
70 42
67 170
172 29
184 161
11 169
52 141
185 194
80 180
28 52
12 125
48 179
112 189
67 113
195 45
70 109
123 142
194 112
195 136
113 59
114 78
80 31
15 111
126 32
68 13
153 5
38 101
115 18
48 157
90 133
34 127
140 95
189 186
158 186
154 141
160 129
67 161
112 178
105 21
144 72
35 16
186 104
144 84
35 2
76 115
188 88
69 63
129 168
139 74
86 162
89 15
114 26
100 129
58 104
40 194
188 50
86 70
168 162
80 100
24 163
160 24
173 165
141 162
118 13
110 50
154 168
70 127
141 31
145 33
186 194
158 14
111 186
139 195
109 78
4 14
139 57
19 192
139 33
139 163
103 25
141 156
156 104
33 42
86 78
21 41
188 55
109 120
57 196
33 16
32 59
73 84
37 73
112 162
126 153
24 148
112 135
86 74
19 168
8 110
199 117
62 80
138 112
184 66
10 47
148 180
12 29
16 38
75 12
148 117
57 102
24 79
61 195
114 133
116 167
119 156
159 67
124 196
106 125
194 87
95 100
174 84
95 15
186 81
162 8
80 108
62 73
198 153
86 5
57 146
16 3
145 137
49 153
168 107
183 114
60 109
37 168
8 137
103 144
10 42
91 157
169 22
79 98
137 169
69 160
67 158
189 114
24 35
28 191
62 35
7 137
108 184
115 25
87 138
108 138
125 34
122 46
182 150
2 165
31 181
183 49
184 83
119 84
29 99
133 172
37 125
185 156
144 48
127 43
170 33
157 188
172 73
46 81
137 116
106 177
176 0
167 127
71 39
129 54
199 150
126 165
27 36
95 114
33 151
141 83
199 118
62 60
90 63
65 195
162 53
79 152
59 22
3 28
40 80
139 130
131 122
84 36
54 182
63 193
32 2
125 93
60 49
186 8
42 29
166 106
190 176
165 54
165 185
161 188
156 63
29 73
36 156
157 119
184 132
193 160
30 35
187 49
139 68
76 24
54 23
112 75
85 25
3 183
110 97
149 115
39 97
61 44
0 66
86 6
179 3
84 148
50 138
139 169
133 85
79 62
141 20
108 84
194 182
68 133
118 89
180 99
185 29
73 23
33 44
66 122
115 155
165 158
25 108
24 167
157 140
15 128
97 136
89 54
198 26
14 25
25 2
188 146
42 186
199 43
43 129
103 0
168 38
162 149
65 21
75 40
127 16
152 90
20 100
75 83
28 87
38 109
32 158
38 62
136 51
82 43
63 40
133 94
143 127
101 136
7 186
113 0
97 114
165 44
10 16
73 186
32 111
38 125
98 174
83 79
98 33
129 162
90 43
85 29
25 70
130 86
19 20
127 109
170 122
14 159
112 171
92 70
97 157
165 182
28 11
10 189
183 25
187 130
41 9
14 22
10 130
173 115
145 72
161 89
62 158
90 4
0 35
16 66
98 70
77 162
65 138
129 112
59 17
25 43
51 161
137 125
86 90
17 19
136 105
43 41
70 187
93 136
25 158
19 101
14 26
96 114
139 145
29 158
69 84
48 140
182 126
73 140
112 54
67 166
72 67
160 63
198 114
138 24
106 130
51 29
90 166
136 45
53 138
30 14
19 77
6 14
134 174
21 126
160 75
169 98
161 189
173 21
161 26
45 174
143 84
13 104
135 117
85 84
186 40
144 63
106 79
197 137
126 0
102 130
28 41
41 172
90 34
181 88
98 39
46 154
49 62
73 88
183 181
125 162
122 195
160 190
65 35
191 116
46 185
189 44
18 57
62 127
97 35
165 33
79 104
177 14
16 55
33 24
191 27
26 170
198 59
156 19
11 130
167 26
122 182
66 161
139 194
5 28
39 51
15 48
135 138
23 168
158 84
122 135
155 136
66 137
100 34
169 67
178 138
193 84
39 14
156 169
16 191
136 63
186 125
66 44
109 4
146 19
46 83
190 117
161 34
27 29
100 86
48 169
122 35
39 156
161 119
57 37
26 38
136 132
10 179
69 10
59 189
183 24
26 156
109 42
112 2
85 124
16 67
184 102
138 186
114 195
101 194
162 74
44 37
129 136
28 61
35 172
187 123
161 49
89 4
55 159
41 140
198 194
165 11
59 46
67 5
69 106
137 2
59 122
57 93
0 85
5 54
5 20
116 168
139 113
148 68
192 133
54 139
84 147
115 47
171 38
35 12
147 130
186 187
96 29
55 157
164 38
29 131
165 5
148 43
100 28
59 70
51 138
59 169
145 43
119 43
140 31
112 181
147 116
90 95
10 1
88 182
9 62
5 174
12 168
173 80
15 69
140 39
39 197
90 162
100 161
161 153
137 156
93 148
181 110
170 130
162 172
14 125
15 27
81 199
79 154
54 100
90 186
131 28
52 0
99 184
0 104
125 124
79 138
181 151
66 157
158 46
194 120
54 13
57 66
136 75
156 93
6 54
64 79
153 119
56 133
124 151
54 21
116 88
123 166
158 174
148 89
26 31
33 30
98 141
95 110
196 21
84 101
135 12
13 105
74 62
32 160
9 176
44 149
2 161
122 54
130 41
16 188
46 78
59 127
133 72
67 117
72 28
96 90
26 89
57 90
141 109
188 8
106 66
132 137
75 73
162 18
26 135
33 41
93 38
70 115
29 90
64 184
195 138
72 42
38 173
89 32
15 112
80 63
88 46
52 110
168 61
24 86
130 174
57 170
71 32
44 196
155 30
65 156
100 32
67 194
119 26
32 99
168 47
55 161
162 93
15 49
161 25
150 79
84 91
101 114
99 95
50 137
53 114
5 197
38 69
156 80
186 76
181 117
165 87
94 54
191 10
154 73
117 128
81 41
174 33
174 105
43 175
110 42
12 182
27 22
135 21
122 5
67 115
140 139
189 179
192 162
96 178
26 159
65 54
182 75
35 28
112 66
117 92
127 61
3 194
150 49
112 188
179 34
24 71
165 154
86 193
109 105
178 9
79 33
111 137
162 187
162 37
19 72
176 95
95 9
196 67
123 188
176 14
138 149
32 180
199 60
68 10
165 85
100 113
107 32
134 169
167 49
4 21
168 73
105 125
124 18
163 127
141 30
168 148
110 66
144 138
37 15
98 194
163 12
123 112
130 65
62 139
194 20
196 127
86 9
115 124
96 161
76 153
54 82
86 124
160 115
178 106
199 26
155 7
168 8
43 117
41 38
79 122
61 72
156 14
22 139
192 186
36 63
48 194
43 188
134 28
42 181
38 111
12 180
124 183
66 188
144 99
113 199
21 87
73 97
124 182
46 86
139 75
181 124
110 120
115 6
144 156
179 67
67 118
112 83
21 66
28 165
186 79
29 177
122 160
39 126
164 176
15 50
32 128
188 164
22 140
37 140
86 89
175 55
26 57
10 5
122 157
66 100
102 54
148 94
100 160
24 7
63 169
54 196
177 188
14 129
37 79
131 179
13 1
157 79
133 71
110 103
41 119
34 21
35 77
125 75
126 181
153 158
165 83
120 49
48 28
169 115
80 167
159 130
172 181
124 148
146 0
86 41
16 95
29 30
14 166
108 86
102 117
52 139
60 72
137 152
115 181
148 78
137 143
46 1
76 57
184 16
114 63
99 26
56 155
178 3
63 103
125 148
153 177
134 104
83 161
25 89
132 104
156 42
143 15
100 135
138 15
148 136
95 43
5 7
35 82
33 133
197 99
182 83
132 38
21 89
51 165
54 57
112 97
10 113
18 99
46 76
114 179
176 167
35 129
111 62
67 168
41 111
187 57
115 58
97 174
33 77
6 12
145 80
81 148
183 139
174 9
2 99
178 71
182 144
16 75
133 36
186 128
116 162
140 156
53 24
90 79
44 194
192 165
115 178
156 111
75 159
133 101
21 188
194 153
3 137
67 139
174 131
44 99
37 80
27 69
192 110
114 190
32 81
117 149
116 103
125 74
136 91
28 50
106 124
119 116
93 116
19 98
132 141
183 85
33 190
106 176
85 122
81 136
41 108
75 72
92 57
156 188
54 71
61 32
51 112
20 104
149 54
162 75
40 90
1 155
127 152
24 110
71 139
183 98
183 44
166 183
70 157
110 57
10 103
195 4
62 192
12 100
122 192
2 12
182 121
80 141
98 67
168 49
22 54
14 149
172 86
18 21
25 68
106 59
157 62
79 159
55 113
171 174
169 114
111 199
63 175
178 21
70 153
90 47
118 141
62 134
87 136
53 79
63 180
189 28
92 168
160 194
58 156
161 179
15 154
43 78
118 114
14 190
162 178
14 152
117 48
43 157
156 12
49 40
79 22
132 63
76 130
24 9
187 10
112 34
41 132
197 62
120 115
59 182
75 27
76 157
163 199
58 10
83 19
80 163
178 111
184 46
143 26
85 174
73 106
126 157
17 168
178 78
62 24
45 57
89 76
194 37
183 187
155 84
36 75
171 57
59 137
110 56
90 94
13 64
59 103
52 137
106 50
152 156
136 123
106 25
122 42
160 116
140 137
34 55
153 160
113 114
73 127
92 148
12 54
15 107
114 82
111 39
85 21
58 35
148 165
41 183
101 195
13 55
36 19
5 92
174 187
62 0
110 36
67 180
42 183
129 110
170 114
197 0
179 177
194 97
176 103
113 116
182 17
57 96
157 153
72 47
178 114
18 178
62 8
139 35
180 194
38 153
112 163
110 16
15 19
44 103
59 171
46 111
42 168
62 115
139 136
174 61
174 144
103 168
106 53
122 117
57 19
29 49
30 12
99 153
24 154
80 15
106 88
87 168
124 94
104 124
108 165
41 122
195 22
108 57
20 32
90 100
193 125
39 176
124 184
57 41
57 141
12 67
3 43
180 104
7 79
84 199
116 56
123 139
116 140
21 103
30 79
12 157
15 3
182 105
54 128
54 175
72 128
132 117
12 106
127 31
148 192
32 22
2 123
143 153
181 80
32 80
114 120
26 48
130 138
134 26
127 11
174 139
1 100
152 186
35 155
165 162
19 3
55 127
164 32
146 13
139 81
186 13
17 15
0 28
150 55
178 173
117 167
189 70
59 148
186 54
35 178
101 90
76 116
181 105
79 10
199 79
139 46
52 80
6 169
155 8
9 152
184 28
112 35
160 107
54 34
197 29
118 165
125 114
126 86
60 117
100 174
10 182
100 50
131 133
105 115
66 27
127 74
112 167
84 181
61 125
130 114
90 131
143 109
94 138
140 66
146 136
99 81
0 141
102 86
38 64
153 154
165 117
123 149
174 79
151 130
190 184
10 156
127 87
169 61
5 51
58 199
194 189
20 162
145 10
113 181
154 100
52 168
112 191
195 174
27 103
178 131
44 175
26 81
177 67
34 174
83 115
139 48
16 57
33 99
140 43
67 125
53 188
195 84
21 158
71 9
15 161
97 55
188 28
117 164
147 156
117 134
54 84
120 35
145 109
111 144
84 164
3 89
12 72
136 48
58 73
70 188
125 79
140 158
157 127
27 138
129 144
100 94
161 64
76 21
95 12
72 24
199 119
151 194
34 194
67 105
115 145
88 16
175 165
144 127
95 155
179 142
45 176
72 154
35 117
100 7
161 199
183 113
107 169
43 131
181 182
43 21
96 124
52 155
112 94
12 71
155 73
168 96
111 139
185 12
192 184
69 176
73 103
165 3
120 133
85 138
82 188
176 42
82 24
102 106
133 189
154 174
18 100
5 195
152 46
21 156
107 43
44 10
154 35
28 180
82 26
57 46
195 13
55 197
72 68
127 158
140 168
73 28
134 32
131 46
121 70
194 16
139 8
38 14
137 150
58 75
9 79
122 37
182 117
50 24
166 13
31 182
196 104
186 28
2 73
194 18
54 109
134 188
15 93
115 51
56 127
157 6
93 110
161 139
156 196
100 11
188 7
70 168
63 46
72 189
55 36
122 7
67 18
115 136
117 121
28 32
69 16
118 112
5 18
105 110
194 57
177 49
141 169
38 97
124 39
63 87
9 171
120 162
116 40
146 127
106 194
194 148
176 15
44 36
186 61
133 124
51 133
114 14
19 11
14 181
95 14
156 124
157 36
62 53
122 104
159 80
181 81
39 117
38 138
124 52
90 53
34 41
57 183
33 104
38 161
86 66
163 181
27 181
126 79
53 19
72 7
186 91
63 118
89 7
164 57
91 86
109 139
199 95
169 197
198 86
56 14
21 30
5 110
25 174
93 168
23 27
60 148
110 33
105 90
135 156
165 48
75 142
25 39
124 58
75 41
24 172
162 35
18 112
49 170
115 193
112 143
107 114
176 143
62 109
86 44
66 29
163 29
78 136
15 149
116 36
57 195
157 27
81 89
100 10
140 99
19 147
73 0
24 164
199 47
63 199
4 194
119 86
23 184
95 117
35 150
69 62
79 51
79 65
76 79
15 5
81 178
138 122
157 10
24 170
140 27
78 162
124 138
43 96
199 157
107 25
52 62
30 160
194 134
47 112
17 38
35 38
160 15
173 117
35 128
91 27
102 33
145 99
189 13
144 9
37 10
68 109
54 158
36 153
116 180
137 69
123 135
9 166
121 79
88 137
165 150
103 90
153 12
145 49
169 28
37 182
118 110
84 115
28 30
89 104
145 162
154 161
170 188
191 80
38 179
80 7
75 185
20 70
147 79
77 157
43 30
178 74
188 103
179 14
124 47
135 195
16 161
18 176
173 127
164 195
55 99
148 97
117 75
127 149
67 50
184 11
3 12
197 26
14 107
128 28
140 138
55 119
133 18
58 140
56 89
148 25
140 155
88 35
2 183
77 44
133 138
63 131
140 164
26 149
92 136
182 156
16 140
106 161
55 116
96 12
100 107
61 157
148 15
12 18
156 72
73 74
182 45
103 162
186 38
134 186
154 44
16 71
91 181
49 11
82 55
181 118
119 89
103 123
84 94
15 126
10 76
123 94
157 40
114 126
123 154
152 75
119 59
137 174
179 71
85 80
93 41
123 59
140 97
72 162
153 195
158 57
138 187
12 103
160 121
169 148
83 188
48 90
141 138
55 187
195 191
120 169
33 7
39 27
80 134
48 13
15 61
148 71
67 188
68 63
69 174
43 186
60 99
65 174
33 58
107 104
3 127
54 178
78 62
132 57
120 54
56 99
155 188
5 29
124 107
32 35
121 106
28 59
43 116
12 84
89 90
64 156
44 102
130 136
12 104
4 182
55 184
99 78
24 185
119 57
148 62
111 86
18 125
93 179
164 157
153 182
119 46
113 13
151 90
169 51
59 99
63 52
181 67
12 36
79 92
136 50
84 78
181 23
172 148
194 168
183 154
130 161
132 106
10 31
30 0
181 33
112 77
71 112
20 26
37 179
141 49
174 115
70 186
176 92
160 86
186 167
45 32
158 35
192 106
85 49
58 90
90 125
145 21
57 109
112 114
47 27
153 58
31 54
176 56
93 165
116 46
109 119
150 54
11 99
124 117
120 72
123 184
144 164
188 138
109 179
40 184
177 139
17 162
69 140
193 12
196 15
98 0
122 53
83 32
167 10
32 123
23 141
115 48
38 6
32 9
155 98
11 186
185 13
137 55
88 117
104 84
125 20
80 170
0 86
71 104
173 161
63 178
54 58
112 197
28 93
57 14
161 99
9 43
13 58
81 123
13 7
106 120
22 144
136 134
123 56
124 146
155 9
195 96
84 15
25 7
62 98
23 63
116 58
101 138
180 14
25 196
3 186
188 104
181 138
128 90
117 179
115 133
104 85
115 17
1 67
43 147
168 192
20 127
174 88
23 43
141 16
181 199
145 27
185 44
180 100
90 18
9 34
169 149
75 111
122 32
6 41
192 141
150 46
70 170
135 84
53 75
188 45
110 62
27 144
105 162
174 181
57 115
165 59
56 10
66 9
124 79
193 89
156 13
125 91
10 169
21 52
151 155
31 186
18 55
186 143
140 75
181 28
196 122
169 54
89 95
62 107
104 88
81 55
33 73
75 68
130 26
5 19
5 167
69 26
112 63
78 104
141 195
176 59
5 89
68 156
42 112
90 7
53 168
49 117
26 165
98 35
155 105
21 184
16 5
157 63
90 51
64 195
59 152
59 91
36 160
82 59
46 159
138 3
125 159
161 128
32 179
98 162
146 32
146 21
54 30
178 133
160 127
150 86
59 63
138 104
66 26
133 11
42 86
136 43
153 83
152 39
73 79
194 42
136 150
90 60
27 173
38 196
14 163
133 14
0 136
58 110
2 41
86 164
54 103
142 157
148 40
29 188
169 124
178 55
19 65
32 39
15 97
136 20
36 186
66 114
79 34
33 6
161 14
194 113
112 14
108 186
144 155
125 163
193 28
71 138
61 148
10 127
32 75
135 43
174 47
116 86
80 58
63 75
163 179
136 124
176 156
29 155
181 190
57 159
85 153
184 180
131 136
27 165
130 59
4 33
42 15
187 112
67 49
44 130
59 167
106 19
69 67
138 150
110 138
84 48
41 74
94 186
82 116
57 98
172 174
38 81
167 138
123 156
13 112
13 19
148 109
169 94
39 138
122 33
134 90
29 127
188 192
62 91
38 143
135 133
112 85
149 144
114 135
163 157
33 115
162 25
132 9
88 130
28 77
112 80
188 137
37 156
16 103
83 59
158 106
67 189
25 94
64 59
130 181
124 90
18 59
9 27
43 74
114 17
150 75
56 157
186 87
115 102
95 168
162 100
184 119
47 137
136 143
196 123
148 150
27 51
76 13
122 154
59 23
9 104
24 3
194 146
123 30
13 17
174 89
116 57
129 19
170 19
166 179
45 157
147 161
24 142
42 35
171 160
62 90
50 9
67 11
92 114
165 106
75 67
142 174
100 71
135 79
35 105
106 134
141 10
68 184
99 25
28 24
26 115
176 5
162 43
101 35
150 62
191 67
92 13
123 146
81 160
53 73
111 162
182 114
21 161
156 195
140 91
73 98
144 188
139 32
70 179
41 91
198 44
34 75
38 170
188 171
165 90
102 179
24 176
168 2
184 156
99 193
168 109
144 88
106 187
199 73
8 25
183 130
73 5
138 163
5 163
175 21
93 21
106 103
6 57
77 32
68 12
16 41
84 185
148 177
123 10
104 135
54 114
157 174
184 48
174 29
185 183
160 14
164 109
164 75
166 41
79 72
8 184
98 115
169 185
75 195
48 124
80 98
178 76
141 45
110 45
101 43
160 29
10 99
5 127
198 137
41 134
184 39
80 87
77 141
183 149
49 136
110 101
182 164
41 187
44 125
29 23
160 10
54 173
75 143
29 156
151 165
3 139
144 191
195 58
147 178
75 148
81 33
5 59
62 27
7 136
158 27
40 39
10 88
153 31
141 175
184 54
178 61
89 97
74 0
191 86
72 148
169 181
156 136