30
29 34 37 34 39 35 36 25 27 27 20 23 24 39 37 20 34 37 28 28 30 22 30 23 25 40 31 36 28 21
6
39 35 43 37 35 49
407
28 10
28 26
18 12
20 3
17 20
23 6
4 1
4 8
14 20
27 7
17 27
18 7
14 17
16 3
11 3
7 17
25 27
27 8
29 24
28 17
10 27
16 15
6 13
12 7
19 0
5 2
20 6
9 12
29 13
3 15
14 3
15 11
1 18
24 10
24 19
17 23
8 6
15 1
21 7
27 9
10 12
9 15
20 5
0 6
0 9
9 13
25 18
24 0
29 26
19 11
7 2
5 7
2 8
6 15
2 16
28 3
28 1
18 14
18 5
10 1
3 21
5 11
23 8
17 18
25 13
29 3
10 14
12 8
5 9
0 21
8 10
2 21
26 23
12 27
16 0
19 3
1 24
10 4
29 8
21 5
6 2
26 5
29 1
10 21
13 22
26 22
8 22
16 23
6 9
28 0
8 25
15 24
4 22
24 27
16 18
2 3
6 4
18 11
8 1
26 27
7 20
14 7
9 18
20 24
16 1
10 22
1 7
14 1
10 20
16 6
4 21
10 25
18 20
16 4
29 21
4 12
5 29
12 29
9 29
26 4
15 4
9 19
11 8
10 3
29 28
23 25
17 13
13 7
1 11
25 26
6 12
2 18
13 0
21 15
25 14
26 0
11 2
20 8
17 21
17 0
3 1
15 18
14 16
22 20
18 21
15 22
5 12
28 23
19 17
12 25
18 27
22 19
13 5
21 19
0 11
1 0
21 13
16 17
14 22
17 8
5 24
18 6
7 3
7 29
3 0
24 13
10 11
7 8
23 27
29 18
23 4
2 22
25 9
4 29
20 21
15 19
27 11
10 9
27 6
13 10
23 9
6 26
24 4
10 16
12 19
4 25
20 2
1 21
12 3
21 25
13 23
17 11
4 7
25 16
20 27
9 17
8 16
14 23
15 20
21 16
4 27
21 9
10 7
1 20
11 13
17 4
11 14
5 23
20 13
22 7
10 18
18 26
19 23
27 29
0 23
13 1
4 9
5 8
3 25
4 5
6 10
22 5
1 22
21 27
28 18
8 18
5 14
2 26
16 22
13 16
22 12
27 0
9 8
17 15
21 26
0 7
14 19
0 15
27 22
2 19
9 20
28 9
29 6
2 9
20 23
18 23
6 7
12 14
6 5
14 26
29 17
27 2
3 18
4 2
27 28
3 22
25 17
19 5
10 15
2 15
2 10
24 6
24 18
11 26
3 5
13 8
16 24
27 19
20 12
20 4
11 25
22 11
24 17
6 25
5 15
21 14
6 14
5 28
27 1
18 4
6 22
1 12
24 2
0 12
26 13
25 19
16 29
24 28
9 24
1 9
1 5
0 8
6 3
9 16
14 24
8 24
21 6
17 2
22 24
15 25
23 1
4 11
7 11
15 12
3 24
20 29
28 21
2 13
26 17
26 1
7 25
8 21
28 16
26 24
0 5
2 1
10 5
15 13
25 28
29 19
3 17
20 11
14 9
28 15
14 27
22 17
23 15
22 28
9 26
17 12
2 14
0 4
19 20
7 28
17 10
9 3
7 16
2 23
28 12
17 5
26 8
29 0
26 3
19 7
27 15
19 10
0 14
2 12
2 29
12 13
25 5
7 23
6 28
28 11
22 21
13 19
16 5
26 7
14 15
27 5
28 20
10 26
11 6
10 23
13 27
23 29
25 0
1 25
23 22
4 3
15 8
22 29
16 27
1 19
11 29
26 12
22 9
29 15
23 3
24 7
19 6
8 14
28 2
26 19
16 19
25 29
25 22
25 20
25 24
0 20
16 12
10 0
19 18
26 15
7 9
4 28
29 14
13 18
3 8
28 13
13 3
19 4
11 9
2 0
11 16
28 14
15 7