80
39 30 21 38 22 36 35 36 34 22 32 26 30 27 23 30 20 30 24 36 32 21 39 29 27 21 23 38 29 21 26 25 24 32 27 38 35 33 25 22 36 32 23 30 22 20 30 24 38 34 26 27 35 34 38 33 28 29 29 24 22 35 28 21 26 28 29 34 24 22 39 38 33 28 30 26 33 25 31 31
20
37 30 24 49 38 31 20 28 33 34 49 44 30 31 38 35 42 38 38 36
1120
4 10
41 22
37 60
79 30
59 40
59 24
41 33
7 42
76 24
60 62
71 53
35 42
52 79
65 6
59 67
6 58
53 17
53 78
45 59
72 64
73 69
41 54
3 16
79 35
10 59
11 4
39 65
6 38
44 37
70 79
65 2
10 21
3 55
53 19
18 42
10 12
72 25
10 77
52 73
13 6
10 5
77 65
15 73
65 14
7 64
6 22
3 50
18 79
46 34
62 11
36 34
76 22
26 62
22 65
4 41
17 28
79 25
59 23
3 7
6 21
65 20
4 38
23 4
44 12
65 45
65 74
61 79
74 42
42 27
62 47
34 20
31 76
1 42
72 79
34 17
39 34
1 25
4 29
36 64
42 8
28 27
41 67
64 62
31 28
37 52
77 28
58 62
56 73
3 73
45 4
46 53
53 22
42 37
3 34
14 62
59 35
1 59
9 76
46 79
26 79
54 76
48 3
52 41
2 25
46 76
41 29
42 58
25 27
56 4
10 48
20 3
53 35
3 23
38 42
3 44
48 34
25 69
53 69
53 31
1 64
12 57
19 62
17 41
54 42
59 37
26 53
59 76
62 43
57 3
66 53
65 46
8 10
10 49
18 65
64 0
11 10
30 76
33 34
23 79
23 34
62 9
2 53
20 79
30 37
20 73
10 31
37 63
6 61
10 46
6 12
62 69
62 46
16 34
12 47
73 42
34 14
15 25
3 62
25 58
12 31
4 40
37 70
0 42
76 42
75 62
41 72
7 65
10 3
69 3
37 73
59 28
43 10
35 65
4 36
39 28
64 68
2 37
65 43
65 60
8 53
36 59
6 2
64 32
74 25
73 10
12 76
10 27
79 76
76 69
34 7
50 4
65 70
76 1
6 37
66 76
5 64
53 68
42 75
23 73
51 70
15 51
59 63
27 41
3 40
37 19
76 41
57 4
73 63
54 53
41 46
12 62
77 76
76 35
73 25
30 10
3 71
65 72
21 3
6 39
79 67
68 62
63 79
70 41
19 41
15 37
25 61
42 30
53 57
17 76
39 25
6 45
73 40
78 6
28 21
64 70
64 15
6 30
37 46
26 76
77 41
39 10
5 4
28 71
16 12
5 65
34 78
53 49
8 64
33 6
13 42
9 79
59 48
48 28
72 37
29 6
68 34
39 37
6 51
46 28
37 38
64 29
17 12
71 4
59 27
25 71
4 55
11 6
28 1
41 6
54 62
62 29
79 41
31 25
10 63
39 3
62 5
54 64
2 73
60 41
64 17
22 28
53 40
8 34
65 4
32 3
15 4
27 34
17 4
51 21
54 65
64 37
71 62
25 18
46 59
79 11
47 76
8 76
4 54
25 57
59 70
59 21
37 24
73 49
2 28
72 59
79 53
63 65
68 76
64 53
6 62
61 41
73 6
41 0
2 76
34 15
57 62
56 41
25 66
35 25
3 70
17 62
24 12
76 51
34 54
53 59
56 59
60 34
50 10
79 34
76 40
76 34
44 41
62 70
53 37
4 3
79 6
28 40
64 45
65 53
33 51
23 51
62 73
15 62
49 34
26 65
3 29
36 25
7 4
79 69
37 11
4 16
55 51
48 42
70 28
3 2
43 37
25 7
34 10
76 57
73 36
13 4
19 64
25 47
34 71
56 28
13 28
25 44
18 41
59 41
28 64
12 66
51 39
20 59
76 25
74 51
73 28
59 57
42 22
30 3
34 70
64 14
69 41
5 51
4 51
43 76
52 25
59 3
79 28
72 73
69 6
52 3
24 3
44 79
3 42
4 70
79 15
45 34
57 6
21 34
39 62
64 63
65 9
10 19
18 64
10 79
79 47
43 28
63 62
37 66
29 34
48 79
37 7
62 1
79 42
64 33
42 10
53 48
59 64
38 79
76 15
37 18
57 10
6 10
5 73
39 12
35 12
42 16
48 51
12 74
39 79
8 6
42 11
4 61
36 42
34 56
65 76
41 20
41 36
1 10
21 41
2 62
34 6
54 79
40 37
41 43
41 68
26 64
79 33
51 14
71 79
53 3
52 6
51 67
59 54
55 34
79 17
79 74
56 76
79 24
4 19
43 53
14 41
6 42
65 79
32 6
79 51
51 52
70 73
48 65
6 3
74 6
28 7
75 28
19 28
16 65
13 10
73 59
3 46
73 76
6 36
35 64
4 24
14 53
15 42
41 28
72 6
10 41
7 76
42 23
57 79
15 65
53 6
73 32
27 4
16 64
37 21
19 51
18 51
51 22
53 16
64 20
25 22
47 10
25 64
53 7
49 42
48 76
4 47
12 25
60 51
42 55
10 66
59 79
30 59
65 68
22 34
59 19
64 76
3 61
37 31
28 16
59 74
32 41
71 42
28 60
65 52
62 34
41 40
46 51
51 72
29 53
77 34
64 77
44 76
16 41
1 53
25 68
58 59
75 6
71 10
51 61
43 64
6 27
44 34
65 8
73 68
44 65
32 79
47 28
20 12
74 64
28 34
25 20
77 62
4 49
41 23
51 71
72 3
67 34
37 32
61 64
60 76
76 21
27 62
37 77
4 46
35 4
44 53
59 31
70 42
77 73
37 69
18 76
73 74
65 17
24 53
40 42
9 53
25 53
59 34
24 10
47 37
3 58
62 8
6 63
25 42
62 50
12 26
58 53
65 33
21 79
1 73
25 65
59 0
19 12
79 13
9 64
53 21
73 17
50 6
3 18
3 63
49 51
25 55
79 2
16 73
3 15
51 69
1 41
10 14
31 4
45 41
6 26
62 38
28 14
42 62
3 74
66 28
73 22
73 48
10 54
3 75
55 59
64 4
33 42
10 58
37 48
41 12
43 42
59 11
4 12
41 9
22 64
76 5
18 53
6 4
59 51
44 6
10 2
12 28
41 53
18 62
73 18
37 17
32 59
36 65
25 17
67 6
63 51
56 51
59 38
59 47
53 15
28 30
21 73
37 25
27 65
0 25
54 73
25 8
36 79
18 28
39 64
34 69
9 34
36 3
6 66
47 53
8 41
54 25
65 23
22 4
41 55
68 10
35 73
51 78
3 25
34 52
75 59
28 6
10 29
42 46
37 54
63 41
41 25
4 58
4 52
68 12
13 59
12 70
34 43
6 77
71 59
12 34
28 29
2 34
63 53
37 49
42 65
42 56
10 78
79 62
66 42
8 73
76 75
34 18
62 4
64 55
25 30
65 61
13 3
64 67
34 26
73 43
15 28
29 37
73 9
38 25
32 42
42 50
41 39
25 75
78 25
51 32
8 28
13 12
6 5
10 69
31 79
55 6
37 20
53 75
29 73
53 38
37 23
59 78
40 10
3 43
12 42
28 42
20 51
2 64
68 28
51 42
61 12
3 26
56 62
40 62
14 73
7 41
78 28
60 79
6 56
0 76
10 22
6 1
42 57
4 78
52 59
27 53
75 4
62 13
6 31
28 38
21 42
3 60
62 30
59 62
7 10
51 68
32 34
53 50
67 65
58 37
14 76
28 58
53 51
34 19
51 37
3 77
62 51
35 51
34 0
76 39
50 37
35 28
10 25
28 26
25 34
41 74
71 65
61 42
6 23
4 63
25 24
13 76
31 42
11 76
10 0
48 25
6 64
53 30
48 64
42 72
6 47
12 18
15 41
6 68
23 25
79 43
12 71
38 76
39 73
28 0
25 33
64 3
25 4
34 4
64 12
64 10
28 50
37 68
16 51
9 25
60 6
64 23
66 59
37 26
79 66
42 34
40 64
62 16
73 0
5 25
72 34
44 73
75 10
64 27
10 37
37 62
41 48
79 49
28 5
53 13
71 76
67 42
10 65
51 2
14 6
73 27
67 25
38 3
33 73
69 64
76 3
25 28
54 51
51 10
31 62
3 47
45 37
62 35
56 65
73 71
47 42
65 1
34 5
48 62
9 6
44 51
67 37
25 13
65 32
42 64
16 79
33 3
16 59
73 12
67 4
66 3
65 12
12 38
59 18
56 25
58 12
10 18
65 29
76 49
41 35
78 42
77 51
79 73
4 32
79 50
51 40
21 65
59 15
4 1
37 35
28 44
59 49
43 4
28 24
12 46
76 50
59 29
42 24
42 5
33 4
45 51
4 73
45 73
17 51
26 25
26 10
14 3
41 26
40 34
62 7
73 67
77 53
12 49
16 76
14 25
79 4
79 7
62 24
6 76
4 76
79 45
19 42
55 65
25 40
60 10
65 19
60 53
51 27
59 25
51 43
78 64
64 49
75 79
8 4
61 59
55 37
70 53
62 21
35 3
25 32
61 73
64 60
12 59
64 46
28 51
68 3
41 3
46 73
28 57
37 61
44 10
33 59
57 37
42 29
65 37
28 4
78 41
37 71
25 19
41 49
3 45
56 64
51 9
37 41
10 38
67 12
35 34
12 48
12 55
51 8
4 37
73 7
69 65
76 58
22 59
68 79
45 25
66 4
6 20
51 12
76 63
17 42
37 16
70 25
77 25
79 77
54 3
62 41
65 0
4 0
34 53
20 4
28 54
7 51
28 63
17 59
28 65
78 76
50 25
53 11
25 43
34 1
16 10
74 34
56 53
34 37
6 0
25 6
19 3
59 8
24 6
49 28
52 42
76 27
53 12
49 62
16 25
63 42
79 64
48 4
1 51
10 56
62 0
79 19
9 28
41 5
36 37
65 62
74 37
79 58
49 3
18 4
69 28
79 14
25 60
4 21
10 70
20 42
76 19
62 66
73 78
52 64
39 53
22 62
37 75
60 73
4 30
53 5
62 25
73 55
37 13
37 14
42 53
53 73
70 76
29 79
74 4
12 9
42 41
3 17
59 50
10 35
59 65
15 10
3 31
65 40
29 76
42 45
53 4
78 65
3 65
79 40
10 9
6 59
11 28
79 55
59 43
37 9
41 71
44 64
37 33
72 4
0 51
25 46
3 9
28 37
0 53
62 78
49 65
49 25
2 41
19 73
25 51
59 7
44 62
3 11
36 51
29 51
26 51
51 3
59 5
28 3
71 64
37 76
26 73
61 34
10 17
11 25
3 67
34 63
64 21