50
39 31 23 21 40 35 37 40 26 37 37 30 39 34 29 26 31 27 34 24 35 23 31 31 39 25 25 38 30 35 36 40 21 33 40 40 28 33 29 30 29 28 36 21 30 31 28 30 35 22
10
44 29 32 42 42 23 34 34 47 34
1038
43 47
39 36
34 23
5 38
39 6
3 30
47 8
22 2
42 6
18 1
34 3
32 30
21 18
47 6
35 38
0 5
21 12
28 46
7 44
44 32
48 22
25 22
21 4
31 39
24 45
23 48
21 8
41 40
3 2
8 31
14 19
20 30
6 37
9 16
30 29
0 8
12 43
40 38
8 33
0 48
10 43
48 19
44 12
49 37
0 33
29 43
47 27
15 42
28 8
42 44
9 39
40 3
33 47
19 15
38 36
37 27
26 42
17 14
5 15
32 48
30 38
31 28
5 27
27 2
31 47
47 13
32 46
19 44
2 5
46 4
0 28
13 44
9 30
35 49
1 33
45 25
36 23
26 15
15 28
7 0
46 38
35 26
0 47
1 5
15 21
5 31
22 42
21 39
12 41
38 15
0 19
34 10
10 13
40 7
16 34
43 6
19 8
20 19
7 35
42 24
18 3
29 26
27 16
33 45
37 48
36 42
38 3
13 12
30 36
39 25
8 16
45 39
46 24
15 4
37 13
17 45
34 40
21 19
21 26
11 34
0 3
27 28
46 9
47 38
8 11
39 41
2 37
14 32
42 32
10 28
23 0
21 2
27 32
30 26
28 41
14 12
28 19
12 22
31 19
45 46
27 48
22 36
34 26
44 36
37 20
44 0
49 7
31 36
29 24
6 4
16 18
2 25
26 24
2 35
16 49
25 13
49 38
31 16
37 38
31 17
49 34
42 41
40 22
10 30
33 20
34 9
45 37
24 39
24 40
7 39
33 19
17 44
42 4
32 3
5 14
32 33
23 13
40 4
7 23
46 40
26 47
12 7
34 29
23 39
33 17
39 10
28 32
36 28
0 6
16 5
45 19
6 34
40 43
19 34
30 21
30 22
1 11
1 45
49 41
45 47
3 27
3 12
43 7
5 43
24 41
34 36
35 11
21 24
7 32
45 18
14 40
40 44
38 26
48 5
20 1
7 45
10 41
11 25
32 22
39 1
15 16
7 11
31 32
36 27
30 45
39 27
8 49
27 33
41 19
41 18
24 49
23 24
13 5
25 28
26 45
15 33
5 21
46 23
34 48
28 4
38 0
20 17
4 44
40 16
38 13
5 10
39 48
27 26
39 2
6 16
42 18
0 22
29 31
31 46
45 4
46 37
17 26
25 46
40 21
7 3
46 10
24 48
11 9
6 30
38 14
30 33
24 22
39 8
45 14
0 40
44 28
34 38
44 16
32 38
46 47
46 26
32 4
20 32
47 21
23 5
12 15
1 29
22 19
36 45
43 20
24 2
49 1
33 43
23 1
35 8
43 17
42 14
36 47
48 6
45 31
6 3
12 39
18 23
1 42
20 41
45 42
23 40
5 6
42 17
48 9
33 11
19 7
16 47
2 1
41 35
7 37
41 13
13 39
11 23
47 42
11 6
42 16
49 12
27 12
12 2
29 17
35 43
19 38
47 18
26 48
5 3
26 31
39 4
48 14
35 42
30 48
14 0
15 6
25 47
15 11
34 0
42 23
39 29
43 44
33 29
25 48
22 4
33 26
9 14
26 2
19 10
25 14
26 12
37 23
34 30
9 40
21 48
48 42
35 30
31 30
12 30
29 42
3 13
13 40
1 31
47 40
17 23
36 16
21 14
8 12
43 16
24 31
26 39
10 14
30 4
33 48
23 30
17 32
1 26
9 42
36 1
36 6
40 8
30 13
20 9
40 26
37 9
35 5
42 27
23 43
36 12
11 43
8 4
44 37
34 22
20 27
16 32
48 31
38 29
23 44
43 4
21 3
1 17
38 44
17 2
20 14
38 31
4 11
21 7
45 16
25 37
36 49
40 32
1 9
30 2
15 43
45 32
20 18
38 17
48 43
45 29
38 42
14 3
45 43
38 25
41 38
7 47
11 45
44 49
1 8
43 42
33 6
13 20
25 31
29 16
46 22
15 32
45 41
41 44
25 18
3 20
17 13
44 14
35 19
40 17
47 22
46 0
3 11
27 29
22 18
9 41
26 37
40 15
10 42
3 47
5 47
10 4
20 11
31 49
45 13
34 1
38 43
7 9
17 16
48 28
2 43
32 8
44 30
41 25
20 12
9 31
44 45
30 19
2 47
11 41
16 11
25 7
15 14
7 5
20 40
39 33
29 19
18 43
7 8
20 45
16 3
15 31
38 1
46 27
10 7
49 2
19 16
12 18
47 9
46 16
5 37
36 20
35 45
16 10
30 14
25 42
2 0
44 26
13 46
18 27
4 26
12 45
35 25
13 21
33 38
24 19
13 0
35 40
7 48
47 10
1 7
22 11
18 29
48 17
8 48
33 37
41 2
28 45
12 28
6 26
3 48
22 41
32 1
12 4
32 49
2 36
36 9
44 27
19 23
7 24
49 27
0 25
16 20
3 4
1 19
20 42
44 21
43 31
40 48
49 29
9 43
31 6
38 11
19 6
11 12
1 4
5 12
29 21
19 40
39 15
34 44
19 18
1 6
10 36
41 0
43 28
17 7
30 18
1 44
6 7
14 35
19 49
0 27
35 4
23 41
6 12
35 18
30 0
19 9
27 24
9 0
48 4
36 0
27 13
7 29
33 9
49 45
25 20
10 11
47 11
19 46
37 32
47 14
10 17
46 30
32 11
30 7
47 1
34 32
21 37
34 47
37 30
38 20
35 9
20 7
40 2
9 17
27 15
25 21
19 5
38 24
13 1
14 26
15 47
15 22
40 36
41 27
47 28
9 26
1 10
0 17
30 24
6 24
11 2
19 3
38 39
7 42
9 28
20 28
46 48
33 21
47 23
2 9
22 16
33 3
4 23
18 11
22 17
15 20
17 47
21 35
48 16
18 39
23 32
29 3
43 30
34 41
28 38
32 2
10 26
19 11
12 42
16 28
35 17
46 35
41 4
16 33
46 20
46 49
6 20
12 31
29 35
14 28
25 49
33 44
8 5
15 35
6 32
35 44
49 3
41 48
35 39
16 4
48 15
6 29
0 45
42 0
48 11
19 13
11 37
28 17
1 41
21 20
23 28
12 9
14 41
4 29
14 49
3 28
36 14
9 49
48 36
30 16
49 6
23 35
35 48
37 19
18 36
39 17
6 25
8 45
4 0
38 12
11 17
41 37
13 36
36 5
39 43
11 13
43 8
46 7
22 20
0 20
29 13
29 37
44 5
12 17
49 18
35 33
43 49
15 18
15 0
17 30
33 41
37 34
43 36
1 15
22 29
42 34
37 31
32 35
24 4
8 13
26 8
49 26
31 41
10 12
27 1
22 14
23 8
39 47
27 31
21 34
29 41
4 27
10 0
2 44
22 26
11 36
43 14
47 12
29 0
28 6
1 43
39 20
24 18
27 7
18 5
5 22
49 22
34 20
34 28
19 17
11 29
12 33
13 49
25 30
5 9
9 4
10 33
25 27
12 48
3 26
21 0
19 47
4 36
16 7
21 17
20 8
9 32
44 22
45 40
18 46
40 33
2 16
20 49
16 21
41 47
19 4
28 7
13 42
29 15
3 31
26 41
14 23
39 14
18 6
27 19
44 46
1 25
18 32
30 1
35 3
18 17
32 47
4 25
28 24
17 4
37 36
4 5
23 16
15 2
32 13
48 1
14 11
3 37
40 37
9 13
13 43
39 16
10 20
33 25
46 42
21 31
6 14
12 19
32 5
29 10
47 24
41 43
36 7
40 10
27 43
28 35
35 20
36 32
29 36
40 12
36 21
30 27
10 49
21 41
19 42
8 2
5 34
29 40
18 10
24 32
26 5
6 44
23 15
4 47
49 0
0 18
22 8
16 26
25 12
7 26
1 40
11 24
10 48
39 3
8 6
28 29
48 18
8 38
0 31
15 13
46 34
35 10
32 39
40 25
13 22
41 30
32 10
6 13
17 49
43 21
10 31
4 20
30 15
5 20
34 39
1 3
47 37
43 34
23 33
17 27
46 2
23 3
37 43
44 39
17 37
17 6
34 17
5 17
33 22
17 24
49 48
36 33
18 37
38 4
29 8
0 43
37 42
37 14
31 44
27 40
42 8
13 26
40 18
27 35
37 28
5 45
42 33
8 18
24 20
8 34
39 0
27 14
36 26
3 43
11 26
37 15
15 45
32 0
39 19
36 19
15 7
30 8
6 35
10 2
41 6
25 34
6 40
5 25
41 5
48 38
6 2
24 5
43 22
25 23
9 18
2 42
5 33
28 18
46 11
49 23
10 37
11 0
14 16
24 43
23 20
23 31
28 13
2 45
34 45
46 1
27 11
24 14
25 36
37 8
3 42
30 47
40 31
26 0
45 48
18 38
48 13
46 5
29 23
4 49
21 1
27 8
34 12
3 45
26 20
16 13
34 24
31 11
11 44
29 32
7 22
39 46
24 33
25 16
25 29
7 41
28 21
2 38
46 6
29 9
28 22
42 31
19 2
2 28
35 13
16 41
16 38
46 12
46 21
37 4
21 49
34 35
12 23
28 1
32 21
2 48
18 44
8 14
12 29
13 24
15 49
28 26
43 46
14 1
35 47
2 20
34 15
1 22
14 46
37 22
38 7
21 42
5 29
29 14
32 12
33 49
31 35
46 33
11 21
25 17
28 33
18 26
2 23
22 3
31 20
31 22
39 22
46 29
34 27
2 29
36 35
49 47
39 37
32 41
22 35
26 23