50
26 23 33 31 40 30 28 33 27 25 22 26 27 27 34 39 30 29 33 32 38 32 27 38 37 20 21 21 40 35 29 20 27 23 35 39 32 21 26 26 25 37 33 28 21 39 38 25 25 25
10
31 22 33 20 38 38 45 36 37 40
71
24 2
31 8
31 28
21 24
24 34
24 1
31 27
24 0
43 31
24 10
33 31
12 24
6 31
31 0
18 31
8 24
22 24
24 15
31 11
35 24
24 43
31 22
41 24
24 38
40 24
31 44
11 24
48 24
49 31
26 24
31 23
31 12
24 17
24 14
25 24
31 35
30 24
36 24
7 31
24 6
49 24
45 24
39 31
24 5
24 39
30 31
31 37
24 31
41 31
32 24
24 33
23 24
14 31
20 31
24 9
31 1
3 24
47 24
24 16
5 31
24 27
13 24
24 29
44 24
24 19
42 24
46 24
24 18
28 24
7 24
24 37