40
29 22 24 20 33 26 39 40 23 39 39 28 36 27 26 33 23 34 25 20 22 33 24 37 24 22 21 23 25 36 20 25 24 37 29 30 22 27 20 20
8
37 35 24 22 40 31 45 34
142
10 12
12 14
9 10
7 12
6 18
12 26
18 35
12 24
9 27
38 29
38 6
12 0
20 11
18 17
6 12
11 3
32 12
11 9
9 37
27 12
38 15
18 33
38 2
12 5
38 20
18 8
5 9
9 7
23 38
18 27
37 38
12 28
38 14
12 35
12 25
0 38
25 18
1 12
33 38
38 28
38 22
34 38
9 8
24 9
9 36
18 37
12 22
17 38
38 21
36 12
39 18
18 3
2 12
2 9
18 7
29 9
21 9
15 9
18 4
38 32
14 11
23 18
12 38
18 38
38 11
25 38
12 13
38 16
9 35
9 34
29 12
11 12
18 20
35 38
4 12
18 19
11 18
9 31
12 17
16 12
31 12
34 18
4 38
5 38
18 21
18 12
38 24
9 4
9 28
12 23
39 12
22 18
30 12
12 37
26 9
14 9
38 9
9 18
9 22
33 12
8 38
9 13
9 39
8 12
9 30
11 31
10 38
15 18
18 32
17 9
0 11
31 38
18 30
18 10
1 38
13 18
1 9
1 18
9 19
12 20
9 16
3 12
15 12
38 39
5 18
16 18
36 38
38 26
13 38
18 36
9 3
7 38
9 32
0 18
19 12
20 9
11 1
18 2
9 23
21 12
9 12
18 29