30
21 26 39 36 25 27 27 23 20 27 26 25 36 23 23 37 23 40 39 34 20 24 30 40 22 35 32 33 27 20
6
41 32 26 50 34 50
193
8 7
25 19
15 4
4 3
0 7
9 19
9 2
17 13
23 1
15 10
16 1
11 19
18 4
19 16
20 12
1 5
12 2
1 10
19 6
28 7
29 7
2 24
25 1
28 26
28 13
2 25
19 12
8 20
22 19
20 0
1 9
12 7
10 4
1 13
13 21
15 8
13 23
2 21
25 15
28 19
2 20
13 6
15 11
7 16
11 13
2 16
24 1
11 20
19 10
2 1
13 19
7 9
27 7
20 7
8 13
20 5
12 1
14 19
8 1
13 18
7 19
10 7
4 13
5 19
1 29
20 28
7 15
2 15
20 27
13 27
5 2
20 22
19 4
16 15
26 2
7 11
11 26
16 20
7 1
26 13
1 11
13 24
20 24
12 15
13 22
4 26
15 22
15 20
14 1
19 20
14 4
15 5
2 7
2 6
28 15
17 19
18 2
23 19
15 1
28 4
10 13
1 27
4 1
15 0
23 7
19 1
29 20
18 1
17 20
17 15
4 16
7 18
6 4
7 3
25 4
15 13
29 4
4 7
2 29
24 15
19 27
24 7
2 17
7 21
1 22
2 4
19 8
6 15
2 8
22 2
20 3
19 2
26 20
13 20
14 20
26 25
0 13
28 1
5 7
6 1
13 2
15 23
20 23
16 13
4 8
3 2
27 15
2 0
4 21
15 21
19 24
22 7
19 21
4 23
4 27
1 0
4 11
18 20
20 21
19 29
9 13
2 28
6 7
26 1
4 5
2 14
4 17
4 22
13 12
4 0
26 7
19 18
3 19
1 3
15 14
15 29
1 21
13 29
4 24
20 4
20 25
15 9
0 19
19 26
15 19
13 5
20 6
10 20
13 3
20 1
11 2
17 7
9 20