50
25 27 22 22 34 30 23 33 23 23 39 21 40 23 30 33 23 29 26 29 36 29 21 32 40 20 26 38 33 40 36 28 40 28 30 23 30 22 26 40 21 28 36 37 40 32 23 32 38 30
10
44 40 20 28 48 21 26 33 23 23
1149
45 9
13 47
30 31
34 21
26 6
13 34
33 36
49 48
5 21
38 21
18 25
33 12
15 46
42 44
3 9
34 15
16 41
27 10
7 47
43 11
48 24
37 11
46 13
43 29
46 22
20 13
42 12
20 6
26 3
15 35
42 10
23 33
36 20
24 30
20 26
2 36
38 20
38 9
28 15
2 19
39 36
23 26
4 49
46 18
15 10
17 34
37 17
16 30
31 36
41 34
30 40
36 15
45 29
24 8
4 7
38 36
22 10
0 45
18 14
46 16
31 34
29 39
0 43
34 47
34 22
12 44
18 33
29 23
47 15
35 20
21 4
46 2
5 46
18 10
19 42
41 26
49 41
32 27
36 12
29 1
41 0
42 3
11 25
0 25
45 13
40 10
7 27
27 5
19 28
40 24
21 26
33 40
32 7
26 27
6 4
8 44
17 47
33 34
16 18
18 19
15 12
41 2
21 42
40 38
34 26
39 19
15 49
24 38
18 29
22 30
23 24
2 48
25 46
17 43
48 34
22 9
16 9
44 39
3 22
43 7
21 29
34 11
19 41
12 37
17 36
1 28
45 28
14 17
19 6
40 7
3 0
13 10
33 42
42 20
31 38
29 42
6 13
23 41
0 4
35 13
33 4
35 2
5 28
3 32
0 13
42 47
29 34
24 11
31 26
19 4
6 48
44 22
9 27
14 11
41 6
26 10
6 23
20 9
28 18
1 2
44 11
39 34
10 19
32 43
19 29
39 38
17 15
17 1
23 47
49 45
14 19
27 37
24 34
10 16
27 2
14 37
7 8
29 26
22 26
10 0
32 44
27 12
44 20
42 14
12 20
0 34
16 12
35 31
25 6
24 0
21 22
12 2
10 24
27 24
16 27
39 6
34 2
26 35
47 37
21 27
5 48
11 4
10 36
45 25
21 40
1 32
23 31
5 13
43 35
14 46
6 21
34 37
4 16
44 40
7 23
36 13
37 3
29 7
37 15
40 18
26 44
21 10
26 12
19 20
6 12
43 28
46 21
23 19
1 22
13 42
3 46
1 0
31 44
32 37
33 2
38 17
5 39
49 29
31 16
43 36
40 29
28 49
26 25
28 9
41 9
22 35
44 45
11 40
22 43
1 8
9 36
8 43
19 36
1 11
28 25
17 3
46 33
28 22
12 10
1 21
20 17
25 20
24 22
6 49
7 34
49 26
8 3
13 17
24 35
12 3
1 4
12 38
48 12
38 23
43 19
14 16
28 3
36 37
3 41
41 29
5 47
13 25
9 6
39 31
36 41
41 8
11 12
29 37
30 19
29 5
34 30
47 12
13 38
4 8
23 43
26 18
41 43
34 25
12 30
5 4
43 25
22 40
15 42
31 7
9 48
26 24
22 36
0 48
4 45
5 49
4 14
45 39
4 2
49 0
9 42
3 34
28 41
16 22
38 8
43 4
15 4
43 49
14 26
29 22
0 22
37 24
23 37
27 44
21 48
16 35
12 4
36 35
28 23
11 17
49 38
48 3
13 12
43 37
10 5
22 20
45 5
7 10
3 45
36 11
9 31
34 43
38 16
37 5
23 22
25 44
12 22
23 25
21 43
5 40
44 33
41 13
32 6
18 44
37 25
31 20
35 30
26 48
15 27
33 15
45 16
5 26
39 22
27 0
35 18
20 7
37 4
13 30
36 42
12 43
24 14
33 38
43 24
35 38
39 37
21 39
5 17
42 41
39 27
7 5
36 34
29 30
30 25
35 32
4 38
24 2
3 5
4 47
8 40
19 1
13 27
30 28
30 37
30 7
46 29
21 19
34 35
35 19
12 39
9 13
18 48
23 0
39 43
7 16
16 47
28 36
1 7
49 18
3 31
17 9
5 25
38 5
29 35
6 2
21 47
44 24
42 6
31 45
37 49
37 46
18 24
40 43
16 29
4 28
28 46
44 29
27 34
9 26
44 13
49 30
16 44
9 24
8 19
23 13
12 17
1 34
14 7
35 4
25 29
20 32
42 38
35 21
17 25
42 0
17 33
7 2
10 45
31 4
30 27
18 34
9 33
16 42
18 41
16 24
6 30
33 37
28 37
17 4
37 6
31 8
47 3
15 3
20 23
23 34
33 19
35 49
40 4
34 46
14 30
28 48
7 48
11 22
8 17
49 42
8 5
6 1
24 19
32 36
4 48
48 40
44 4
27 18
20 46
39 30
17 30
31 33
1 18
36 0
44 34
20 4
21 15
39 40
24 36
36 7
5 42
30 43
27 49
20 30
19 38
24 20
27 40
34 28
4 13
9 4
1 33
22 4
25 33
25 42
33 13
42 34
48 22
27 19
16 3
26 37
46 11
36 47
45 35
1 49
37 16
48 31
30 8
8 21
39 35
21 12
5 11
35 23
14 35
14 20
35 47
46 17
0 35
7 44
11 47
37 38
31 22
41 37
32 40
26 4
19 9
19 47
48 33
21 18
30 23
21 32
4 10
17 16
5 23
32 17
3 36
24 28
44 49
12 45
18 36
39 7
42 26
1 10
42 1
29 28
40 36
21 45
15 26
37 0
11 33
48 41
12 41
44 43
49 20
47 44
46 26
25 3
3 30
42 27
32 23
33 41
48 42
6 18
18 37
48 35
13 48
23 42
0 44
8 13
35 6
8 36
22 49
44 30
9 12
42 22
1 44
46 38
33 45
29 2
17 2
21 3
22 7
10 3
11 38
41 17
49 25
16 36
2 13
1 14
0 28
21 16
16 19
23 27
18 5
16 20
44 3
37 42
8 16
28 7
35 12
3 14
39 10
47 10
30 45
45 24
5 43
31 37
17 21
33 32
2 45
28 14
28 44
18 43
8 46
19 0
12 24
22 17
25 1
46 45
15 5
0 20
48 36
15 38
2 37
17 18
5 24
24 41
48 44
16 1
23 46
15 29
8 45
7 37
15 24
25 8
33 49
23 48
6 17
4 29
15 22
31 40
13 31
40 17
21 0
11 19
12 31
8 28
49 13
1 23
18 30
1 27
14 38
47 6
46 1
10 11
3 39
25 40
18 32
46 32
44 17
30 5
3 27
34 6
45 19
27 22
46 48
19 13
0 40
27 8
46 7
7 24
29 10
33 21
22 18
27 11
47 38
38 22
9 40
30 46
48 27
39 46
41 14
9 25
10 2
48 19
27 25
32 5
45 32
45 11
26 47
7 13
48 8
31 10
48 14
15 19
11 30
34 38
25 10
3 24
1 13
28 27
33 14
41 7
11 16
38 1
45 38
14 45
7 42
48 37
24 4
44 14
41 25
25 48
27 31
17 23
29 27
39 1
45 7
21 28
42 17
34 8
49 40
8 2
36 4
9 2
47 14
19 7
11 28
15 31
49 10
11 23
43 10
29 11
37 35
37 20
16 23
30 21
30 15
42 18
47 39
4 41
13 40
23 45
47 28
47 46
38 41
41 5
9 14
20 21
7 49
47 30
16 43
36 23
6 46
38 32
31 0
49 16
12 49
37 13
5 12
0 33
46 9
6 45
38 18
18 2
6 0
30 36
7 21
37 19
45 27
27 33
4 3
28 17
19 26
0 16
0 39
26 36
22 19
37 1
0 30
8 42
33 35
48 29
29 20
35 27
33 5
4 32
1 45
49 2
25 21
39 20
0 47
39 17
35 5
23 9
11 31
33 29
36 45
36 1
9 21
26 8
14 29
12 34
40 47
23 49
41 22
6 16
43 45
13 22
41 31
47 31
1 9
2 26
46 49
13 14
0 32
31 1
43 15
26 7
6 7
33 16
6 15
43 31
15 41
32 14
32 25
28 31
44 5
15 25
41 32
3 38
23 44
9 7
10 14
40 20
36 29
23 14
8 12
49 8
49 3
26 17
43 33
34 20
19 40
33 10
16 25
35 7
14 39
5 1
42 2
17 0
29 13
5 2
25 19
17 49
44 19
30 33
4 46
8 22
9 44
38 0
3 33
21 44
38 10
31 17
47 32
15 14
11 41
41 47
42 40
2 28
34 49
43 13
37 40
10 23
39 23
40 35
43 26
11 13
18 31
25 4
26 0
28 6
45 34
31 25
21 23
7 15
48 11
29 3
28 12
20 10
0 2
2 20
8 47
13 24
12 0
13 3
6 22
21 2
46 36
18 13
10 9
38 48
41 1
16 34
29 47
42 32
24 46
49 47
26 1
1 12
14 49
42 45
36 44
18 4
44 38
24 42
29 38
2 11
33 28
49 31
14 27
2 38
24 25
41 27
34 32
35 8
40 46
21 49
18 3
21 36
20 41
17 24
27 36
46 27
16 48
12 29
39 33
40 6
24 33
21 37
20 27
14 2
39 15
35 11
28 40
31 5
12 40
14 43
10 17
20 5
8 20
41 30
16 40
6 43
12 32
43 2
9 29
37 9
15 48
30 26
32 22
39 42
1 3
8 14
8 29
23 4
35 1
9 39
17 35
8 6
3 35
32 11
18 23
21 31
24 47
46 0
10 48
32 19
7 17
29 32
49 39
45 17
5 6
35 28
25 14
7 38
1 24
27 17
4 27
14 31
4 39
45 18
45 15
38 30
10 6
11 6
0 29
9 43
39 8
10 37
21 24
30 9
2 32
45 20
46 43
31 32
38 43
41 40
45 40
14 40
1 40
26 40
46 12
42 46
2 16
0 7
38 25
20 15
7 11
15 40
45 22
20 11
4 34
45 26
32 9
45 47
11 42
8 33
22 25
10 30
28 20
11 39
2 22
6 44
26 38
30 48
18 12
10 8
44 2
0 5
25 36
23 15
14 0
38 28
17 48
33 47
8 32
15 44
19 5
22 5
35 25
41 45
17 29
33 6
6 27
7 33
32 15
18 7
2 30
24 39
20 33
47 22
19 31
18 47
19 49
41 21
5 36
16 15
45 48
48 39
10 34
9 35
24 32
3 19
49 9
5 9
10 28
3 11
46 19
6 36
26 11
7 3
2 39
22 37
32 48
42 31
11 21
21 14
21 13
12 14
15 1
20 3
40 34
13 15
34 19
25 47
20 18
6 14
30 32
14 36
23 12
42 35
16 5
9 34
42 28
44 37
32 10
27 47
11 49
39 41
47 9
32 49
2 25
2 31
46 31
27 43
43 42
2 15
3 6
14 22
26 33
39 18
19 12
37 8
49 24
47 2
1 30
39 25
23 8
6 38
43 3