30
21 23 30 30 34 22 35 25 36 36 40 28 35 25 33 33 26 39 35 39 32 25 31 24 20 27 38 22 24 31
6
43 42 49 46 29 42
147
28 17
6 18
13 6
15 23
7 16
15 24
22 11
7 10
25 11
25 19
25 4
19 6
9 28
24 7
11 28
12 15
6 1
7 18
15 13
25 24
15 2
22 7
9 22
8 28
5 25
27 28
15 7
18 25
14 6
1 7
23 25
3 7
11 6
7 26
22 17
8 25
20 25
28 20
19 7
28 18
2 28
25 27
22 8
6 15
19 22
10 15
25 16
15 4
23 22
6 21
6 28
6 22
6 5
21 25
6 10
25 2
16 15
21 15
0 6
19 28
15 28
26 6
22 28
7 20
1 22
15 26
3 15
28 13
27 6
29 22
16 28
6 24
7 25
25 6
1 15
22 2
18 22
6 8
22 21
28 26
15 29
6 17
15 8
7 5
15 11
29 28
7 28
22 16
15 27
7 27
25 12
15 17
23 7
7 6
15 9
4 7
13 7
6 2
28 3
22 10
25 9
7 0
28 0
15 18
6 16
17 25
28 14
26 22
4 22
23 6
15 0
22 27
25 14
22 25
17 7
24 22
11 7
4 6
22 12
28 10
15 25
3 6
28 4
22 0
7 9
13 22
25 26
7 8
25 29
7 14
15 19
28 25
25 1
5 28
7 12
10 25
29 6
5 15
25 13
6 20
22 3
28 24
7 21
22 5
25 0
25 3
28 12