70
25 21 20 27 34 22 29 40 25 23 30 22 21 26 40 29 27 24 34 33 28 20 34 21 24 22 32 38 28 39 35 32 20 38 34 32 23 35 26 31 24 37 40 40 36 23 40 21 28 32 23 33 37 30 21 32 21 34 33 30 24 33 37 27 27 26 31 20 33 24
16
40 50 46 25 39 32 46 41 38 25 27 48 39 47 46 20
604
8 23
59 12
47 53
12 52
14 57
23 18
12 36
6 44
12 32
67 58
67 24
0 57
67 30
57 30
12 14
53 8
6 52
65 12
10 55
61 8
31 66
0 5
34 5
5 69
32 5
5 23
61 18
18 42
5 17
12 17
6 19
24 6
62 66
4 57
57 20
66 29
11 28
66 10
66 47
66 18
37 6
44 55
60 8
66 41
57 27
12 10
39 57
55 31
9 18
12 57
57 48
67 60
46 57
57 33
44 28
12 41
55 50
66 22
6 16
39 8
30 28
5 61
0 67
5 66
5 54
66 40
67 33
58 53
55 35
16 53
28 29
31 53
26 28
56 8
32 18
66 12
45 66
56 57
5 44
7 57
2 12
34 28
12 42
61 6
55 38
43 6
55 29
53 37
12 4
61 67
2 28
32 8
57 11
5 43
6 22
0 55
32 57
7 5
6 35
66 42
28 31
32 55
6 28
6 49
55 61
6 25
6 29
66 4
57 37
53 24
0 53
55 5
12 6
68 12
2 66
12 33
66 67
63 12
52 57
55 46
28 60
57 42
67 1
60 55
12 44
36 8
24 55
23 28
28 51
34 8
4 28
69 66
60 12
0 6
28 18
33 55
3 28
51 53
67 59
28 27
22 8
65 55
38 18
6 56
17 67
32 66
31 57
12 45
67 31
26 55
3 12
55 4
55 47
43 67
20 5
69 12
53 35
28 41
53 40
49 57
5 8
13 8
64 6
15 5
28 25
29 57
55 19
5 16
64 66
18 22
5 24
43 57
67 51
12 16
51 66
53 13
46 66
40 55
57 23
67 63
5 3
53 50
18 7
67 10
46 67
17 8
12 35
53 29
6 34
27 55
55 17
58 12
5 39
55 64
5 10
68 8
11 53
23 53
55 21
18 60
63 5
53 4
51 8
5 35
25 53
54 67
37 66
28 19
1 66
66 27
18 34
39 12
7 67
57 9
46 28
9 53
62 5
18 2
66 28
67 57
21 5
43 55
3 53
33 5
12 34
56 18
66 17
2 8
8 65
32 67
56 66
57 28
8 19
62 6
44 67
66 60
28 10
27 67
67 2
6 21
55 9
44 53
18 19
20 18
66 63
12 15
28 42
6 9
66 8
48 8
28 33
53 5
53 2
12 31
40 8
12 37
46 53
42 67
23 55
24 8
53 14
51 55
68 55
48 53
21 28
57 16
28 24
0 66
0 12
66 58
55 8
20 66
66 35
14 8
44 57
53 67
66 34
53 66
58 18
18 39
28 40
42 55
12 61
56 53
53 17
66 6
67 34
12 27
55 59
1 5
28 22
29 12
30 12
51 5
67 41
24 12
38 66
6 38
36 66
67 52
26 6
10 57
55 14
8 11
57 45
18 55
12 28
6 47
21 12
65 18
18 45
53 18
30 55
41 6
57 36
66 48
33 53
6 17
8 37
50 66
6 4
5 11
12 9
5 49
15 8
55 28
55 11
66 7
59 66
5 25
57 53
55 13
2 6
53 28
28 14
46 5
6 36
53 26
28 35
9 66
12 40
30 53
16 8
46 12
28 68
7 28
8 12
6 7
55 34
28 62
67 29
47 28
60 5
18 57
6 42
8 63
50 57
67 62
61 66
55 36
64 12
59 5
22 5
55 57
48 12
66 52
57 5
10 8
13 57
31 8
43 66
69 57
66 30
31 5
50 8
66 23
12 13
26 57
66 3
57 38
4 5
25 66
47 67
66 24
6 5
28 61
52 53
8 25
26 12
13 66
16 18
58 8
14 6
63 57
60 53
64 57
6 8
11 67
1 55
6 27
1 57
7 8
53 42
21 8
15 18
53 39
53 34
6 18
3 67
7 12
6 58
8 9
22 53
68 67
57 47
67 26
67 69
20 67
28 52
12 62
66 19
55 37
18 12
67 39
55 45
13 6
53 45
48 18
55 15
67 40
6 33
20 55
16 67
55 41
67 15
53 54
5 40
56 28
53 62
46 6
5 37
40 18
18 47
21 66
6 68
67 18
66 15
8 49
48 6
30 5
55 53
0 28
50 18
47 5
18 13
6 1
18 64
19 67
64 53
41 5
18 5
28 8
5 27
6 40
58 5
68 18
28 43
53 12
39 6
57 66
12 55
28 59
18 0
6 3
53 21
38 8
57 6
67 49
5 52
55 6
22 55
18 27
28 49
36 53
26 66
18 21
18 8
57 65
28 37
67 4
25 67
39 28
54 57
57 2
55 48
28 32
45 6
31 6
54 55
62 57
6 30
67 8
67 37
29 8
55 58
12 50
20 12
67 55
55 52
55 2
41 8
69 55
67 12
12 51
12 49
12 5
19 12
53 61
8 42
65 66
51 6
2 5
28 15
6 11
8 69
29 5
41 53
57 25
11 66
19 5
65 53
35 67
47 8
54 8
12 43
8 1
18 1
12 22
8 45
15 57
24 57
38 12
57 8
42 5
5 68
8 3
53 19
14 67
0 8
35 8
59 18
67 22
4 8
6 50
55 3
62 55
5 56
54 28
66 44
57 59
59 8
55 25
20 8
20 28
68 53
56 55
56 67
33 66
8 44
60 6
7 55
5 26
18 46
8 52
28 16
53 49
41 57
67 23
53 1
66 54
8 62
66 68
23 6
27 53
1 28
66 14
7 53
53 38
65 6
57 17
30 8
64 8
53 43
6 54
49 18
17 28
14 5
10 18
58 28
6 67
67 21
63 28
55 63
28 69