40
29 33 21 23 38 25 40 28 30 28 27 26 32 25 25 37 39 33 32 39 35 35 26 21 39 22 25 30 24 25 34 34 36 21 32 28 21 23 24 39
8
24 28 25 32 47 39 45 28
219
17 31
1 9
32 34
26 31
25 11
28 32
32 17
9 20
27 9
31 29
7 37
23 38
32 31
9 21
15 9
34 23
1 11
36 2
27 31
36 30
35 23
7 9
11 20
35 11
39 11
29 7
9 17
13 32
16 9
27 23
23 18
13 9
17 36
38 7
33 32
11 21
38 36
6 36
2 7
11 12
9 39
36 23
9 12
6 23
9 3
20 23
32 20
17 11
7 32
36 11
4 36
32 38
11 22
7 33
26 23
36 16
13 7
22 7
36 29
23 22
5 31
9 10
24 31
26 11
23 3
0 9
31 6
9 19
10 31
32 35
21 23
36 13
2 11
30 31
9 11
39 36
18 36
6 32
30 23
37 36
34 31
11 8
12 32
14 11
25 9
4 31
27 11
15 23
23 11
7 14
20 31
32 10
28 31
23 25
32 37
32 9
2 9
28 36
26 36
23 37
31 21
31 35
19 7
31 9
11 6
11 30
32 21
5 11
12 23
39 32
0 32
2 32
3 36
31 38
36 20
14 23
9 33
31 33
36 27
19 32
9 36
32 27
9 8
11 32
36 32
11 7
23 24
11 28
36 34
31 14
31 2
11 0
11 38
9 26
18 32
31 11
39 23
5 23
19 31
31 7
24 32
32 22
36 7
32 5
7 6
24 9
0 23
36 0
23 4
11 10
32 16
23 9
34 11
9 22
36 10
19 23
1 32
12 36
4 9
31 16
23 31
36 24
11 13
9 34
38 9
37 9
28 23
11 15
11 18
36 1
12 31
29 11
31 0
31 13
29 23
11 16
15 31
4 11
23 13
18 31
3 7
36 22
3 32
23 16
7 27
29 9
7 23
14 9
32 30
14 36
11 33
36 5
32 4
8 31
11 24
35 36
37 11
25 32
32 23
39 31
31 36
9 35
36 25
15 36
36 21
23 8
31 22
23 10
32 26
8 36
3 31
3 11
32 14
36 33
19 11
23 1
9 5
9 30
36 19