80
25 36 23 25 37 26 32 34 39 23 36 36 32 25 36 36 26 34 25 25 34 30 23 32 33 31 30 33 33 34 35 26 29 36 32 20 24 28 37 38 32 28 20 27 32 39 34 39 36 33 35 34 33 28 20 22 22 28 20 24 27 28 31 40 36 31 31 20 37 28 38 31 24 31 31 39 20 22 37 33
20
28 27 48 32 26 37 32 48 40 25 20 29 30 32 23 32 20 35 35 38
1981
26 25
11 27
27 62
24 65
47 72
68 11
48 35
47 67
50 41
67 26
15 13
3 77
71 35
41 63
77 76
76 58
75 23
27 61
31 23
5 50
52 59
2 1
66 15
36 39
11 74
1 74
20 49
19 47
39 58
71 34
71 10
62 55
71 76
9 19
38 56
26 24
30 1
65 47
0 43
30 68
17 77
7 35
70 48
62 29
17 38
11 40
18 44
53 71
31 49
16 1
75 22
4 62
68 58
48 8
27 58
48 30
55 65
59 45
64 22
41 45
37 0
56 9
50 46
71 50
56 78
27 4
74 5
77 65
7 59
65 21
15 43
55 74
10 47
37 76
48 54
5 66
67 73
18 61
9 8
65 67
11 32
13 3
32 34
63 55
27 34
39 68
22 43
6 41
76 72
20 15
12 74
73 6
43 47
36 22
77 30
56 72
73 56
51 37
39 54
40 59
23 54
54 68
62 60
15 47
10 46
76 38
9 73
18 48
14 68
55 1
15 14
45 46
11 71
19 78
25 42
28 46
19 43
8 49
27 40
1 54
75 25
11 22
29 1
0 6
48 60
15 53
38 54
18 8
60 56
73 63
23 57
18 21
24 7
44 72
49 16
28 54
53 27
25 2
37 56
7 61
78 71
71 41
26 63
20 55
73 64
25 51
17 34
30 18
0 55
43 26
62 54
13 39
38 0
28 39
11 62
13 26
51 18
47 4
29 25
4 59
54 13
74 70
16 48
42 34
63 46
64 1
9 72
16 68
17 54
0 49
19 37
0 23
23 40
27 1
47 69
39 10
79 73
27 59
43 76
73 38
54 74
51 27
41 13
32 71
51 1
34 78
23 27
38 77
26 78
63 18
5 60
45 68
77 39
55 42
48 47
26 38
28 19
39 20
73 31
22 50
47 49
15 35
68 28
39 9
22 60
77 70
49 46
41 46
25 9
46 40
77 53
49 34
5 23
53 51
41 20
48 49
23 24
23 6
18 58
61 49
7 1
50 56
70 12
43 65
58 77
15 72
11 1
76 60
66 27
6 7
73 11
59 33
46 16
18 55
71 47
16 9
15 32
61 15
22 29
40 48
10 19
44 41
50 73
7 72
25 4
74 64
62 39
11 19
52 65
58 22
52 56
19 49
56 13
52 13
46 5
13 70
0 59
51 13
78 7
2 71
49 63
50 15
77 6
39 79
41 60
76 16
73 60
8 54
37 62
43 18
73 48
23 20
30 44
46 24
2 22
35 11
25 28
73 4
2 49
28 22
14 9
21 7
74 49
9 68
55 23
53 5
23 58
77 12
53 11
26 30
15 23
33 38
31 77
19 77
71 0
72 39
74 61
56 43
68 63
44 43
29 19
30 46
47 22
73 24
76 47
75 46
25 16
44 47
27 10
22 8
14 12
23 35
70 27
44 33
17 41
19 3
7 42
74 20
73 3
4 55
42 54
0 68
67 9
39 75
63 48
62 34
70 55
14 23
13 75
37 73
65 6
79 26
3 74
69 13
38 22
30 74
44 63
71 8
70 73
62 58
37 68
75 19
35 34
71 77
18 26
35 13
58 71
47 42
51 11
17 65
31 38
5 16
53 44
57 9
49 22
18 66
54 79
56 69
51 23
53 1
2 51
56 8
22 12
49 60
5 42
2 27
60 23
62 20
69 49
27 63
57 18
73 42
79 62
73 7
15 5
44 36
52 51
8 27
65 26
1 52
7 5
2 76
51 33
48 72
3 34
35 62
7 41
76 75
16 51
39 7
13 46
66 34
3 0
25 40
5 9
71 25
12 75
41 64
51 48
67 38
10 54
17 27
9 17
56 20
56 46
21 71
41 34
36 15
22 72
57 48
38 11
39 45
31 5
47 66
13 64
24 38
11 34
33 18
41 25
27 44
45 77
55 44
5 38
13 6
56 32
2 46
77 75
21 34
45 12
65 74
9 4
44 52
27 22
33 41
56 23
7 17
23 25
29 51
53 18
49 67
61 38
15 62
78 12
72 77
11 45
9 36
42 26
55 52
40 51
64 23
23 29
15 54
46 0
2 74
39 16
54 65
79 5
49 17
70 11
34 39
49 32
10 23
74 46
16 77
39 47
71 27
39 43
64 71
40 22
33 22
71 24
0 79
52 76
44 21
51 65
49 24
54 29
57 15
49 18
13 79
37 15
59 28
49 54
74 40
33 39
36 34
54 66
43 9
68 41
17 55
4 19
56 12
55 12
40 65
8 47
14 65
6 18
46 21
22 26
69 34
49 43
26 10
56 11
21 22
73 74
75 51
68 29
36 76
23 7
54 67
68 65
46 77
11 9
15 10
70 65
11 44
61 47
54 11
15 44
63 62
37 13
20 9
79 44
65 69
49 33
22 16
51 3
73 32
53 68
42 12
65 0
1 4
5 48
62 73
13 17
77 78
16 56
46 58
62 75
35 46
48 79
39 59
40 15
7 67
23 17
15 19
41 29
54 63
0 57
54 71
1 33
32 44
47 33
12 59
18 37
53 56
76 34
47 23
31 12
41 28
13 27
47 30
15 73
10 25
5 12
3 56
36 68
49 58
18 72
35 25
55 11
23 4
15 11
73 35
12 49
65 39
76 48
59 38
34 23
63 74
77 20
38 66
11 39
26 76
18 15
62 64
75 41
63 51
34 29
66 74
28 65
13 74
59 30
32 5
55 57
20 22
43 54
0 28
22 19
42 46
18 22
0 12
26 31
5 47
73 58
66 48
48 45
65 27
25 53
77 55
77 32
62 7
45 62
52 68
22 14
12 18
68 18
35 41
17 73
48 65
71 42
26 2
71 23
73 28
76 19
74 28
23 65
49 23
76 20
48 0
77 37
37 54
23 19
13 28
23 8
4 76
22 65
37 59
49 70
48 36
28 38
34 4
63 15
65 42
19 70
6 47
7 31
30 49
27 35
9 51
49 79
35 65
13 4
4 51
18 47
65 79
19 31
49 38
79 59
64 47
77 11
78 9
57 34
2 5
13 68
43 27
39 69
15 64
15 31
26 51
60 13
16 0
78 51
39 5
26 28
15 79
13 38
76 27
25 52
72 49
65 8
73 27
51 21
14 7
58 11
14 77
34 64
30 15
74 10
44 34
9 62
54 35
6 49
13 12
46 47
22 66
12 65
27 37
34 65
36 1
59 24
12 46
9 13
64 7
33 23
6 19
63 71
21 47
48 38
71 70
64 18
76 59
64 12
2 68
30 76
67 41
19 24
76 49
25 49
24 18
5 59
14 48
46 25
44 42
40 49
71 29
69 11
35 74
32 46
22 46
8 44
78 73
35 76
11 72
0 56
7 15
55 32
15 29
68 48
59 70
45 23
72 1
55 43
19 57
15 6
58 51
53 74
70 46
68 4
5 19
41 26
41 53
77 57
52 41
57 46
15 76
74 6
6 55
0 32
77 13
46 3
41 61
50 39
52 74
16 15
3 49
18 34
51 7
73 33
54 70
74 45
71 30
23 13
1 59
71 68
51 45
46 65
44 40
59 67
59 6
38 40
48 13
5 58
36 25
76 31
40 68
34 30
50 27
19 8
48 29
54 18
38 46
0 13
11 21
56 21
38 62
18 9
60 38
68 77
38 44
70 18
7 65
28 34
54 6
53 59
69 38
37 65
46 43
24 9
71 7
21 15
24 0
56 44
73 49
23 36
41 1
27 30
25 65
55 64
16 41
34 79
77 52
31 41
68 31
74 16
32 76
9 49
29 39
5 26
66 23
68 46
45 55
18 7
49 37
10 34
1 77
58 44
59 32
0 67
39 73
56 22
28 15
43 11
41 72
19 41
0 77
34 63
48 44
34 67
20 25
26 59
75 5
11 26
25 50
12 3
26 12
17 74
31 56
56 14
0 66
44 71
54 30
48 52
74 41
25 24
22 48
13 7
46 33
13 40
7 20
79 18
56 59
12 57
31 44
12 10
77 61
77 28
61 12
51 22
4 7
57 38
41 73
29 38
66 68
65 59
53 46
38 12
38 4
26 77
69 48
77 23
27 0
23 74
0 63
16 71
71 5
42 27
2 59
59 68
23 48
34 16
18 73
73 5
47 35
56 41
8 11
3 18
40 62
71 38
50 23
5 36
71 1
54 20
33 65
39 22
11 36
68 6
78 0
13 43
17 59
59 75
38 30
27 9
48 32
5 11
3 41
41 47
12 9
57 39
68 21
49 4
64 48
72 26
50 74
18 27
25 33
75 44
51 39
33 7
61 73
14 54
76 21
40 55
60 74
59 35
69 27
13 14
9 44
48 62
8 26
45 27
78 23
74 19
25 48
28 9
69 15
61 55
11 28
65 66
21 19
7 2
76 0
57 54
79 41
23 62
7 76
19 13
39 25
14 18
37 22
77 29
32 68
22 30
15 1
41 27
26 17
33 54
65 58
51 38
1 65
20 47
30 7
49 7
43 71
76 33
9 59
27 12
46 34
9 23
24 41
74 7
18 1
1 32
38 75
57 41
7 16
49 75
12 62
3 9
55 35
3 54
51 20
78 18
21 49
27 46
67 55
27 78
16 59
41 76
7 77
23 18
18 77
52 15
74 51
56 75
59 43
0 73
54 59
60 51
78 74
64 54
16 47
0 41
21 77
15 38
26 64
25 77
20 73
34 14
77 43
46 18
54 77
41 58
63 7
39 0
75 68
76 12
41 54
23 73
50 11
68 7
30 19
10 62
0 8
18 5
12 19
23 16
39 48
36 18
3 47
48 43
13 33
27 7
60 18
15 25
55 48
55 47
23 30
48 53
55 38
44 66
79 68
42 13
47 78
7 29
61 46
47 70
73 44
39 71
66 1
0 4
3 38
76 14
77 73
11 2
68 42
74 8
52 11
64 65
71 69
70 34
63 38
77 4
4 44
69 0
73 68
17 18
48 78
29 49
55 78
6 34
70 56
0 51
51 8
29 56
38 72
20 27
25 72
34 55
23 59
30 11
28 23
59 58
53 65
15 2
25 37
21 1
54 32
79 27
61 71
15 9
56 5
35 51
54 46
76 55
21 48
55 8
56 76
46 1
62 51
39 24
12 68
33 0
27 14
51 69
56 58
48 37
65 72
48 75
12 11
44 16
57 59
39 14
18 40
13 67
1 48
26 14
52 47
28 71
40 77
74 59
66 7
77 59
0 22
77 67
44 77
54 61
49 42
73 65
41 36
52 27
5 35
64 27
70 7
67 23
9 76
24 68
39 15
76 8
32 65
79 55
38 19
4 54
59 10
73 10
54 12
29 76
73 47
26 3
19 61
62 46
45 38
4 71
7 28
9 79
5 4
38 1
2 9
38 78
71 26
15 75
28 47
31 1
55 26
74 36
66 13
27 31
43 25
45 22
13 8
77 42
68 33
35 9
76 51
23 63
49 27
19 54
12 72
18 39
25 19
67 19
65 2
7 52
6 25
69 41
77 10
9 63
47 29
79 77
51 34
20 26
3 27
21 5
24 44
72 5
11 49
62 41
0 1
25 31
54 31
16 73
41 9
68 74
79 56
55 53
68 50
0 70
6 1
74 58
50 65
32 38
19 32
11 75
44 14
26 39
79 38
52 54
79 7
19 53
71 57
25 13
61 65
67 39
27 55
50 18
0 15
68 35
1 79
34 2
35 0
8 25
77 8
71 79
36 65
12 41
38 14
68 51
9 31
44 0
46 64
17 39
56 2
5 0
55 39
23 3
38 9
1 42
56 1
26 48
77 66
48 19
54 69
1 47
5 8
30 5
6 46
58 15
59 63
31 0
29 9
32 9
40 41
26 27
74 39
8 59
27 75
22 15
68 26
3 7
2 54
46 69
76 40
42 48
21 54
2 44
7 48
51 44
31 55
47 74
67 18
13 44
58 19
48 50
74 21
34 31
17 15
65 15
50 51
48 6
66 62
58 13
47 57
4 22
38 35
22 63
49 35
46 4
61 56
15 46
26 33
65 71
63 77
74 44
38 47
26 44
13 49
5 14
42 9
47 79
0 10
36 27
70 9
12 43
77 62
40 19
26 57
41 18
32 7
49 71
73 8
26 49
66 49
34 59
22 23
10 41
2 13
67 51
77 49
1 49
73 22
77 41
68 64
19 62
5 52
70 51
62 26
15 70
62 30
5 43
2 47
71 17
14 62
47 12
54 76
73 12
1 60
65 5
67 48
62 50
51 57
31 71
34 48
56 55
19 16
76 6
11 42
3 39
20 44
65 57
28 51
40 73
74 62
51 49
73 57
10 5
45 13
12 71
29 74
18 62
11 66
68 34
4 18
0 11
5 49
34 15
18 56
7 19
24 55
18 69
12 51
27 67
55 7
77 5
67 15
78 49
48 2
45 65
62 56
34 52
23 44
22 34
55 28
21 55
25 30
6 44
31 46
38 27
58 25
73 26
77 47
43 68
13 34
55 68
26 16
13 61
77 51
1 12
23 70
77 22
26 32
31 47
59 29
72 74
44 64
41 4
20 68
8 1
9 71
5 6
29 44
5 41
16 27
46 60
47 13
38 7
44 50
0 21
26 36
76 45
65 38
38 58
13 59
25 11
78 13
44 28
9 1
4 15
55 22
41 22
44 19
56 67
76 73
27 39
19 64
19 45
54 24
49 41
36 54
47 32
35 22
34 12
13 32
71 67
61 26
7 36
44 54
23 53
62 36
15 59
9 64
23 26
19 35
43 74
46 23
1 35
1 19
60 77
63 56
53 38
2 77
18 76
19 69
1 50
13 72
73 21
15 55
27 60
12 7
50 76
62 47
55 33
39 66
26 15
76 24
72 23
60 15
48 4
63 19
48 20
74 75
75 1
36 56
61 11
2 55
70 38
37 74
56 39
1 24
62 6
59 49
2 0
49 36
11 76
68 47
23 1
48 46
68 8
11 60
29 5
6 56
63 25
77 34
30 41
75 73
5 20
79 19
5 13
17 56
68 19
7 69
34 61
68 23
62 49
64 5
13 62
43 1
27 72
53 39
63 13
34 25
56 4
9 22
65 76
5 37
71 20
48 61
3 71
10 44
35 44
38 18
30 65
23 76
46 11
55 60
74 71
9 46
32 18
42 74
55 49
26 35
7 46
14 1
78 41
5 40
21 39
77 69
44 46
75 71
28 5
11 3
14 11
55 37
18 52
56 19
6 26
38 50
1 63
25 45
77 50
47 51
46 8
71 45
24 13
49 57
19 33
8 34
25 18
5 27
76 64
9 33
54 56
25 14
34 73
62 32
30 73
79 76
56 71
6 51
30 51
38 36
23 52
54 16
27 21
79 46
63 11
65 75
16 38
14 41
51 79
25 66
14 74
24 47
56 65
11 24
11 67
56 30
74 57
8 41
10 1
54 55
64 0
62 43
79 74
20 34
37 9
59 20
27 32
13 53
13 71
77 64
34 38
74 25
27 54
6 27
26 19
43 34
62 0
45 56
10 68
26 21
28 62
20 46
0 72
12 48
74 32
0 17
71 62
73 53
34 19
64 51
34 24
52 19
18 35
62 59
54 25
76 63
31 39
42 51
53 22
52 46
49 68
73 25
49 45
9 52
44 7
25 56
28 56
33 34
68 72
55 9
39 23
69 74
42 18
44 37
76 39
72 62
73 52
53 76
68 56
54 5
7 57
59 25
66 56
56 10
23 79
22 59
49 53
30 9
59 60
51 32
2 19
55 5
5 51
71 60
11 48
5 24
11 78
64 59
46 17
78 46
11 6
55 25
42 15
22 54
48 28
37 26
61 9
1 40
79 22
6 9
62 53
7 10
58 1
74 18
71 37
1 73
37 47
12 23
50 13
57 56
39 78
32 22
59 21
16 62
61 59
39 70
15 12
24 51
57 27
27 19
10 49
52 38
75 55
0 36
3 48
51 41
48 58
18 45
6 71
35 77
62 33
42 76
4 11
10 76
52 71
51 43
23 11
66 26
64 25
34 74
34 56
66 76
73 13
49 14
39 1
29 46
19 50
50 55
11 79
19 18
45 5
56 7
21 9
23 32
24 62
76 28
33 71
22 24
64 11
59 18
41 48
27 29
74 67
41 32
69 26
51 31
52 62
34 37
22 10
13 76
76 46
35 56
44 12
26 29
56 26
15 45
70 26
25 47
17 19
10 9
21 25
31 62
17 47
46 39
32 25
47 11
7 37
29 0
18 28
2 23
62 65
59 3
39 38
50 59
47 36
12 25
0 61
33 5
60 65
40 56
65 19
8 7
11 17
65 41
52 39
38 64
26 52
1 28
5 34
46 37
9 69
18 2
50 49
30 55
42 59
1 34
48 31
62 2
21 13
38 25
63 65
11 33
65 44
71 22
79 25
47 59
1 45
69 73
17 48
7 43
54 72
11 37
13 22
7 25
56 51
59 48
36 77
6 38
18 71
4 74
44 45
44 59
56 49
60 39
46 67
65 9
60 19
5 63
0 42
78 54
78 65
25 60
74 38
73 29
64 39
1 26
8 15
41 2
58 55
0 74
11 59
56 64
39 61
8 38
52 22
17 51
44 49
0 19
22 31
9 66
39 49
41 11
9 48
11 7
66 41
37 39
70 41
38 68
49 65
21 62
73 43
27 28
47 27
75 18
59 31
69 55
68 27
40 39
10 38
25 27
42 19
65 4
59 41
49 15
19 20
39 42
51 10
10 55
76 74
30 13
71 40
0 20
1 13
39 41
14 0
47 63
15 78
61 51
1 37
42 62
2 73
46 26
22 6
20 38
48 71
74 31
23 69
57 11
51 54
10 48
15 68
61 23
74 9
0 18
13 57
26 74
69 59
13 36
3 15
41 55
54 73
39 44
45 73
65 3
56 42
55 29
3 55
4 26
22 7
71 15
0 30
42 22
19 39
1 20
16 55
0 52
77 9
22 74
15 51
15 41
21 12
78 59
56 47
44 60
2 38
25 0
60 68
13 55
34 72
8 62
14 47