60
31 23 25 34 36 38 38 29 24 26 33 27 25 26 25 22 29 39 39 22 24 32 25 27 35 39 25 38 39 25 34 28 38 36 31 34 26 27 33 34 29 38 34 31 34 21 24 21 21 39 36 20 30 32 20 22 20 32 29 20
12
23 36 31 20 42 26 41 28 29 29 37 30
1017
26 3
22 25
22 44
12 1
31 15
26 40
39 27
51 21
26 53
19 21
23 21
31 44
51 5
15 57
48 33
52 28
24 30
46 2
44 9
44 50
51 39
47 8
35 46
33 54
26 59
26 30
37 26
23 26
28 59
19 27
35 58
26 16
39 38
41 50
46 0
33 46
30 35
35 52
7 1
37 17
28 17
33 20
4 26
51 11
11 47
55 38
1 42
45 53
47 3
23 53
57 1
9 30
37 13
37 1
19 22
18 44
12 47
30 20
1 58
49 30
49 33
33 22
42 44
48 8
44 12
34 47
47 39
28 24
38 15
21 11
43 51
25 24
54 8
7 15
33 51
40 53
20 58
37 38
50 15
25 35
30 44
15 45
33 53
47 25
25 32
1 55
50 46
51 53
42 39
1 21
8 39
30 6
25 6
14 17
25 14
47 40
30 33
15 10
56 8
29 51
46 22
55 46
18 17
50 59
52 21
47 22
1 32
33 47
0 39
33 55
30 52
58 31
3 46
41 44
25 38
33 5
8 12
41 19
51 49
59 43
17 19
52 58
25 9
52 16
7 55
57 55
59 42
53 55
30 12
34 33
9 58
30 56
2 11
29 2
31 19
54 50
41 39
39 21
18 33
30 55
29 28
20 52
22 13
29 30
4 2
59 41
10 33
52 41
44 26
24 47
24 52
18 29
52 22
8 50
52 56
36 15
50 25
15 11
29 1
58 12
31 26
19 45
53 49
19 25
57 47
59 54
19 52
45 13
53 54
8 2
29 15
11 58
26 52
31 13
15 8
8 24
13 21
44 49
49 1
55 10
12 51
19 46
47 1
31 51
32 37
14 21
59 25
53 39
15 52
30 41
27 15
34 59
35 55
4 14
41 2
19 59
8 32
15 17
55 27
36 8
58 27
5 13
53 25
2 17
25 43
30 11
33 19
30 0
42 19
30 53
35 13
18 51
17 39
24 51
26 51
28 47
49 25
20 1
13 17
41 37
53 41
24 2
20 8
37 25
14 9
59 18
58 48
15 44
28 16
53 0
26 41
28 44
35 59
38 50
7 25
44 17
18 49
54 30
19 8
39 22
52 3
18 27
16 44
5 30
29 58
44 39
43 1
33 3
27 50
2 30
38 46
50 30
53 12
4 30
51 22
37 59
36 46
30 22
55 54
10 21
3 1
59 51
18 8
14 53
2 48
10 26
37 11
44 19
49 15
28 4
28 37
51 2
46 14
2 59
42 2
57 2
10 18
1 40
42 21
59 21
44 5
31 28
45 50
18 6
32 39
53 24
45 26
22 37
19 55
46 49
44 33
59 23
3 53
4 58
18 41
55 21
58 56
34 53
18 53
9 33
27 30
20 25
39 20
27 25
0 44
33 2
46 42
55 56
55 40
52 27
24 26
14 11
48 26
57 18
54 51
47 26
13 49
22 28
52 11
18 42
58 43
42 51
44 4
0 2
36 25
39 1
17 50
52 5
10 39
26 18
27 28
1 14
59 3
33 39
8 25
19 10
53 47
47 36
14 24
1 19
22 58
21 24
13 56
1 56
51 9
37 8
52 43
52 13
59 53
13 0
28 0
53 16
44 32
30 36
3 44
1 23
58 49
47 51
58 57
38 47
45 28
58 33
19 7
17 47
21 58
55 58
51 0
52 54
47 43
24 19
53 50
5 46
16 1
44 37
39 48
20 18
34 50
59 11
4 8
28 20
46 51
26 11
21 44
25 56
18 37
47 58
50 39
2 6
14 0
14 16
18 46
54 47
37 10
1 35
10 30
19 9
44 54
6 1
30 37
24 15
52 44
4 15
16 25
47 21
26 34
52 47
21 25
18 52
25 10
26 46
37 34
13 16
30 8
55 24
18 40
57 30
55 44
7 39
15 14
53 28
46 11
50 13
39 23
44 38
53 35
57 50
46 17
17 58
14 18
38 58
48 51
39 25
39 28
3 50
52 42
32 19
19 26
49 26
18 1
8 35
38 2
39 52
16 59
3 55
59 17
46 29
16 58
15 39
33 16
41 33
51 1
32 33
9 46
21 53
14 29
18 2
13 7
19 51
51 7
47 19
19 3
41 28
36 59
47 9
33 45
21 15
59 5
6 39
21 18
28 7
46 24
55 34
13 38
19 57
35 18
28 35
14 52
13 12
29 19
59 12
29 50
14 38
18 30
26 36
1 9
18 28
52 51
2 10
26 5
23 8
47 49
23 52
47 29
57 21
37 45
37 4
37 33
39 34
48 14
9 39
40 52
22 50
14 13
18 48
26 12
54 25
28 50
24 59
9 37
50 21
59 39
17 55
8 11
21 30
32 51
55 6
59 49
46 43
24 39
8 49
58 46
58 36
22 15
37 48
35 15
53 15
57 28
52 50
58 5
1 44
47 37
31 18
4 18
8 31
4 53
33 6
19 4
30 43
44 2
13 36
42 50
30 7
40 2
59 4
28 21
23 46
42 28
33 24
44 53
26 2
1 5
47 2
50 19
13 27
55 25
35 44
50 47
30 17
9 53
32 47
44 8
25 0
52 59
11 1
53 20
13 55
1 13
23 2
44 25
27 26
12 55
33 26
16 39
59 33
19 23
50 49
55 59
29 25
58 19
25 33
31 59
38 19
32 50
25 11
15 26
54 15
12 28
51 37
21 49
1 41
5 15
1 38
18 55
13 6
29 13
5 47
55 51
45 55
18 56
18 39
20 21
45 1
45 8
14 42
4 46
49 52
27 1
0 26
24 37
27 2
57 46
6 50
50 37
13 9
49 55
25 42
18 15
8 41
55 50
44 14
58 26
54 1
1 50
7 58
26 9
5 8
14 10
30 46
37 6
10 58
2 13
30 16
28 36
30 32
11 28
48 30
59 15
2 16
58 53
57 51
57 39
12 15
46 40
32 28
17 8
38 59
2 28
14 51
47 15
20 51
26 28
17 53
13 41
36 53
28 43
55 16
0 47
7 59
52 2
15 37
0 50
46 13
39 30
53 5
39 58
33 15
8 51
38 52
18 25
31 46
55 48
10 50
1 48
2 34
2 31
32 58
20 55
18 58
44 29
59 40
8 53
15 6
44 24
46 21
41 15
25 12
17 51
14 40
37 58
31 25
59 0
56 50
9 15
8 27
56 15
13 10
14 22
45 2
37 21
46 54
49 28
35 47
41 46
31 37
5 55
43 44
47 13
19 15
56 53
26 20
48 25
55 4
15 1
22 1
28 54
52 57
30 31
40 39
14 56
13 4
28 14
33 38
36 52
53 43
42 15
57 59
40 50
21 26
8 14
28 33
2 3
58 41
18 34
7 26
23 18
23 33
18 38
32 55
52 29
2 50
36 44
11 53
57 37
9 59
14 27
57 13
51 41
9 55
37 53
34 19
47 42
58 54
57 25
6 26
33 14
42 33
58 24
53 19
47 18
30 45
28 46
19 11
33 56
13 20
55 39
52 6
55 41
12 33
38 53
55 28
26 14
8 21
18 32
2 1
13 26
19 40
45 51
16 37
19 0
2 9
55 0
27 51
28 19
59 58
37 46
53 6
50 23
40 44
27 37
47 4
18 19
14 50
25 17
50 5
52 25
6 58
14 7
30 1
13 53
13 24
26 1
28 48
56 51
45 25
0 37
6 51
11 39
1 34
23 44
52 55
33 11
51 16
50 26
35 51
14 23
39 56
53 10
50 33
18 12
23 55
58 8
14 6
47 55
39 29
32 52
13 59
39 45
23 47
7 44
2 22
2 7
19 48
8 43
55 31
46 1
33 27
29 21
8 57
8 0
8 46
58 50
20 37
32 26
14 47
39 4
52 48
30 14
47 16
14 20
46 34
13 33
2 58
7 52
12 46
15 0
18 45
16 19
5 18
7 33
13 18
44 11
38 8
42 13
46 53
53 52
30 59
8 9
1 8
13 19
33 40
43 33
38 28
46 15
14 31
26 43
11 55
8 16
50 20
42 53
58 44
52 46
31 39
18 54
50 31
37 29
52 12
31 53
37 40
53 1
58 0
33 57
54 26
36 50
36 33
20 2
3 14
34 52
48 15
10 51
53 22
1 28
8 10
11 13
57 26
19 30
6 19
26 17
39 3
32 53
13 8
3 37
50 35
2 25
13 39
50 48
5 25
50 51
57 44
8 28
33 35
1 25
21 33
10 1
7 46
52 10
9 52
53 7
7 37
55 15
26 56
33 29
2 55
30 47
47 7
56 19
46 32
8 33
32 14
13 43
10 28
59 8
13 48
32 59
31 47
28 5
1 36
26 25
55 36
14 59
18 3
59 22
7 8
34 44
21 2
28 6
42 30
15 20
8 52
25 4
28 56
55 43
27 53
18 43
8 3
14 58
38 26
56 37
47 41
53 29
34 8
13 44
38 30
48 53
16 15
24 1
56 2
39 46
15 32
13 32
22 18
54 13
25 46
38 51
26 35
2 32
59 29
45 58
42 58
26 39
55 37
15 2
59 1
41 14
14 45
40 8
4 51
57 14
18 0
37 52
50 43
12 50
18 36
9 28
53 2
52 45
23 37
25 41
16 46
42 37
50 4
36 51
20 19
44 51
34 14
14 55
6 8
43 15