20
34 28 24 37 34 21 40 39 30 34 34 37 34 33 30 23 39 35 33 32
4
41 35 31 21
138
6 11
2 6
11 8
13 14
11 4
14 4
2 14
16 6
12 3
16 10
10 11
3 14
15 0
12 13
1 8
7 6
6 4
15 3
11 12
5 8
12 19
19 15
17 2
7 4
6 12
9 12
6 15
0 17
15 17
14 15
9 16
3 18
3 8
7 10
6 3
10 18
15 5
8 0
5 3
2 16
10 6
4 12
4 9
1 14
8 14
0 12
4 15
14 16
18 15
14 6
17 8
16 8
14 12
13 17
18 12
16 7
3 10
14 10
5 2
14 18
8 15
19 8
3 9
10 8
6 13
16 5
16 18
6 17
1 3
3 7
1 6
18 5
16 17
17 18
4 19
12 7
7 15
3 11
7 8
4 1
1 10
8 12
0 4
6 18
19 5
18 8
19 3
13 3
12 17
0 10
12 5
17 19
3 17
0 14
4 13
4 10
12 2
1 15
16 3
19 14
16 13
2 15
12 1
11 17
15 13
1 17
9 14
9 5
17 10
16 11
15 11
19 16
5 11
17 9
10 19
5 10
8 9
15 16
5 4
14 11
10 2
13 10
6 0
10 12
3 0
5 13
12 15
8 4
0 5
4 18
2 8
9 6
4 16
5 1
6 5
4 17
19 6
12 16