60
40 38 21 33 33 21 39 22 20 39 33 21 21 37 26 24 31 25 22 31 29 38 28 30 37 25 38 25 34 26 21 31 33 37 25 24 37 34 33 27 29 26 40 35 28 27 24 29 36 33 38 34 24 26 34 24 25 37 29 22
12
31 28 48 42 36 37 39 36 38 50 28 32
1294
12 8
55 3
47 35
26 48
13 40
53 42
46 31
29 41
21 47
56 11
6 48
17 16
14 54
1 25
8 48
55 34
5 58
19 40
40 0
0 29
12 40
33 8
15 48
10 30
12 44
57 6
13 44
28 4
53 28
5 55
21 45
11 36
14 21
58 27
38 35
47 51
39 53
58 17
46 45
43 16
2 6
1 55
23 58
18 25
55 9
26 5
14 17
45 12
8 34
50 0
6 8
40 50
35 11
44 1
11 0
47 8
25 15
17 13
16 26
16 32
18 22
54 6
36 7
42 57
26 47
29 44
40 58
29 22
45 17
59 44
48 3
47 33
32 5
10 12
40 15
48 17
6 53
19 31
33 34
10 40
37 55
31 41
54 11
19 18
10 17
18 23
18 6
48 0
34 9
42 26
14 20
46 5
19 32
31 58
54 8
59 29
16 48
44 27
53 11
56 5
26 49
20 55
35 31
1 51
40 14
22 10
47 3
27 54
47 45
25 39
35 50
24 16
47 9
42 29
3 35
34 31
22 1
59 27
31 32
11 9
40 4
2 47
32 11
56 33
4 2
29 47
2 50
7 48
24 41
29 6
45 42
50 3
49 59
33 24
16 37
17 40
27 35
0 3
36 9
2 25
1 5
37 17
57 45
48 13
40 5
40 56
22 12
51 53
50 16
1 11
29 9
44 25
19 30
47 15
24 25
1 27
47 56
31 37
32 47
24 55
44 21
51 7
18 24
58 35
37 29
59 47
33 41
29 57
26 19
27 9
10 1
10 0
46 51
0 25
56 10
2 27
59 24
32 50
38 31
31 20
46 44
50 28
25 55
55 2
23 6
54 55
48 58
47 57
18 9
35 10
16 7
28 1
2 32
56 26
53 45
7 3
59 5
48 54
35 44
55 28
51 26
19 11
15 50
7 39
32 28
24 3
19 39
14 57
53 14
40 41
11 46
57 9
56 48
3 44
43 14
2 23
43 19
14 1
59 28
19 4
13 5
50 1
33 35
49 45
40 22
41 19
19 17
7 12
44 50
24 40
11 6
53 33
51 49
23 33
56 31
50 55
27 46
6 58
42 50
10 8
8 5
11 42
35 9
7 34
8 53
43 7
29 43
0 53
20 24
20 49
18 10
3 26
5 39
8 37
55 22
54 50
19 14
35 36
35 16
39 22
36 47
28 16
8 52
25 4
57 38
21 10
19 38
58 33
17 12
28 31
4 50
2 1
4 6
25 26
29 52
38 9
23 54
7 25
26 40
13 47
57 8
35 41
14 12
8 1
35 51
43 5
53 26
58 11
52 27
53 47
2 19
31 5
33 4
14 2
10 26
44 30
49 40
25 31
40 9
44 32
26 58
52 26
41 2
37 14
48 14
5 48
27 11
55 16
45 52
24 19
45 5
8 14
51 4
24 35
13 10
31 1
13 55
56 29
53 10
34 51
51 2
21 33
16 5
17 8
6 55
18 28
2 22
25 51
27 42
22 11
5 7
22 9
14 36
56 51
10 25
43 17
43 10
0 47
27 24
13 9
3 5
28 48
26 17
19 54
35 57
49 47
37 27
55 11
16 57
11 17
52 44
7 45
17 30
40 47
11 26
39 14
11 3
51 38
2 29
21 31
50 20
56 53
49 18
44 14
44 53
23 28
14 33
17 0
24 44
30 47
48 47
44 58
11 43
45 25
16 58
42 51
46 24
55 45
53 12
11 47
35 48
30 16
27 12
21 53
54 57
31 12
50 21
48 34
32 7
36 23
8 41
12 26
40 1
3 59
28 2
14 59
47 41
9 58
55 48
53 46
35 25
5 42
17 39
0 24
30 51
9 49
28 41
21 57
27 6
14 23
57 32
8 7
4 24
27 51
53 43
5 25
59 50
28 47
14 47
39 23
53 15
57 11
15 51
7 19
49 33
25 43
23 3
25 19
22 52
7 17
21 28
12 29
10 20
56 6
54 28
57 15
26 6
49 7
22 28
51 8
5 36
5 15
5 19
14 27
48 33
29 48
57 2
35 17
17 15
9 45
11 24
4 35
38 14
55 33
2 53
59 57
18 45
2 26
53 13
7 22
31 14
12 24
29 33
19 47
56 27
24 38
58 8
45 31
2 17
9 0
28 12
15 10
47 12
45 39
56 22
5 33
2 34
40 2
49 55
50 48
42 17
13 45
54 31
46 9
53 24
23 19
39 2
9 31
25 54
44 45
5 34
4 44
35 14
22 59
12 55
22 36
53 23
49 16
23 47
1 29
44 54
50 33
57 30
30 25
15 11
48 59
55 4
48 24
48 20
35 0
11 28
50 12
30 23
58 2
9 54
4 7
23 4
5 9
24 2
59 19
11 23
20 53
33 46
22 33
38 26
2 3
45 19
51 23
21 49
27 18
55 38
6 44
44 38
42 47
48 40
26 27
23 20
41 51
33 52
22 46
23 42
57 24
3 33
30 35
19 34
16 44
24 49
7 11
48 49
20 16
42 6
19 37
45 1
4 5
3 52
8 55
29 36
28 52
57 49
16 41
25 58
55 21
8 39
25 13
3 12
25 21
54 29
48 36
48 10
2 44
6 1
0 51
6 38
47 20
14 28
40 31
52 5
50 11
45 30
34 14
47 17
29 51
23 15
38 40
7 53
50 36
16 36
50 46
42 10
51 11
9 16
31 55
29 39
22 25
17 31
0 57
54 35
37 47
24 56
11 8
28 8
18 51
19 53
17 4
26 15
31 4
35 23
23 59
44 34
54 49
21 23
45 43
35 6
15 22
27 30
31 7
34 23
13 19
23 44
45 35
32 6
28 34
55 41
2 18
49 3
22 44
23 48
17 18
9 37
32 22
51 14
5 0
44 31
40 8
8 38
13 14
41 9
17 44
56 16
49 23
1 53
42 8
40 45
27 55
42 3
38 7
45 28
22 30
38 29
3 40
42 33
10 52
12 25
43 6
24 1
10 6
2 20
48 2
57 52
39 11
33 15
51 43
11 38
13 8
53 9
16 29
8 0
16 51
30 49
50 51
40 25
56 50
35 28
33 31
34 3
35 32
31 10
27 45
45 37
1 49
17 32
5 6
1 17
7 57
5 38
53 55
37 48
3 43
1 23
16 4
41 57
55 57
49 32
45 48
25 9
45 38
7 29
34 24
44 9
8 35
16 27
24 30
17 6
16 19
44 55
33 26
45 50
48 57
21 24
57 43
58 57
58 24
53 40
16 53
58 47
2 56
47 25
46 10
10 9
16 22
8 24
29 18
3 21
8 50
57 25
42 35
3 13
52 11
56 19
23 29
57 3
3 54
2 59
44 8
11 37
21 17
7 40
41 6
43 27
1 3
1 57
43 47
41 5
53 50
33 16
16 47
40 29
2 45
53 35
48 43
49 44
14 16
33 30
49 52
30 14
21 22
40 52
47 46
12 9
10 50
45 26
39 55
2 42
51 22
7 58
39 31
17 23
21 7
57 17
3 53
19 58
6 52
29 11
18 11
14 41
23 46
26 9
41 44
46 6
19 20
6 51
25 23
23 57
51 19
19 46
31 15
49 39
51 52
16 3
38 3
24 52
0 22
8 15
57 13
40 23
31 52
35 21
26 8
6 39
23 52
15 19
47 38
55 42
9 23
12 23
28 29
49 8
7 26
21 29
24 6
5 28
45 36
47 1
2 46
3 17
45 41
31 11
30 31
31 8
33 9
9 6
22 45
51 10
46 48
54 24
5 51
25 28
17 59
57 10
11 44
20 17
15 45
41 10
15 3
55 32
49 37
35 20
56 14
21 40
7 6
47 6
42 25
29 46
12 6
52 50
9 50
17 55
50 58
4 8
58 55
44 48
17 5
54 16
27 8
48 31
10 36
15 44
33 54
33 10
40 55
24 15
2 9
14 15
54 2
59 9
59 45
23 0
56 44
8 45
47 50
39 35
44 10
29 13
13 6
29 25
39 9
27 31
26 28
22 20
35 29
27 21
47 22
10 7
24 10
44 0
41 11
19 27
14 6
41 7
52 53
54 53
23 38
56 23
30 55
9 43
20 9
45 6
15 9
42 40
54 40
10 23
19 33
11 25
13 2
8 59
11 4
11 40
7 33
52 9
48 22
10 38
51 48
44 7
16 34
49 35
10 16
21 6
51 17
28 58
0 19
28 15
53 30
56 3
0 7
40 16
24 17
18 14
8 29
11 33
56 25
27 47
37 50
33 0
17 36
48 11
4 57
33 59
26 44
3 37
57 26
49 12
58 49
8 43
9 8
47 44
49 6
43 55
15 16
5 29
45 54
38 16
54 10
42 24
35 19
30 7
17 22
22 34
45 0
37 6
20 6
23 37
14 50
5 18
1 7
34 45
48 38
8 36
40 34
18 8
29 30
3 36
27 22
27 57
32 53
50 5
54 7
16 45
16 18
0 28
36 55
23 7
3 31
57 5
39 50
47 52
39 47
28 49
50 25
55 26
5 35
7 20
40 59
14 5
20 25
46 28
5 24
37 35
16 39
6 15
25 6
13 51
35 2
8 25
50 41
19 52
6 19
28 24
32 25
16 52
57 50
47 34
2 43
12 57
35 43
32 8
47 5
50 7
14 0
7 42
59 16
27 50
29 19
38 22
53 22
51 45
17 54
48 52
34 35
24 47
13 28
14 46
24 7
49 56
42 16
54 51
4 49
18 40
9 3
27 32
35 40
29 17
40 46
53 37
32 24
33 27
32 33
56 57
3 8
57 31
16 11
11 45
47 10
6 33
28 43
27 5
46 8
45 24
57 22
27 0
2 33
57 18
49 46
29 26
37 7
30 48
13 49
32 23
30 40
44 18
26 35
48 12
51 9
33 13
10 2
36 49
46 57
23 45
35 22
9 17
19 8
6 30
14 52
59 51
5 37
18 50
2 38
49 14
29 50
28 56
34 50
39 27
23 55
22 8
31 59
47 4
6 40
31 47
50 49
40 43
27 40
19 44
0 31
30 28
28 17
31 18
6 34
31 16
46 3
13 7
6 22
59 53
51 31
17 33
30 8
43 44
13 27
44 5
58 53
3 22
49 2
48 41
49 43
29 53
19 50
32 9
14 55
24 39
59 25
28 6
5 54
16 46
51 12
36 27
37 26
11 59
24 37
31 42
44 42
34 11
46 17
49 5
11 13
40 32
11 20
48 4
14 9
29 20
34 57
38 33
37 25
47 7
24 29
27 7
52 2
3 27
9 7
45 56
49 42
27 23
21 8
28 10
59 10
29 34
9 4
31 36
49 0
53 31
3 25
27 28
29 15
50 30
24 51
10 27
9 24
21 5
37 2
10 5
19 10
27 15
25 46
33 1
3 51
10 11
19 28
32 51
10 34
43 33
36 24
3 41
36 19
11 21
14 11
31 2
16 21
56 17
21 51
4 27
28 38
18 33
53 5
45 33
23 41
42 28
23 5
22 19
6 59
37 10
2 0
16 1
14 42
23 8
17 52
9 28
55 10
50 17
29 27
11 49
20 3
22 4
18 48
20 5
49 19
39 3
31 29
21 2
23 16
52 25
49 31
58 22
35 1
49 15
14 22
36 25
20 45
22 49
36 53
19 55
48 25
5 22
14 25
22 37
51 58
7 14
15 2
55 0
13 16
38 50
3 6
3 28
33 12
47 55
57 53
35 13
26 14
39 48
26 21
8 2
20 27
16 25
4 53
8 20
29 55
51 55
48 27
53 18
31 6
16 2
47 18
10 39
36 2
16 12
24 14
7 28
12 19
49 10
48 32
35 12
49 29
53 48
18 3
3 30
19 3
30 9
22 54
25 33
8 16
22 41
56 9
19 57
6 36
50 6
8 56
22 42
2 7