200
20 22 35 23 22 28 34 27 24 34 36 32 30 37 24 38 34 30 26 21 21 34 30 21 32 31 39 20 32 32 22 24 40 38 22 28 36 27 22 20 40 26 39 40 35 21 32 33 35 33 34 32 20 31 33 28 37 21 33 39 24 33 30 37 23 40 36 37 26 39 35 25 20 33 38 40 38 35 22 27 26 30 37 27 40 37 22 23 29 27 35 27 20 35 24 35 30 24 31 39 23 38 30 32 39 25 40 32 38 23 40 33 30 38 22 36 23 20 39 33 26 28 27 37 33 36 38 27 30 31 36 27 31 28 39 28 33 27 22 35 33 34 28 39 39 27 36 34 36 31 36 40 28 37 27 28 33 28 39 30 29 28 38 26 31 40 26 26 34 35 31 30 24 39 23 30 38 32 36 27 20 21 28 20 24 31 40 23 28 31 38 34 31 26 24 39 21 22 20 30
20
47 33 34 46 31 40 39 30 36 40 43 20 48 22 26 39 39 20 49 28
3163
193 114
36 197
138 57
189 140
120 140
96 19
116 108
106 17
13 57
160 36
166 17
130 185
57 51
148 176
21 99
131 51
18 149
114 165
140 68
51 66
156 148
169 36
116 32
10 107
169 140
56 29
83 36
19 13
19 144
64 140
171 148
36 166
99 56
99 80
146 57
168 36
57 69
17 9
146 140
65 12
107 46
135 99
36 78
148 37
123 140
29 161
107 135
29 99
16 45
22 146
45 101
145 148
99 119
133 107
29 97
124 10
114 41
44 148
10 196
146 99
118 148
57 49
148 19
148 46
197 22
107 1
99 125
99 53
146 17
29 191
22 119
114 48
19 73
45 180
98 57
160 140
22 182
191 148
116 106
19 142
51 47
140 91
107 36
194 99
103 99
190 10
148 131
116 134
56 51
153 36
29 131
65 122
144 116
116 112
167 19
10 161
140 13
51 121
72 99
146 10
51 128
99 77
99 122
57 150
181 148
5 140
116 11
8 29
110 29
130 196
17 162
119 45
75 148
144 17
65 63
73 57
22 20
99 145
173 140
114 148
57 171
16 10
109 130
5 148
45 50
87 65
88 57
22 60
25 57
22 199
189 22
22 27
22 4
29 109
176 107
47 36
95 45
75 22
19 33
182 114
171 116
35 29
51 189
107 81
153 114
140 40
99 105
9 148
36 95
181 130
102 107
149 130
12 140
121 10
19 16
118 140
94 19
82 19
53 22
135 51
42 17
120 148
10 179
140 43
1 22
143 18
18 175
114 58
155 17
17 64
130 135
50 29
22 160
47 114
40 19
19 44
29 49
51 4
149 10
19 190
114 79
29 112
45 10
140 129
80 140
126 10
15 116
10 133
72 18
107 113
30 22
17 0
57 128
73 116
18 52
140 16
179 65
18 36
26 51
89 10
45 144
167 114
173 114
78 45
116 191
126 65
116 167
19 17
18 17
99 186
176 29
152 99
45 97
187 17
75 29
141 57
129 99
116 146
14 18
45 160
114 0
74 22
19 134
28 19
120 10
19 110
28 116
91 36
116 52
107 70
107 54
15 99
36 57
130 151
57 194
84 116
61 57
117 51
130 14
108 45
114 92
99 175
22 15
140 151
18 79
19 0
140 84
141 19
136 99
150 29
178 57
10 4
17 191
18 80
89 116
191 51
133 51
16 29
191 22
51 154
114 95
182 17
148 174
162 99
10 48
26 45
76 19
107 28
136 10
10 92
62 10
109 22
86 107
138 140
160 65
114 38
51 86
62 17
130 73
114 117
165 18
114 33
140 23
58 107
18 15
36 61
110 36
114 42
17 156
111 107
36 30
51 110
186 57
178 65
126 29
117 45
113 17
116 86
71 99
116 107
10 6
99 41
151 99
45 183
36 55
114 22
18 152
130 154
8 36
94 10
107 17
110 148
38 51
45 129
70 10
138 45
176 99
163 22
19 151
1 17
190 130
10 185
107 31
91 148
56 107
160 148
10 154
160 51
10 153
19 15
195 51
196 99
36 1
19 196
18 58
33 148
29 18
109 65
130 145
0 99
166 99
107 120
148 137
95 116
5 29
22 79
114 6
148 25
77 17
148 27
114 143
51 21
71 45
107 45
19 169
10 164
131 65
36 80
34 99
111 148
162 65
165 19
105 10
152 130
139 140
68 148
80 22
169 29
72 116
10 123
65 16
180 99
148 49
140 166
113 114
30 10
80 29
22 50
131 45
81 19
28 45
170 130
54 114
31 36
64 22
29 67
31 130
65 84
124 65
51 96
35 19
22 21
35 10
37 10
72 29
137 45
114 69
22 130
51 112
57 114
52 45
17 110
65 97
130 113
114 133
65 171
176 57
130 51
13 51
187 148
114 61
132 19
195 29
36 115
18 3
76 22
99 161
199 10
99 155
189 29
18 169
113 148
65 157
114 123
114 105
7 29
19 126
125 29
104 18
107 64
31 18
8 57
45 14
140 158
49 45
180 36
66 148
116 40
1 130
99 86
195 114
9 57
112 114
19 32
142 140
114 181
127 114
57 122
129 51
114 125
85 19
105 148
36 24
116 198
116 132
116 82
116 145
140 150
99 79
56 22
186 19
145 19
19 197
66 45
41 140
148 141
116 151
130 81
36 136
36 63
19 56
131 140
86 18
107 12
13 99
19 63
107 90
51 75
158 116
114 76
107 105
17 70
20 29
172 57
53 57
22 31
156 107
29 12
166 18
45 154
148 96
115 99
51 80
107 18
88 18
57 134
17 195
191 36
17 183
125 51
126 57
130 67
170 140
161 57
36 117
57 135
140 89
66 19
51 34
19 113
148 182
175 17
199 114
71 19
17 158
19 87
111 114
167 107
114 163
176 45
143 10
26 130
148 170
114 88
45 92
51 168
45 136
11 57
51 173
114 196
22 166
36 79
10 58
10 184
45 22
130 157
1 18
127 36
154 18
130 197
139 22
129 107
10 139
57 16
29 157
49 116
10 180
96 65
140 195
130 114
29 115
125 116
149 45
114 154
18 61
84 19
199 140
5 99
107 110
18 25
116 120
22 19
121 116
53 18
88 17
5 114
18 77
65 181
29 31
87 114
179 116
65 44
130 63
20 130
168 29
51 174
171 22
108 57
130 117
106 114
148 95
122 29
95 29
106 19
36 194
57 28
116 160
100 99
111 36
22 39
14 17
18 101
130 182
130 150
51 182
127 51
193 18
51 0
116 69
108 19
29 118
99 177
45 30
60 99
130 90
51 150
177 22
40 148
87 29
22 106
162 116
19 62
102 114
18 97
22 93
111 17
36 23
107 197
142 10
99 27
84 99
141 107
140 69
144 114
112 65
17 126
177 10
130 59
190 116
45 112
116 25
116 36
56 130
87 36
29 164
36 132
51 179
119 148
11 17
29 101
18 188
130 144
130 103
22 185
130 88
18 111
90 65
42 65
135 148
57 32
19 9
158 19
131 18
130 111
99 184
37 140
154 148
29 59
191 19
140 185
140 3
158 18
19 107
134 130
106 140
191 57
140 113
130 140
148 115
83 22
148 54
128 45
22 195
19 21
35 22
170 10
88 148
98 19
107 49
32 114
107 173
186 65
65 152
177 130
35 45
72 19
116 137
90 29
130 24
105 29
54 57
95 10
130 101
130 163
111 57
107 181
112 19
49 17
189 45
31 51
178 29
36 149
99 33
116 55
22 168
98 99
22 184
89 19
31 17
57 31
18 70
10 156
22 186
36 13
99 183
78 17
115 45
19 95
22 141
114 142
45 140
43 29
57 139
107 69
107 103
107 13
77 140
45 188
153 19
7 148
101 99
45 127
9 22
99 97
196 17
157 18
72 22
36 100
29 155
118 18
45 90
136 65
65 187
185 116
75 45
57 155
17 189
10 162
99 10
7 140
57 102
130 83
25 99
101 22
114 166
119 17
30 51
48 99
10 81
170 36
10 61
102 51
18 105
36 0
100 107
99 91
17 37
125 107
148 83
136 107
183 114
69 36
196 18
140 0
19 173
100 10
186 29
70 140
184 17
18 98
140 178
141 17
57 113
101 65
19 138
50 19
19 119
107 169
129 22
142 130
102 148
143 65
51 65
107 198
57 189
45 58
51 45
10 130
104 65
9 36
99 160
91 22
140 174
22 145
13 29
110 18
29 89
22 6
190 22
153 140
107 148
19 154
115 10
77 148
118 19
57 30
45 2
108 36
172 65
5 57
57 7
194 107
19 149
16 130
107 25
18 20
130 138
127 130
96 130
48 18
65 5
190 18
133 17
140 56
57 17
19 69
116 173
22 29
114 50
45 70
25 114
17 43
116 127
29 123
87 99
45 1
51 39
118 51
24 10
186 45
52 22
35 140
114 137
171 99
93 114
45 36
199 17
36 60
58 51
99 38
19 103
114 52
69 130
76 140
45 157
178 45
130 118
116 123
167 140
28 18
58 99
65 191
172 114
19 45
17 152
45 114
166 29
99 20
140 182
49 51
7 107
116 71
10 56
123 22
51 146
195 18
114 108
57 33
36 96
131 19
72 51
10 174
65 88
45 177
114 138
18 23
79 29
185 18
18 130
89 45
179 19
114 115
98 114
51 157
40 114
18 12
140 66
140 34
36 54
148 155
18 10
77 57
103 65
47 29
158 114
29 41
28 36
125 10
22 57
102 45
135 45
77 114
99 128
29 149
22 192
58 116
14 51
24 17
107 140
10 0
105 17
22 159
10 78
116 87
17 112
183 140
181 22
95 22
107 112
57 121
173 10
116 168
107 146
109 17
114 184
51 90
167 17
135 10
45 111
116 35
19 93
75 140
51 73
69 22
54 29
182 10
57 158
51 79
121 45
19 150
10 71
22 132
79 10
10 46
19 180
1 29
57 26
18 50
22 143
159 140
95 51
18 144
57 23
191 45
130 141
107 5
172 116
92 22
114 120
15 17
18 133
114 1
19 136
151 18
116 188
45 23
101 19
99 63
26 17
2 17
23 148
114 128
10 112
118 114
140 148
76 148
185 51
10 34
148 52
99 74
51 22
198 36
116 193
148 163
193 19
102 10
74 140
165 99
114 97
114 14
114 194
117 140
175 65
130 64
129 116
36 182
173 130
57 37
88 116
126 18
156 57
114 2
124 148
130 43
36 52
131 22
116 68
148 126
26 19
107 158
29 19
80 10
45 105
168 17
148 104
148 60
167 29
15 107
116 2
19 184
140 132
178 99
131 99
22 86
33 22
17 39
29 135
11 10
28 10
36 77
75 17
107 0
134 18
52 51
159 116
99 54
60 116
51 70
51 161
22 193
29 130
51 16
17 100
46 130
85 140
45 192
10 65
170 65
36 33
145 51
29 108
114 186
19 105
107 130
122 19
92 140
171 17
54 51
65 127
187 10
99 164
191 140
94 36
45 169
17 89
116 128
168 65
106 45
3 19
35 114
18 66
54 19
102 22
121 140
57 170
130 186
51 48
17 188
99 3
122 45
148 56
116 17
160 57
29 40
53 116
47 17
169 116
103 116
148 186
165 36
22 173
50 17
149 114
21 18
108 10
28 148
10 145
65 37
177 148
22 97
65 161
51 55
116 177
151 114
35 36
114 55
45 152
99 51
45 166
18 171
36 154
86 148
105 22
18 102
30 19
20 45
130 156
130 139
65 29
91 19
188 130
189 107
55 99
57 10
19 102
130 97
143 140
92 19
116 138
131 130
98 17
74 17
25 65
130 2
99 11
57 96
190 99
36 155
162 148
29 88
168 10
140 19
116 199
168 19
51 183
57 47
116 5
116 92
120 130
116 149
100 22
18 122
31 10
99 36
32 45
116 111
89 99
148 79
8 18
66 107
45 6
105 116
186 116
29 30
140 20
180 17
57 55
45 126
51 151
126 114
18 84
57 147
18 71
99 192
11 36
15 57
19 6
65 132
45 13
65 92
148 116
107 14
128 29
130 91
22 71
19 10
22 54
48 17
18 114
99 46
116 195
76 116
36 124
169 17
148 142
130 53
57 182
114 162
116 7
188 36
36 17
17 59
51 35
192 29
99 92
111 19
172 45
130 180
22 133
99 139
99 52
148 92
57 179
173 29
148 143
18 121
116 83
29 76
107 79
51 120
36 167
131 36
10 17
81 57
36 2
29 83
128 130
45 179
10 129
1 51
157 22
51 53
114 198
63 51
41 36
51 123
40 107
155 51
6 29
120 18
193 99
47 22
99 23
187 114
22 107
140 116
182 18
151 57
172 10
130 32
17 65
10 50
140 49
53 45
69 29
80 148
107 77
22 179
148 10
124 99
148 183
142 107
57 142
65 174
10 166
114 70
7 130
18 162
165 148
116 23
145 140
19 166
168 114
19 152
107 98
135 19
99 138
99 157
135 65
107 37
18 96
45 199
130 75
136 148
107 42
21 17
171 29
109 114
67 65
148 185
152 148
130 172
161 22
138 29
180 107
29 190
17 120
55 18
73 99
56 116
99 117
47 148
29 159
109 10
19 90
19 147
148 138
158 148
17 96
115 65
144 107
107 71
34 45
21 45
116 114
18 30
39 140
116 98
140 60
99 198
48 116
130 54
132 107
27 45
36 26
148 167
51 141
172 18
45 68
19 115
114 73
5 17
164 148
7 22
197 18
29 63
72 65
82 22
18 100
163 57
114 139
119 57
18 189
17 46
107 187
29 113
17 136
32 140
99 106
94 45
140 18
107 4
84 51
138 18
19 99
22 18
113 116
161 45
178 114
140 179
73 17
195 57
74 36
157 114
51 105
7 114
12 45
36 152
23 107
18 123
99 49
51 19
18 192
87 130
42 99
139 19
22 46
140 93
99 159
130 80
17 8
22 68
130 119
27 10
116 141
40 130
42 10
122 51
44 22
45 185
40 17
3 57
76 45
45 63
148 121
169 114
113 45
136 22
44 130
164 19
29 127
47 140
140 193
51 33
32 36
140 176
51 177
19 38
113 99
5 10
17 94
140 14
18 78
107 157
65 119
148 175
45 91
94 29
130 15
114 141
184 57
44 17
3 130
12 148
51 5
117 107
10 152
99 57
161 107
199 18
35 57
140 88
19 65
99 174
57 59
36 125
118 107
19 74
81 45
19 117
30 130
57 4
29 116
98 140
130 110
47 116
17 54
114 146
10 175
170 19
45 79
0 18
148 194
181 10
29 21
116 75
100 130
33 130
12 51
57 131
19 121
149 99
68 19
10 22
22 5
52 17
17 118
129 36
114 26
45 148
123 99
140 187
132 51
130 158
10 163
116 24
17 193
187 36
148 8
116 66
107 190
45 73
107 24
114 155
140 55
57 140
48 29
116 85
99 102
114 20
142 116
45 48
114 37
18 38
95 65
46 57
67 36
20 10
198 18
107 154
140 63
18 139
19 14
10 51
162 57
151 36
15 148
17 140
36 141
38 57
114 145
114 107
142 17
130 195
35 107
18 115
37 45
120 19
91 114
10 40
29 34
89 130
19 156
148 26
157 57
59 116
57 14
19 46
196 29
17 186
82 51
127 57
17 108
136 116
116 37
9 107
51 196
17 72
57 198
105 57
36 10
0 130
99 82
64 114
18 194
99 153
107 145
61 17
19 137
148 70
29 183
25 29
10 38
150 36
114 135
22 169
10 54
148 41
116 16
32 107
140 2
163 45
99 126
120 36
106 130
134 45
177 17
158 99
45 18
57 148
140 196
170 17
10 15
18 13
57 132
87 148
22 183
18 95
18 91
150 114
81 18
10 101
18 168
184 116
147 148
134 107
121 130
10 103
72 10
94 114
112 99
36 84
142 36
130 108
179 114
134 148
59 114
31 19
154 140
19 27
199 29
153 22
10 116
107 55
163 140
18 46
114 129
128 19
161 148
99 30
107 128
162 107
55 29
57 24
116 50
10 113
194 140
17 122
133 19
104 114
22 149
68 114
127 17
107 131
45 80
65 107
194 51
46 36
22 65
34 19
160 10
22 137
57 199
41 19
179 36
150 116
57 169
51 76
95 140
6 17
22 113
58 130
57 64
195 99
116 91
116 90
17 4
45 153
104 130
116 152
116 79
29 146
134 51
18 184
128 148
157 17
80 116
45 93
130 77
18 167
99 120
82 114
107 21
36 130
10 83
58 19
148 129
99 168
36 20
107 151
51 44
36 65
124 22
96 99
69 17
11 22
148 31
6 130
116 170
86 36
148 71
53 65
22 70
10 66
194 17
140 36
140 134
107 96
137 107
87 57
51 169
107 27
148 48
51 147
48 57
42 22
148 2
27 116
57 86
36 178
107 143
29 174
69 45
143 130
99 68
135 17
159 57
18 41
170 18
29 120
148 159
193 45
188 57
164 130
36 76
45 194
57 76
57 175
29 73
99 67
18 92
57 50
148 42
196 36
10 67
179 130
192 114
148 24
140 79
42 130
51 111
19 177
171 140
20 116
148 53
45 150
116 118
19 42
5 45
130 35
107 29
29 42
148 58
56 57
11 19
140 192
114 72
36 27
150 17
167 99
22 135
51 69
75 114
22 32
57 94
57 190
99 50
36 192
22 34
5 19
2 29
42 45
148 4
116 26
51 187
29 104
57 133
140 128
90 10
51 197
99 95
102 116
164 45
36 122
192 65
162 19
49 19
57 80
66 114
68 10
114 170
51 83
17 25
22 170
38 22
110 140
158 51
107 43
22 172
10 167
107 63
172 29
97 116
130 82
18 103
140 147
37 130
78 51
107 195
143 45
107 85
45 198
90 140
181 99
3 107
94 18
72 107
169 130
179 18
50 148
99 179
90 36
10 63
97 57
65 9
152 57
141 29
180 18
159 114
140 54
91 65
181 17
107 84
130 34
98 45
127 22
130 5
107 185
36 121
170 29
74 45
40 57
149 17
3 114
140 38
57 34
57 20
20 17
130 27
1 148
130 174
146 19
114 131
166 57
130 57
20 19
193 10
22 48
6 148
49 36
61 45
107 78
70 36
165 45
130 137
57 123
29 62
14 22
148 22
86 10
36 81
140 108
29 121
22 63
77 51
44 107
140 125
135 140
57 71
116 157
17 12
114 17
166 116
6 116
45 123
16 17
133 65
62 140
65 144
123 17
19 159
91 10
51 7
68 18
45 133
177 29
18 87
190 36
45 130
166 65
179 107
74 57
168 45
140 157
10 96
21 10
14 36
22 66
19 55
114 34
22 198
10 132
172 148
116 115
70 130
22 155
140 87
199 65
57 39
107 160
107 183
178 22
52 29
57 84
39 45
116 192
199 130
148 93
10 12
4 19
139 107
57 124
157 148
131 116
173 45
25 45
36 112
148 112
57 18
17 153
29 17
22 88
91 17
34 148
65 147
51 20
155 140
78 116
151 29
114 180
18 19
130 93
114 74
93 51
82 107
9 99
105 130
146 45
147 10
18 34
114 23
1 116
121 114
148 144
112 22
99 189
7 36
22 67
18 129
99 111
65 197
116 65
148 0
103 22
99 191
158 22
19 194
172 51
99 31
62 130
176 116
51 164
183 36
116 94
198 130
45 110
33 107
62 57
173 65
9 29
93 17
49 18
174 107
129 29
57 42
36 147
102 130
22 12
177 36
114 67
198 29
19 114
65 45
99 187
10 191
37 99
171 10
64 10
93 29
144 10
107 20
109 148
154 116
3 36
17 148
140 83
65 62
10 194
51 139
22 104
114 4
107 6
45 9
140 105
99 114
112 57
107 99
192 10
130 189
57 101
145 57
141 45
94 140
99 173
85 99
61 19
130 116
36 162
184 45
62 107
178 17
18 106
99 137
140 61
22 24
10 7
107 73
19 116
140 180
90 114
140 4
197 57
10 188
51 62
22 117
19 129
17 99
113 65
22 41
18 5
61 116
185 99
17 33
10 111
103 36
16 148
144 99
197 114
116 44
122 22
107 175
99 90
7 17
56 36
199 51
165 57
57 91
36 128
148 81
0 116
4 45
61 107
86 17
148 65
186 140
55 17
7 99
116 119
2 107
6 57
29 143
75 10
38 107
143 99
153 116
22 165
36 37
175 140
14 65
54 116
130 50
23 22
57 85
19 78
18 60
124 107
18 26
116 139
17 53
85 36
45 145
107 196
3 22
140 78
8 99
10 150
91 107
45 182
10 117
99 14
99 170
17 3
18 136
82 140
164 36
18 148
114 164
110 57
140 115
43 148
45 33
45 99
108 148
19 198
55 130
79 17
17 35
18 160
159 18
36 185
36 62
187 22
114 65
45 44
114 134
57 1
74 130
194 65
10 74
10 159
114 36
180 57
124 18
18 150
22 144
116 183
99 76
138 51
130 38
90 18
57 70
17 41
63 57
113 18
36 133
178 18
99 61
116 133
19 64
17 104
165 130
25 130
162 22
10 195
130 72
45 88
100 140
189 36
36 148
23 51
67 140
10 114
9 18
17 34
36 29
87 107
122 107
66 29
130 19
18 176
29 39
79 57
29 3
45 158
45 72
32 148
88 51
18 173
65 71
45 38
101 148
148 11
143 116
107 159
182 107
116 122
93 65
97 10
21 114
127 10
140 52
116 165
62 114
169 148
111 22
19 104
190 45
77 45
64 45
10 85
130 129
148 192
175 116
140 58
29 60
67 148
107 89
10 76
51 17
28 17
144 57
29 38
130 99
51 97
99 199
107 164
99 188
18 164
22 58
189 65
31 114
53 107
51 184
107 94
29 133
29 15
195 19
94 148
55 148
66 57
51 144
10 88
36 73
17 92
56 114
29 84
185 114
13 10
17 81
16 18
42 51
164 140
130 48
58 57
148 69
51 149
126 140
57 164
51 43
36 161
114 85
101 114
147 29
114 160
65 146
45 170
167 57
76 17
196 148
130 147
104 99
71 130
156 45
4 18
18 83
18 33
10 69
51 91
135 18
149 140
132 45
130 84
57 115
22 2
18 125
36 89
18 174
36 71
120 57
51 3
22 147
107 75
116 77
147 17
29 68
36 139
51 87
162 51
57 68
51 116
99 134
36 48
30 148
19 48
116 96
174 22
175 114
42 140
58 29
18 137
184 140
31 45
57 129
176 51
52 107
107 60
140 112
29 96
171 45
116 43
195 45
161 114
114 80
138 22
140 72
18 119
17 173
65 24
186 51
29 158
118 45
8 45
17 45
10 178
85 29
45 147
193 65
114 190
19 178
45 47
78 65
45 175
159 36
73 18
116 38
22 140
22 116
45 62
148 13
130 49
123 19
22 73
168 57
7 45
175 36
147 107
51 94
116 12
37 29
116 41
99 32
148 197
178 130
107 74
148 178
128 10
114 30
45 82
89 18
65 117
96 45
114 78
121 107
165 29
140 53
57 117
64 36
15 114
148 73
51 193
29 86
107 172
153 107
83 99
145 18
10 169
12 99
2 51
156 116
102 36
101 116
114 110
171 114
116 93
108 51
132 17
17 145
0 29
190 148
170 51
140 161
39 114
39 107
17 95
89 57
130 92
148 84
36 156
140 141
18 47
17 103
107 191
29 91
166 107
88 107
36 19
19 25
46 45
164 22
110 99
67 57
118 36
130 86
99 197
45 83
18 67
65 184
19 127
42 36
130 79
97 19
53 19
130 162
107 106
116 194
17 161
93 18
51 142
65 26
29 154
45 167
100 29
105 36
99 70
45 87
142 18
154 57
25 22
130 193
152 22
143 51
62 148
57 192
130 184
114 89
83 57
127 148
130 176
45 40
18 128
29 10
51 113
68 107
148 193
6 140
107 192
38 148
44 57
15 140
64 116
41 65
43 22
187 29
132 18
59 36
62 99
114 174
136 57
28 22
22 61
17 165
22 81
29 137
36 193
186 107
107 26
29 142
8 116
44 29
148 180
13 114
2 10
99 150
107 119
126 51
46 116
181 29
24 45
124 45
51 190
159 17
41 51
17 174
124 19
82 57
51 25
177 114
97 36
148 74
106 148
99 116
21 36
142 99
22 154
140 44
65 3
107 8
162 45
51 64
165 140
130 175
140 177
109 107
130 52
82 29
36 34
116 33
18 2
19 155
45 86
39 10
74 29
99 156
10 157
181 18
145 36
114 189
99 88
12 130
47 19
57 72
107 127
92 51
99 47
18 74
65 159
22 84
25 36
130 171
116 110
183 18
51 89
63 148
99 108
107 155
140 102
36 123
86 140
114 44
57 29
197 116
156 22
45 104
178 107
29 53
191 18
29 4
17 125
116 9
163 51
14 10
19 59
194 130
150 107
57 193
98 51
17 71
18 82
17 138
15 45
22 96
57 118
39 36
36 113
51 104
181 36
83 17
165 107
17 164
93 36
95 57
130 9
121 22
122 148
45 159
3 45
131 17
116 42
34 116
19 181
10 141
53 36
12 114
22 176
114 16
171 107
21 116
57 0
86 19
10 176
114 132
108 107
83 107
19 52
179 17
130 115
45 54
17 117
59 51
116 70
19 2
36 174
19 57
188 114
40 22
57 78
29 145
153 29
116 161
22 134
18 27
74 51
140 127
99 154
10 186
57 103
29 197
51 171
168 140
29 139
22 180
193 107
10 122
55 65
57 149
11 130
116 164
148 150
97 107
99 66
43 36
19 125
29 45
36 5
161 130
93 107
148 117
22 49
188 29
140 122
148 97
78 22
45 55
62 18
118 99
163 29
111 140
112 18
154 17
67 19
26 10
18 147
22 26
36 66
17 87
124 17
44 99
198 148
180 116
23 130
107 34
130 28
59 107
84 45
51 8
127 99
56 18
130 192
27 65
148 189
149 148
140 99
9 114
29 32
23 29
65 153
18 109
134 29
100 19
27 51
107 115
140 9
90 17
22 118
36 51
19 43
80 17
188 22
39 116
4 116
22 62
103 148
37 22
144 140
10 158
50 36
24 19
43 114
90 148
36 40
65 163
99 24
45 197
116 126
85 17
117 29
199 107
130 13
126 107
140 31
77 19
45 103
94 130
139 17
19 12
100 114
107 30
160 130
19 174
17 30
148 14
199 36
29 61
68 130
151 45
11 45
10 183
45 0
114 122
148 39
36 176
35 148
27 57
101 51
36 106
94 22
43 57
57 183
18 63
22 175
44 10
22 151
176 19
57 52
153 18
123 107
29 14
36 109
93 10
19 189
155 130
18 51
10 3
194 29
50 107
30 116
191 114
57 104
73 140
140 59
187 18
29 33
107 57
21 140
29 27
60 114
36 163
99 132
117 116
130 76
140 162
47 107
18 146
10 32
130 47
127 18
142 45
140 50
172 99
109 99
36 6
99 94
99 78
51 188
114 84
19 23
45 56
183 19
130 187
195 148
63 114
33 10
133 99
22 0
109 140
179 29
65 33
116 124
75 36
67 45
147 99
135 36
140 97
107 16
20 148
10 47
10 140
198 140
10 23
115 51
33 140
59 148
162 29
93 99
76 18
19 109
61 51
188 148
29 70
22 87
29 182
163 116
181 51
140 133
57 153
19 163
98 148
39 19
99 182
116 3
188 140
45 43
10 8
107 41
51 159
32 18
104 107
29 132
41 57
4 99
15 51
17 23
104 140
185 17
68 51
107 184
18 186
19 185
51 50
18 155
26 99
100 148
36 104
137 10
27 140
77 22
23 65
135 116
48 140
36 38
101 17
140 197
25 10
17 97
22 110
17 143
18 156
116 104
157 36
18 54
130 60
151 148
60 45
116 18
22 89
36 137
172 17
107 67
172 140
138 10
18 37
107 101
95 130
107 76
22 196
165 51
99 141
51 100
65 57
92 107
140 25
101 36
45 139
108 22
45 155
17 68
92 57
128 17
19 60
117 18
57 185
159 130
114 86
29 77
148 3
184 29
188 107
1 19
41 45
10 155
137 57
65 138
17 134
30 140
147 116
22 13
153 51
152 107
62 116
177 57
144 29
40 51
120 22
66 17
65 130
107 11
57 60
26 140
101 140
60 51
10 60
95 107
65 140
99 169
57 106
10 198
17 137
99 16
99 64
130 191
140 190
82 148
116 31
17 27
36 134
148 72
81 99
32 17
116 178
6 51
187 19
10 197
29 92
148 173
58 36
80 107
18 141
88 36
139 148
51 107
29 111
167 51
107 48
19 192
193 29
106 29
175 29
51 178
148 199
107 168
12 57
45 85
180 29
82 36
51 198
116 13
125 45
29 160
59 10
51 109
131 10
197 17
125 57
122 130
99 22
137 51
119 10
155 116
98 130
7 18
130 41
19 172
17 160
57 93
51 192
51 180
125 22
98 22
17 102
8 22
36 22
1 140
121 99
179 148
29 102
74 116
115 22
36 146
18 64
130 168
17 22
126 36
148 64
36 172
173 57
29 78
51 85
99 163
2 99
39 130
130 112
116 67
189 10
10 98
148 29
19 80
55 22
73 10
143 57
194 22
18 11
65 121
108 18
130 167
63 116
87 10
2 57
140 181
51 32
99 28
107 149
83 19
106 51
22 16
19 143
90 22
148 51
21 65
45 120
158 65
77 10
51 175
64 29
17 130
19 75
119 36
19 70
189 116
18 161
9 51
142 22
118 65
65 149
107 163
60 17
49 114
4 130
22 128
29 185
116 14
116 81
67 51
65 38
130 8
148 184
17 84
148 99
192 17
66 130
82 10
36 98
137 140
126 130
114 8
44 18
43 10
65 145
85 18
44 36
21 57
89 148
36 138
42 18
148 168
18 163
51 166
136 130
57 90
147 114
171 36
1 99
36 184
98 29
22 59
51 37
114 176
183 130
18 24
18 177
114 27
140 8
53 114
124 130
182 116
45 59
96 114
57 75
85 22
126 22
114 83
26 29
17 151
96 140