16
27 34 34 39 27 32 20 23 40 38 39 23 24 40 32 32
3
43 42 28
113
5 7
11 2
14 4
11 1
3 5
5 1
11 0
3 8
7 0
7 10
12 4
10 1
15 1
2 15
5 15
6 8
15 4
7 12
3 7
0 1
14 3
3 9
7 15
2 1
9 8
2 4
8 13
12 11
13 10
0 4
3 4
0 2
1 9
5 12
6 7
4 8
11 8
12 15
10 3
15 10
6 2
1 4
10 0
11 7
13 1
15 0
1 14
12 10
15 13
12 14
0 3
0 13
3 11
11 15
10 4
8 10
11 4
12 13
11 14
6 10
8 0
7 1
2 8
12 0
4 7
12 2
5 6
13 3
8 14
2 14
2 9
5 14
13 6
2 3
9 12
8 7
9 14
6 11
5 8
13 7
6 12
5 9
1 12
9 6
14 6
4 9
15 3
0 14
10 14
8 1
7 14
13 9
13 2
12 8
6 1
14 13
10 2
0 5
6 3
6 0
9 15
5 4
12 3
7 9
6 4
2 5
15 14
15 6
0 9
15 8
5 10
5 13
1 3