60
27 20 35 21 35 34 35 36 39 32 31 36 34 35 26 40 37 30 25 26 39 26 28 39 37 33 27 31 38 22 37 33 40 24 20 36 34 21 36 29 23 36 23 28 28 22 40 25 30 20 24 28 20 22 22 25 38 35 38 39
12
26 48 37 37 28 40 50 43 42 36 35 34
153
0 57
37 32
42 46
56 0
0 24
46 35
46 28
0 10
59 32
46 57
0 59
18 46
9 0
0 2
0 40
46 56
25 46
0 58
32 50
58 46
16 0
43 46
0 30
13 0
34 46
0 35
49 32
43 0
32 51
32 9
59 46
30 32
32 22
38 32
19 32
46 13
32 8
42 32
46 52
48 32
33 46
8 0
46 53
20 32
14 32
36 0
32 35
15 0
46 38
32 53
32 47
47 46
32 58
0 45
3 46
46 0
32 13
46 37
46 1
5 0
24 32
1 32
29 46
32 33
11 32
50 46
32 34
46 39
32 27
0 44
21 46
52 32
3 0
32 55
32 2
0 6
0 27
28 32
14 0
0 32
46 55
0 49
0 4
12 46
32 46
2 46
0 23
57 32
46 14
23 32
0 25
46 6
39 32
27 46
46 15
9 46
46 5
32 41
1 0
12 0
0 54
46 40
0 7
25 32
42 0
44 32
46 49
7 32
46 10
4 32
22 46
32 26
46 51
45 32
44 46
46 4
29 0
46 16
17 32
46 54
0 28
46 7
38 0
23 46
54 32
36 46
21 32
12 32
29 32
46 31
32 18
17 46
10 32
40 32
31 32
3 32
5 32
46 19
32 56
46 11
20 46
46 41
36 32
34 0
0 20
6 32
48 46
41 0
0 52
46 26
46 45
22 0
32 43