20
38 40 30 22 25 20 40 40 40 32 27 20 20 20 33 33 25 22 31 37
4
30 35 43 48
169
2 18
1 2
3 15
10 8
6 9
12 13
10 2
7 3
0 17
2 4
15 16
8 17
6 1
3 2
16 8
0 1
15 6
5 14
4 6
8 15
0 4
6 18
3 4
17 13
8 7
17 19
9 7
14 12
7 5
16 6
9 15
6 14
9 4
18 7
4 14
5 11
5 18
17 7
16 2
12 10
17 1
4 13
2 5
10 1
0 12
17 18
19 12
9 14
10 15
1 9
2 6
19 2
5 10
2 14
2 9
15 0
16 4
5 8
10 4
8 14
10 9
13 8
6 19
15 7
14 19
1 7
5 0
18 9
6 17
6 7
8 9
1 14
6 11
3 9
12 1
13 9
19 10
0 8
8 3
10 7
6 10
5 4
9 11
8 18
2 8
5 19
2 17
17 3
5 6
7 16
12 17
13 5
15 11
11 7
5 3
13 14
12 4
15 12
15 19
4 15
10 16
17 10
2 7
12 5
15 2
3 0
0 11
1 3
13 1
7 13
13 0
19 11
19 4
9 12
19 0
13 2
14 17
4 18
16 12
5 15
9 5
4 1
6 3
8 11
17 15
3 12
6 13
18 12
0 2
19 1
17 4
8 12
6 12
8 1
15 14
16 5
11 17
18 1
11 13
1 11
0 7
5 1
11 4
15 1
11 12
16 13
0 18
13 3
18 19
18 13
1 16
4 7
10 0
13 19
12 7
12 2
13 10
18 15
19 7
19 16
11 2
15 13
16 17
19 8
0 14
9 17
19 9
8 6
0 6