50
29 38 24 29 28 21 39 30 27 27 27 23 34 39 33 22 33 25 27 31 22 22 20 40 30 31 32 32 20 32 22 25 39 40 25 37 25 25 23 37 38 40 36 25 25 24 27 26 39 39
10
21 21 49 27 37 42 21 30 45 21
140
26 5
26 36
26 31
32 8
26 20
27 32
1 4
48 22
26 13
26 22
23 26
32 18
14 32
9 26
26 6
32 12
48 20
25 32
48 2
26 34
43 32
26 21
6 32
12 26
44 26
32 44
48 34
32 11
40 48
35 48
23 32
32 41
45 48
3 48
26 19
48 25
2 26
32 17
5 48
32 49
26 41
26 43
32 20
48 39
26 29
48 31
32 35
28 48
39 26
26 45
11 26
0 26
48 17
14 48
48 19
31 32
1 26
32 46
22 32
48 1
46 48
48 42
26 40
32 40
32 24
2 32
21 4
48 36
47 32
10 32
26 47
48 4
26 33
6 48
43 48
48 41
26 46
48 23
48 47
26 4
30 26
11 48
48 21
48 30
24 48
44 48
32 4
27 48
32 26
26 15
26 3
26 10
37 48
32 34
32 38
39 32
32 42
32 21
30 32
32 28
1 32
32 3
16 48
13 48
26 49
0 48
26 37
18 48
48 29
26 38
26 42
10 48
26 28
7 26
12 48
26 48
45 32
29 32
46 4
32 37
33 48
32 19
18 26
26 8
48 8
33 32
32 16
48 38
0 32
49 48
32 15
26 35
26 25
26 27
32 5
48 15
36 32
24 26
26 17
13 32