200
35 32 35 28 39 33 31 33 21 35 25 30 21 39 20 36 29 29 37 35 22 21 34 38 38 27 28 32 35 31 35 27 38 39 26 21 33 23 21 27 20 22 38 29 38 28 23 25 29 21 33 30 40 24 20 22 28 20 26 21 29 31 26 35 32 30 40 35 37 22 22 21 26 35 22 25 20 25 35 33 22 23 21 21 24 21 28 33 31 29 30 30 33 30 32 21 30 27 21 31 35 31 26 20 27 27 22 34 32 34 21 40 29 33 36 29 31 37 37 24 34 20 21 34 30 23 28 25 30 22 33 29 31 20 33 22 33 26 23 39 39 34 30 40 20 30 34 34 25 21 38 26 37 40 22 31 20 24 37 36 35 33 39 31 33 35 26 27 22 30 35 27 24 39 33 40 36 32 31 36 31 39 38 32 40 36 27 28 23 34 40 20 32 29 36 31 26 27 23 20
20
34 41 22 32 25 21 28 27 26 27 31 23 40 41 46 35 36 23 49 31
12310
159 63
43 171
110 144
32 82
189 68
63 195
95 184
13 171
27 139
62 134
85 199
41 54
30 21
125 26
81 47
136 57
188 120
80 85
68 37
86 35
7 148
187 114
26 185
104 144
160 128
179 82
43 25
72 125
43 5
128 28
170 102
124 35
54 93
115 35
104 134
51 3
136 70
16 115
118 14
110 153
104 171
22 14
2 178
58 115
127 40
37 113
50 148
15 172
177 6
104 15
83 67
92 15
185 15
69 6
147 162
93 184
135 60
87 179
169 51
148 72
25 67
176 79
1 111
36 114
29 35
187 60
56 118
129 109
12 82
60 82
41 138
5 162
47 169
29 146
16 122
152 190
59 56
29 65
105 119
189 24
184 89
43 32
170 88
193 21
138 80
133 168
3 143
120 44
140 15
82 56
80 148
21 154
190 128
58 90
44 1
29 195
44 53
17 123
20 96
168 24
163 40
177 14
1 64
197 22
136 85
86 189
21 102
60 65
17 64
166 28
198 35
192 2
43 7
58 54
65 143
197 87
90 40
59 124
89 129
127 192
192 85
81 189
188 145
24 163
64 151
140 118
130 143
34 138
142 125
18 173
2 19
156 176
76 185
181 6
89 96
32 9
83 39
148 18
194 56
132 76
89 14
1 43
67 122
24 79
24 101
12 189
139 6
29 129
52 63
89 41
88 96
125 78
107 30
33 15
123 162
184 97
160 95
53 120
170 23
93 24
126 196
6 104
6 22
79 199
118 66
110 47
167 62
166 162
116 134
79 136
56 80
6 135
111 133
18 143
109 184
45 148
155 35
82 182
59 62
133 187
120 4
170 199
29 193
192 197
163 155
96 63
194 156
6 185
87 127
183 82
170 69
19 127
127 76
137 124
149 26
184 85
137 80
27 105
156 151
130 55
199 99
21 13
51 134
37 129
67 43
26 133
33 136
53 118
29 70
62 73
118 96
6 158
176 135
185 14
34 196
156 152
195 15
191 6
95 16
142 45
144 120
138 77
85 150
87 171
181 196
95 105
111 60
9 114
74 17
120 102
166 177
96 140
86 89
194 60
16 131
105 36
184 70
10 138
170 26
172 37
103 62
65 148
192 185
181 90
132 31
110 18
161 95
109 15
87 123
119 118
117 27
39 29
85 157
131 196
101 105
156 180
117 143
137 174
184 142
149 166
164 51
60 173
199 25
29 190
155 142
125 35
109 172
33 18
192 104
176 74
16 11
153 184
51 75
62 34
124 70
0 189
169 98
133 125
22 170
191 184
121 125
46 98
68 58
110 48
47 146
131 105
47 67
151 75
9 124
30 113
29 110
196 155
87 187
161 82
40 32
111 32
39 105
123 27
161 99
90 125
50 156
81 90
165 130
115 20
171 23
137 77
36 41
36 155
107 18
148 34
14 35
195 106
110 112
166 14
165 168
75 105
79 78
166 88
32 164
166 86
124 117
161 183
33 6
141 28
170 166
107 37
183 45
5 39
136 15
50 85
196 165
133 141
156 153
143 35
44 160
138 46
90 60
0 18
151 89
21 145
126 39
24 83
30 15
9 134
163 105
29 18
199 30
26 0
17 175
171 135
103 130
79 180
31 89
26 32
45 76
167 189
88 197
105 114
170 122
103 54
162 38
35 132
22 28
26 8
150 37
129 51
96 91
9 185
124 191
189 117
109 107
127 164
193 56
46 125
138 14
118 29
94 51
4 125
106 180
2 5
0 138
5 40
26 10
26 145
63 190
104 13
114 103
172 115
93 136
115 185
120 5
39 113
161 64
56 108
96 121
116 21
14 55
63 3
32 8
132 185
127 17
26 24
87 99
170 57
135 189
136 123
190 67
187 39
4 115
61 60
120 198
54 9
35 165
144 29
59 16
41 188
79 57
198 43
29 161
189 32
131 96
171 166
1 23
132 52
138 71
113 120
124 111
180 85
62 45
132 186
143 62
196 125
53 106
51 110
9 105
121 197
100 143
15 49
100 199
25 110
189 22
58 28
90 177
18 144
147 89
22 87
21 196
21 64
18 35
38 185
106 78
25 62
104 34
98 59
54 5
131 160
113 168
168 39
67 62
104 122
166 19
143 110
55 22
73 160
179 155
18 41
110 121
55 156
64 168
143 162
110 52
108 162
59 115
62 173
26 82
121 155
195 37
56 155
168 27
42 40
26 96
6 90
137 64
188 189
42 62
3 118
97 32
98 20
161 79
145 114
159 124
123 40
78 27
171 192
138 197
49 51
105 100
85 0
79 56
143 0
71 170
114 189
64 156
89 137
106 174
94 1
49 28
133 192
124 120
32 45
60 44
134 8
52 170
184 168
47 198
30 171
6 142
160 13
80 2
5 189
192 56
67 45
89 153
97 170
41 13
63 17
98 47
111 35
163 44
189 60
146 60
168 143
53 134
106 13
40 22
170 29
116 137
56 185
82 111
30 192
88 90
165 67
100 39
84 24
155 92
154 166
43 188
15 54
66 166
58 24
140 44
56 135
156 138
176 152
28 129
122 143
32 101
47 7
55 140
116 125
179 6
104 140
197 85
134 66
133 174
79 184
127 107
40 51
98 87
76 130
110 42
103 10
166 107
1 89
134 170
102 89
96 197
14 4
57 104
197 174
55 43
197 51
82 118
115 19
54 27
145 19
51 182
133 142
68 45
178 67
148 180
48 6
47 166
14 73
47 26
23 197
130 186
173 199
51 131
8 47
154 138
44 24
190 192
51 57
84 62
106 80
7 55
37 41
166 164
106 44
132 62
61 168
62 93
88 32
182 156
166 4
120 30
191 90
81 18
178 62
15 17
109 118
97 190
124 156
41 92
89 174
175 54
57 47
58 181
14 39
103 97
138 199
164 109
42 190
184 116
124 80
151 50
146 130
15 93
168 149
118 158
197 149
17 181
14 161
130 57
109 35
163 21
134 103
198 90
41 58
26 23
110 159
170 76
115 171
15 97
134 57
155 166
29 123
60 158
66 98
1 109
30 67
90 12
94 171
3 6
119 103
82 20
119 63
55 92
44 189
54 69
2 168
166 44
161 89
24 20
2 155
30 22
45 184
14 135
71 2
177 58
157 32
6 148
93 190
198 109
68 30
5 32
51 10
127 95
172 35
44 65
199 70
79 160
51 107
114 96
162 112
134 49
29 11
79 120
6 121
41 16
155 15
171 141
38 39
96 168
14 192
59 171
30 91
17 177
157 98
87 95
42 2
105 33
47 60
80 82
176 124
83 133
191 171
38 60
189 82
19 18
136 34
90 130
11 106
26 87
153 85
36 143
81 171
32 39
18 39
137 175
106 149
148 67
176 111
197 193
153 105
41 51
104 113
128 145
2 53
133 75
37 99
120 43
27 102
32 144
187 35
90 137
109 94
64 55
18 25
162 87
112 67
182 40
152 18
76 32
190 82
143 147
58 152
85 64
168 30
76 189
168 186
110 24
103 160
93 29
190 172
68 151
88 148
36 120
124 112
175 105
58 9
41 165
18 34
129 110
89 122
161 35
148 69
114 191
99 96
153 24
192 145
27 60
33 168
114 108
161 197
46 17
48 79
112 63
142 197
134 78
58 196
199 26
83 90
98 27
1 117
36 51
186 137
184 150
51 177
39 167
132 90
124 7
136 158
180 103
2 36
171 175
162 107
102 28
25 168
3 2
114 21
199 114
115 54
181 63
31 168
199 45
175 133
81 168
33 125
185 187
1 197
87 146
113 185
63 153
134 44
16 126
141 55
42 16
64 125
127 99
17 21
32 116
1 153
45 137
110 152
14 87
30 64
125 98
40 83
24 166
189 1
23 185
166 53
24 172
94 2
62 160
89 117
82 65
35 139
161 140
143 98
13 27
63 81
73 103
79 8
62 85
133 145
134 11
66 124
167 130
128 90
55 33
21 72
107 189
41 152
196 25
6 67
106 2
101 148
161 186
5 89
107 1
171 143
178 155
128 137
85 54
133 41
63 117
191 106
71 1
169 41
56 29
98 113
177 160
154 145
138 166
56 163
115 125
189 41
54 87
137 92
90 122
155 185
131 98
193 166
35 2
57 24
170 67
83 37
16 143
120 76
62 121
151 52
160 61
183 62
9 109
192 47
182 106
162 57
148 163
27 185
140 82
148 187
131 1
58 119
97 55
89 7
54 170
99 6
188 118
181 160
109 57
57 120
143 59
159 189
171 96
21 85
44 156
196 72
159 90
176 50
110 11
63 170
137 40
190 167
64 90
114 63
136 27
85 90
92 170
184 137
30 173
162 48
71 32
125 60
85 70
187 115
190 33
114 110
89 128
115 24
155 40
110 154
85 81
111 166
81 103
24 167
72 160
167 67
44 121
156 24
87 133
14 164
2 177
29 158
39 86
97 115
59 185
41 145
179 166
159 136
73 138
39 45
113 190
54 197
131 40
13 89
133 36
81 155
38 145
45 181
148 16
181 170
111 26
112 1
154 105
8 120
77 1
9 115
21 57
58 124
110 104
67 32
182 148
58 5
192 54
59 125
145 23
62 123
127 184
151 100
114 173
17 151
156 21
116 168
120 56
59 35
174 156
28 142
114 5
181 106
31 151
18 86
138 131
32 176
46 190
32 185
71 190
22 176
171 33
151 134
88 137
15 198
32 18
79 105
103 90
16 45
54 31
98 194
55 4
126 136
104 99
25 106
181 166
178 105
56 105
127 0
134 75
129 58
67 152
132 114
33 51
196 3
145 180
141 176
120 46
141 39
105 184
24 105
110 126
97 176
62 149
109 178
63 87
62 77
155 110
133 100
62 53
43 26
126 162
168 131
191 118
2 51
196 175
32 171
27 19
192 6
162 67
10 63
76 2
6 114
70 32
39 190
185 108
195 132
106 54
117 184
76 137
46 41
40 126
26 78
100 28
83 168
148 97
30 70
133 16
161 11
130 131
135 2
126 26
37 62
13 90
158 171
154 199
161 6
96 147
27 51
120 60
6 194
30 42
90 24
62 89
114 119
23 98
20 21
189 101
114 53
158 39
114 40
10 79
104 168
161 150
37 42
107 67
31 17
131 28
43 158
94 28
90 112
170 180
18 157
190 194
181 15
80 18
171 179
46 44
105 8
23 132
16 64
4 54
114 128
80 6
32 16
161 133
62 155
47 164
109 132
87 170
138 24
125 194
178 136
133 160
192 170
170 34
49 155
27 23
102 110
174 155
61 51
197 139
17 133
18 112
24 73
25 1
8 15
177 148
161 111
70 125
78 60
190 62
131 79
188 162
94 6
168 121
41 158
20 27
37 73
196 90
62 161
103 49
70 55
43 28
6 108
157 41
114 11
39 102
91 134
170 16
29 94
92 45
1 164
91 40
114 87
195 133
118 10
92 162
91 103
94 87
185 168
149 40
138 48
37 121
35 131
55 191
74 90
55 128
79 111
19 171
113 161
72 40
113 54
108 166
138 189
118 192
1 104
11 1
176 83
15 130
84 124
16 176
45 108
140 30
175 82
42 166
21 73
130 128
155 87
67 39
40 107
118 100
47 172
193 96
26 3
14 155
62 104
188 16
67 94
98 75
15 132
151 178
145 152
193 1
148 96
175 14
27 157
82 151
105 157
171 136
104 126
10 56
29 115
118 88
165 1
6 164
168 162
43 146
146 41
107 60
60 184
127 14
176 76
32 56
182 98
179 161
35 6
51 149
160 132
86 170
122 132
126 58
120 34
77 40
161 116
190 13
161 60
103 196
89 35
67 87
31 16
147 67
156 96
9 28
155 175
183 60
143 178
41 178
115 136
121 132
125 34
31 40
26 158
151 145
35 45
24 186
35 55
24 169
67 101
109 8
77 16
182 96
114 162
32 137
15 56
191 130
116 17
199 9
170 159
1 114
154 27
136 82
124 186
55 84
37 72
56 6
167 79
148 144
80 16
155 154
120 9
79 84
26 187
132 190
169 82
40 139
110 59
186 96
47 191
137 109
74 37
29 97
170 177
39 145
148 183
125 79
151 191
156 56
93 55
15 137
47 104
55 157
90 116
119 136
173 134
105 139
36 199
130 52
135 47
95 145
21 32
14 38
82 119
162 73
153 132
47 30
120 81
102 151
6 197
197 97
189 54
111 29
18 140
111 89
8 85
88 14
196 144
18 124
1 160
93 39
56 177
124 65
190 20
130 23
110 36
13 130
125 128
196 27
179 130
3 134
114 8
41 24
17 92
158 132
26 61
168 98
89 85
5 132
160 114
1 129
150 82
89 78
195 32
189 140
189 187
79 158
197 133
82 132
44 80
39 82
166 142
121 145
58 121
165 47
25 176
197 103
28 7
146 55
175 32
165 58
194 63
130 72
171 114
102 23
0 105
22 162
184 65
105 99
130 10
191 145
120 104
30 52
118 159
127 170
39 124
0 39
18 7
14 131
26 71
197 168
78 145
149 27
86 21
130 133
26 49
139 41
28 77
185 46
101 87
155 31
51 69
45 44
126 125
41 67
62 38
107 24
135 29
132 59
58 57
111 118
86 104
10 29
190 120
44 122
196 138
28 74
14 42
105 145
79 126
121 39
37 14
58 105
37 153
136 77
20 2
126 6
171 189
60 74
40 46
58 114
32 53
55 127
193 185
45 10
11 120
97 90
26 162
103 27
178 43
15 62
136 131
25 148
132 4
196 47
24 111
7 143
74 118
153 43
84 134
60 4
158 166
48 132
10 87
39 142
132 24
11 18
47 78
26 121
13 105
196 170
99 160
66 41
177 60
95 29
56 134
11 133
17 124
74 161
120 109
87 145
114 150
79 153
103 28
156 100
82 139
159 21
59 103
64 67
15 122
75 43
185 48
163 60
171 153
38 166
18 79
17 28
0 185
187 55
56 169
133 129
58 56
51 47
168 108
94 96
143 53
145 37
95 62
156 104
124 169
15 188
197 143
41 68
21 109
57 55
75 137
105 118
118 106
31 124
132 87
1 169
83 160
14 93
138 65
156 188
150 26
194 58
171 198
178 85
150 40
172 32
28 39
57 85
9 106
142 148
9 133
19 170
89 163
21 80
62 165
2 66
183 104
168 11
171 31
144 127
115 42
125 197
185 96
1 187
112 136
83 189
167 85
166 112
96 21
2 87
73 39
103 143
160 92
82 109
37 26
155 140
46 155
36 55
170 2
54 62
54 108
76 6
154 41
105 6
105 188
118 71
59 47
82 51
75 32
132 117
58 137
85 71
166 109
148 128
70 90
127 128
103 198
155 63
29 24
84 85
155 118
125 108
190 4
157 136
179 148
103 146
90 25
199 35
141 143
60 101
29 121
168 41
174 28
25 190
174 190
65 1
128 79
181 161
16 186
143 108
137 59
2 16
35 26
109 72
27 189
151 1
78 160
35 102
44 178
161 114
168 95
46 127
90 136
132 95
15 192
165 6
168 3
191 96
14 181
63 26
90 180
35 27
110 91
106 35
160 141
61 161
58 130
179 35
58 20
175 104
110 46
62 7
161 49
145 89
119 24
24 118
149 145
155 148
155 193
184 130
106 109
174 96
94 89
137 39
49 118
33 162
136 143
7 138
1 143
172 171
189 55
192 51
136 64
9 67
173 143
189 98
45 13
161 135
127 146
21 28
161 68
75 166
37 198
184 199
155 84
97 14
134 163
145 176
65 145
29 30
52 56
45 80
0 14
23 184
106 187
33 17
43 136
167 160
85 93
1 149
27 174
94 18
52 120
42 160
90 158
31 166
40 156
124 140
95 162
67 150
53 127
101 6
171 53
177 1
131 151
166 48
41 40
64 37
76 197
28 16
134 30
146 184
89 6
161 37
23 168
7 114
137 56
1 102
191 134
103 167
64 132
16 24
73 60
46 90
198 184
145 94
152 15
158 103
4 155
183 124
62 197
157 143
79 171
56 113
116 136
35 52
60 89
89 73
167 60
114 79
190 34
166 35
196 198
102 30
39 120
91 151
40 100
11 118
26 34
25 98
162 94
154 32
197 122
121 104
197 188
90 66
154 125
130 56
171 71
150 43
189 121
178 138
26 9
84 168
96 194
92 28
58 128
120 186
82 81
58 17
62 169
59 51
31 118
2 38
171 70
199 23
25 82
14 50
174 32
40 195
196 115
189 42
182 160
176 168
188 47
91 196
55 51
53 197
155 20
184 171
156 14
109 154
190 177
162 76
92 103
111 125
181 114
127 113
50 26
53 199
32 11
166 27
193 82
166 188
1 134
67 159
84 32
88 63
17 106
136 190
185 18
136 127
176 160
70 43
30 48
70 18
27 170
116 1
73 148
166 137
46 118
82 120
184 20
24 103
115 34
140 54
155 147
139 29
83 79
96 15
176 36
134 40
121 55
156 91
183 2
105 136
183 24
43 89
11 58
15 41
134 89
62 57
37 94
89 83
136 66
75 145
161 5
90 114
148 14
173 124
54 19
118 51
98 32
32 0
145 135
134 111
46 184
100 130
91 45
170 4
24 10
6 60
18 17
93 124
166 68
125 62
12 145
105 115
54 37
179 47
1 54
63 174
98 105
155 69
82 168
15 106
120 166
133 178
85 104
25 130
153 16
49 1
6 154
125 65
23 114
89 195
121 196
35 0
171 157
96 77
145 159
87 28
54 97
29 99
54 80
120 35
109 125
162 56
0 55
37 126
44 52
56 17
148 85
199 40
52 134
50 29
41 69
21 153
73 156
127 86
28 144
114 70
104 191
14 196
184 87
86 62
60 109
48 41
26 52
156 170
192 120
197 99
35 118
118 182
166 182
79 169
36 170
166 71
110 6
119 134
160 142
184 119
176 75
172 197
161 2
103 51
129 82
189 148
159 30
15 48
44 142
55 164
97 24
67 164
6 141
166 185
137 26
106 97
26 167
185 149
42 156
124 94
18 130
102 148
171 100
199 10
195 14
183 133
2 144
193 90
161 78
35 112
151 53
39 181
167 106
27 134
132 170
20 176
19 16
1 57
155 86
79 52
92 166
76 109
81 166
137 156
6 156
17 138
180 18
134 112
148 57
189 34
161 192
155 126
170 167
17 141
51 115
17 7
60 138
27 127
8 103
199 122
90 45
61 109
115 17
92 114
170 112
18 57
171 124
30 71
34 39
26 77
54 129
148 68
10 14
27 56
160 10
184 39
9 138
145 83
188 170
80 162
13 60
184 75
109 42
48 197
18 46
78 155
30 90
102 161
27 172
40 178
23 120
180 63
169 37
100 127
173 197
187 14
145 160
17 73
85 182
174 44
159 151
86 29
156 171
56 103
187 156
151 193
15 86
138 175
39 6
178 124
95 170
137 170
70 160
130 78
183 137
137 150
55 23
27 28
39 157
168 54
177 63
64 89
149 55
115 152
176 174
49 2
72 98
61 17
87 74
98 154
21 19
118 116
47 134
109 79
54 156
67 89
104 70
170 153
24 184
14 106
109 91
104 65
171 15
18 172
89 140
94 30
148 1
123 35
131 24
174 132
24 137
143 180
149 17
122 189
43 128
115 81
2 22
110 163
41 144
171 72
133 158
149 196
70 56
2 59
185 78
199 32
95 120
24 155
150 60
87 113
56 93
115 183
106 23
28 73
58 75
12 148
51 83
122 196
13 103
140 170
27 197
53 115
30 110
125 145
33 47
154 45
30 92
140 63
82 46
178 189
41 174
175 60
51 72
82 11
73 143
16 121
126 43
53 18
174 87
50 56
94 190
95 21
180 37
180 199
54 56
40 105
87 43
120 10
176 62
56 95
89 77
51 100
14 61
120 145
26 94
137 44
40 18
145 45
196 112
63 55
48 45
168 22
77 85
162 111
65 45
39 175
85 99
107 137
111 41
44 164
39 23
193 35
29 25
112 2
162 163
165 118
193 137
44 153
58 163
32 69
67 153
186 166
134 23
6 53
155 106
180 104
70 24
171 9
14 20
176 5
42 114
64 143
174 199
102 160
44 100
93 130
2 169
44 109
87 62
125 29
109 25
119 47
132 127
124 154
185 91
164 40
199 189
105 195
81 197
183 109
83 62
1 135
68 132
26 99
55 113
21 10
118 16
121 27
59 184
15 156
105 20
122 160
3 18
60 156
185 19
155 1
43 98
197 129
140 166
5 1
153 28
61 67
135 26
105 28
124 74
82 78
157 199
28 99
110 192
91 161
160 18
160 28
81 56
166 56
82 40
0 28
12 118
163 115
101 28
1 70
17 142
15 88
122 103
43 35
53 58
120 29
175 189
161 65
72 14
148 5
162 187
169 27
127 115
147 197
104 141
138 157
102 190
35 158
178 45
32 112
47 181
151 146
39 88
101 138
190 51
155 167
170 37
96 72
96 116
115 1
79 159
35 83
106 184
178 103
45 118
93 166
49 32
143 90
82 77
150 54
115 181
32 54
16 61
171 164
56 28
190 129
145 31
124 3
177 136
96 6
105 173
19 120
181 54
168 115
69 21
191 125
112 24
91 41
112 29
140 79
57 160
66 127
108 90
110 194
179 17
56 182
134 20
176 149
132 199
151 118
145 88
171 123
101 197
154 151
189 128
19 138
82 106
36 43
92 29
99 16
138 95
155 88
114 104
103 72
173 1
63 36
196 96
171 35
106 102
195 104
155 29
49 105
54 23
60 112
10 67
131 185
191 1
117 98
2 130
149 156
170 143
16 106
172 41
189 11
24 192
54 107
199 148
68 27
92 110
73 51
51 136
164 143
122 79
160 77
6 25
19 96
41 115
43 4
165 161
32 1
170 131
136 41
8 185
54 28
118 122
120 184
123 125
19 55
20 40
83 185
110 54
156 154
156 61
109 45
173 54
186 118
114 78
113 105
60 25
51 128
120 127
54 159
25 197
117 90
2 63
156 80
177 37
123 15
164 21
124 145
27 187
44 125
186 41
187 109
26 192
122 39
151 76
96 170
71 184
18 10
98 15
1 170
5 35
89 101
22 90
197 39
114 118
55 15
44 85
111 145
27 138
24 33
115 162
101 54
124 97
11 185
99 21
60 193
133 33
8 41
148 115
122 185
172 134
162 105
155 70
170 114
29 100
129 134
121 47
17 38
94 58
155 127
106 33
90 192
168 70
180 27
53 24
49 30
40 73
6 34
132 152
130 12
130 139
199 1
72 29
58 66
191 168
32 126
186 79
192 160
125 38
92 189
94 130
188 185
17 164
87 53
166 160
32 57
30 45
81 39
124 56
96 105
186 184
177 124
59 54
95 43
126 15
156 45
96 159
199 158
58 72
150 115
25 47
21 174
155 183
44 7
155 157
61 196
37 186
83 55
143 21
117 41
62 127
139 161
151 182
189 192
129 85
148 108
55 73
68 67
100 190
88 115
39 57
30 63
0 41
128 176
41 162
155 0
87 92
197 175
105 120
28 180
150 127
132 120
89 95
62 150
86 199
129 16
125 84
134 33
39 58
172 166
65 133
178 96
15 161
13 189
23 133
84 51
85 37
142 27
55 182
35 61
65 21
57 6
62 79
109 104
46 2
191 30
161 155
96 123
62 199
18 92
38 176
145 108
111 44
95 1
37 120
4 63
71 137
152 118
105 85
143 154
39 133
96 65
137 161
66 130
37 10
20 87
16 181
14 105
67 2
141 18
55 32
102 130
109 32
138 102
193 41
103 99
138 49
142 21
15 166
2 134
60 45
132 86
119 161
194 39
143 79
32 47
82 143
135 85
10 6
63 70
98 140
172 55
120 181
21 182
25 103
32 124
26 154
131 85
173 190
117 104
119 15
124 43
179 125
122 27
127 111
54 79
105 72
130 28
88 2
55 175
28 155
85 144
14 140
77 143
15 129
183 166
109 136
184 126
166 82
105 197
43 149
60 53
142 109
53 125
148 27
56 98
29 87
138 93
48 133
60 188
168 144
60 46
190 141
102 143
43 96
166 116
89 177
139 104
33 160
169 106
45 146
153 98
119 54
107 114
66 143
138 176
127 175
35 37
36 62
170 61
194 24
26 30
174 67
47 195
95 189
58 82
105 16
40 177
46 105
132 22
115 174
26 74
37 45
110 179
185 138
148 104
151 135
145 106
47 36
90 80
197 146
63 0
79 85
43 85
199 161
64 171
28 170
149 138
7 134
23 124
144 79
115 75
30 150
168 112
45 191
53 1
183 136
39 76
85 58
140 190
199 140
137 62
166 89
38 1
139 30
156 37
91 118
174 40
82 199
51 9
17 99
60 21
136 156
51 121
62 174
168 13
98 155
11 98
149 29
85 110
63 124
39 27
103 21
127 96
133 180
110 157
120 74
82 162
111 45
106 171
85 72
70 145
103 85
96 154
168 10
121 41
103 42
85 88
72 133
21 77
65 110
32 118
2 40
18 159
65 127
171 51
184 102
142 196
163 133
98 39
44 194
151 126
109 11
182 196
17 97
165 132
96 167
98 150
80 55
38 148
89 104
103 165
6 167
96 56
104 3
167 98
35 194
42 18
110 3
192 18
186 155
197 169
95 98
51 140
54 112
159 127
179 156
91 171
19 29
15 13
156 65
25 45
168 190
15 5
14 66
190 116
27 43
180 60
152 137
19 56
197 57
78 171
113 143
77 24
137 179
160 40
18 182
71 21
60 174
41 181
133 167
159 28
34 24
18 149
79 82
127 163
69 151
72 18
132 191
25 44
43 196
193 132
156 81
22 26
47 34
17 78
190 108
81 136
110 148
170 73
106 164
183 21
199 195
110 100
197 170
130 107
41 71
67 65
173 82
49 110
96 54
144 54
127 77
85 163
85 10
180 171
192 115
57 37
178 47
185 184
167 45
142 156
138 40
103 6
17 134
185 110
82 67
21 115
17 189
80 24
148 158
139 24
126 102
114 165
0 199
17 102
157 37
155 153
87 124
79 101
154 137
97 120
166 169
118 89
185 128
28 23
30 84
185 30
55 9
48 148
98 137
10 58
105 63
36 89
60 182
134 99
54 190
23 110
92 2
32 160
184 82
50 118
27 26
28 52
55 147
102 87
148 152
109 19
137 114
35 151
125 147
15 158
159 98
199 39
73 161
60 123
176 150
104 18
161 168
51 147
73 16
5 41
138 173
40 11
69 89
190 84
87 199
112 118
85 102
25 28
160 180
26 197
34 156
18 66
180 44
141 60
54 147
158 120
25 162
116 143
4 16
153 189
27 171
98 109
85 12
34 118
122 43
60 192
47 129
153 197
19 26
39 36
85 26
119 185
107 124
114 129
81 137
182 145
125 193
68 143
35 103
143 142
179 2
197 8
18 196
1 175
6 153
112 56
148 122
39 78
169 26
166 2
31 156
108 89
150 151
110 38
155 119
85 188
184 10
44 131
67 131
41 64
105 151
106 124
51 161
6 74
155 37
37 3
31 51
23 155
160 63
132 46
84 29
16 25
137 121
25 137
56 132
136 52
138 72
35 119
170 11
45 124
152 168
125 10
11 176
29 0
37 70
60 143
26 120
121 14
58 197
159 85
132 173
159 185
51 199
52 98
71 160
66 155
87 41
58 49
26 81
188 199
30 170
94 120
133 136
0 79
72 6
180 40
191 44
98 171
173 166
16 72
6 78
36 32
170 80
148 33
118 90
135 127
173 103
76 96
102 134
121 45
42 170
101 103
76 56
62 148
160 159
151 160
0 161
156 85
107 32
37 82
89 70
125 75
191 62
98 197
82 21
174 6
42 171
189 123
47 70
82 104
67 160
81 45
127 94
125 187
170 93
60 137
27 179
60 148
132 176
172 136
141 79
17 114
64 45
155 33
2 14
173 67
145 97
171 88
86 105
189 120
162 47
65 132
47 72
113 109
104 51
93 160
87 27
62 162
179 118
66 35
165 137
196 163
165 45
139 44
45 77
2 61
39 198
2 55
59 162
64 196
183 85
75 40
41 14
53 104
114 120
127 174
43 68
130 14
158 196
86 115
98 126
124 146
37 183
38 120
132 135
67 121
117 15
118 172
10 2
63 47
21 66
104 55
168 4
51 143
183 51
32 81
104 111
166 187
168 26
179 106
125 150
197 104
103 104
72 124
184 2
76 155
96 87
184 196
148 23
54 171
29 174
39 125
28 5
87 9
169 120
64 176
38 58
3 155
35 152
192 143
21 121
136 150
119 130
149 54
32 110
85 18
124 49
92 26
187 82
161 39
51 12
183 44
164 90
114 80
116 127
16 47
181 118
134 72
96 138
155 137
90 167
48 24
90 107
30 10
197 164
126 63
60 152
85 14
28 134
176 99
81 170
18 4
151 183
16 27
1 126
115 94
145 73
96 24
110 198
139 124
99 130
15 168
184 53
39 42
123 98
13 87
105 164
41 53
132 183
93 41
97 58
78 43
161 84
76 29
30 104
152 39
59 155
136 45
52 32
134 167
109 149
41 90
26 68
96 139
145 25
174 171
79 196
48 190
23 127
0 136
120 150
22 185
107 96
143 55
40 23
82 36
78 103
44 57
53 40
38 155
51 21
157 145
0 30
67 183
95 103
84 130
32 178
26 70
70 115
58 2
54 38
121 60
166 118
81 118
63 22
138 98
98 13
196 178
172 145
196 190
114 61
87 194
141 105
15 167
27 74
49 136
98 86
184 155
170 91
143 121
155 144
110 165
156 111
194 109
184 80
83 137
140 56
85 29
160 81
65 168
82 38
143 128
45 107
96 50
60 116
81 130
14 153
162 141
185 69
18 166
64 96
177 15
145 100
133 170
190 57
66 56
109 65
136 32
104 75
193 87
23 44
64 27
172 54
26 134
39 53
125 186
93 155
85 5
7 184
83 32
145 174
106 42
103 135
24 126
58 162
160 123
153 137
32 184
160 188
53 17
65 162
190 16
139 137
43 22
175 96
60 9
22 16
30 153
32 134
190 96
103 88
90 59
133 69
106 50
18 199
26 152
16 1
164 63
176 121
65 120
160 50
160 100
37 28
82 127
58 112
24 65
119 29
159 15
39 15
1 166
67 157
168 170
131 189
117 56
164 196
96 68
106 7
191 54
123 104
189 103
82 17
49 96
115 107
173 136
17 101
174 120
115 48
97 30
171 183
58 122
113 124
132 45
70 44
168 55
26 195
134 171
163 6
131 161
123 106
26 53
128 62
179 51
59 18
63 165
89 173
104 97
152 85
155 39
153 136
184 167
156 48
198 54
37 93
44 195
119 6
44 108
72 106
11 160
87 159
182 30
166 144
72 35
13 79
168 77
187 85
199 20
173 176
24 82
54 151
31 32
87 105
53 45
73 176
47 90
126 51
21 88
137 27
16 46
87 191
94 189
11 199
62 44
42 6
49 16
41 9
191 148
1 196
13 170
171 125
89 154
35 44
28 196
81 89
35 46
147 109
176 61
60 191
90 17
98 170
155 34
141 130
53 29
189 197
123 168
3 79
21 12
161 188
79 70
181 55
16 98
115 184
114 24
47 20
184 86
84 145
104 181
102 37
151 51
168 35
18 63
164 125
82 194
197 159
15 114
18 145
139 134
105 180
90 48
58 7
24 121
124 167
109 182
104 73
119 51
105 90
4 15
86 43
134 179
87 147
17 98
1 141
145 134
184 42
108 82
194 197
76 90
93 171
67 151
56 116
137 61
12 40
103 40
194 136
28 47
86 133
99 98
55 197
161 8
123 196
186 115
2 123
43 15
129 14
89 50
105 134
132 141
5 21
109 105
79 123
9 137
168 117
166 64
109 47
197 162
83 15
6 116
120 7
90 75
98 198
110 120
12 106
185 137
187 171
15 87
77 196
107 35
41 171
140 45
182 127
45 122
97 125
171 177
37 106
0 162
193 138
176 151
6 54
62 74
162 176
189 18
168 92
66 54
125 161
125 106
134 94
194 199
59 118
66 170
118 13
109 49
153 104
197 65
56 26
155 71
110 69
28 146
21 56
115 190
163 125
24 6
169 85
24 13
135 41
39 149
109 55
130 43
82 55
148 22
17 193
90 185
178 37
95 40
15 52
105 26
34 41
147 16
98 172
28 13
103 29
67 99
196 193
17 122
37 5
37 48
185 176
139 67
82 84
133 14
126 115
118 154
2 83
190 143
118 87
50 39
116 160
15 51
76 161
114 59
45 188
32 23
52 133
85 116
85 171
41 163
15 162
79 124
160 43
104 35
77 37
196 120
161 25
51 85
95 143
71 15
77 14
143 109
132 101
184 164
33 127
60 159
66 114
172 89
21 162
92 171
131 60
192 58
60 108
72 118
104 56
14 113
124 189
65 17
125 135
138 63
7 151
190 91
91 37
25 160
127 190
139 168
186 106
47 150
91 106
24 133
87 100
67 15
87 126
195 120
22 134
170 83
184 50
151 56
131 47
97 130
90 151
69 82
127 167
156 184
67 108
157 137
160 113
139 148
113 17
70 118
6 122
123 138
115 108
184 96
105 89
183 32
138 107
157 162
15 142
185 1
35 174
189 173
164 62
53 56
17 45
176 123
186 148
177 156
125 21
1 48
174 189
160 171
50 62
187 90
137 93
69 145
120 152
137 100
115 138
56 72
139 118
168 42
90 152
56 44
120 191
39 103
28 151
54 77
154 170
39 89
16 70
189 139
14 189
14 53
86 28
32 73
98 134
16 132
166 91
24 86
41 184
20 136
144 43
140 120
154 35
127 32
41 123
38 27
142 60
38 118
97 28
57 161
87 196
21 42
145 126
32 7
184 140
51 46
67 51
185 81
75 143
105 61
41 79
168 167
126 199
75 162
102 185
15 197
197 141
147 133
175 106
26 136
108 62
118 43
119 162
198 6
45 58
35 196
115 38
114 74
136 186
85 59
174 18
51 43
114 31
156 23
179 170
186 26
67 70
85 139
96 104
40 44
35 4
170 82
115 123
132 67
87 81
170 158
197 135
0 82
98 78
136 31
166 139
189 99
106 29
41 12
42 60
106 163
27 109
132 169
103 98
175 40
163 27
168 153
51 24
44 161
148 4
143 48
146 51
18 197
21 100
105 127
58 81
79 103
58 198
162 34
14 134
88 89
8 67
73 199
63 113
64 6
108 47
169 134
132 39
41 149
36 15
15 196
132 139
105 15
37 110
60 41
189 100
1 82
51 188
146 105
85 191
16 192
102 145
0 118
15 74
110 13
160 155
5 133
43 111
190 89
124 130
118 83
1 123
29 127
195 110
110 103
110 99
173 41
123 90
69 105
175 28
138 194
118 93
58 145
60 5
71 124
129 105
196 29
18 177
105 107
155 72
133 20
186 28
45 101
137 78
105 82
118 133
16 135
166 115
86 37
118 130
26 16
114 164
192 176
143 158
78 62
17 160
153 51
6 113
86 136
175 168
190 147
55 26
127 60
46 14
82 167
109 196
109 31
155 135
24 157
176 92
46 161
82 115
132 85
29 199
18 60
182 89
60 98
53 54
183 43
28 34
112 14
184 197
138 91
41 96
67 13
59 6
160 105
62 102
172 120
22 79
178 114
149 67
175 114
115 170
6 77
90 1
104 22
85 138
89 167
18 88
6 43
137 187
146 136
137 66
136 89
113 67
85 63
90 9
120 86
1 103
67 195
137 54
16 71
143 119
196 162
165 98
61 85
76 184
139 120
89 29
4 137
183 6
6 182
129 132
54 138
189 26
54 117
79 35
96 42
123 130
37 17
124 135
10 28
104 124
120 177
125 140
60 171
194 185
5 62
192 1
138 84
84 89
184 30
9 148
142 185
151 162
138 99
131 110
150 96
137 17
38 138
46 114
140 37
159 133
101 18
67 1
4 134
129 124
31 134
96 13
146 54
151 34
46 30
114 89
137 10
122 162
58 61
87 181
161 75
134 137
84 156
2 162
104 163
71 37
105 158
17 35
189 134
135 40
95 24
41 59
129 115
15 2
61 41
62 8
138 151
120 162
24 147
148 56
175 16
125 42
87 115
57 90
121 54
30 130
85 189
24 190
125 74
119 133
109 6
157 176
121 17
79 197
43 108
148 81
103 147
136 23
193 176
114 49
45 189
152 29
132 47
131 62
31 196
133 109
199 98
120 106
34 114
94 14
148 17
197 124
153 18
67 103
82 160
30 198
170 41
105 196
184 16
136 48
96 38
27 69
108 2
93 1
82 100
142 90
131 162
151 136
163 166
0 56
156 0
70 27
50 189
147 115
131 90
34 35
97 160
67 171
147 18
67 102
6 166
93 32
143 40
105 169
170 33
112 98
160 85
75 168
76 55
3 60
155 10
87 175
168 142
124 114
199 196
173 127
116 82
107 26
44 99
193 30
9 44
56 168
180 136
15 72
181 40
133 60
157 148
162 167
27 89
59 170
151 117
17 24
19 124
136 22
110 78
166 34
18 132
166 22
184 139
117 96
100 155
60 29
17 71
89 91
104 66
76 148
149 96
145 197
163 17
145 85
120 96
195 27
15 173
40 64
186 43
75 156
103 38
14 149
17 125
97 51
152 55
172 176
28 64
61 118
170 55
168 179
143 146
92 145
44 103
112 161
66 103
79 137
12 87
2 98
150 18
24 180
17 173
174 82
134 108
21 149
125 153
18 78
118 198
160 98
93 60
147 136
111 67
100 196
191 27
173 58
169 130
155 57
109 86
130 195
93 189
25 185
174 162
31 14
162 189
130 86
142 104
164 133
63 122
46 176
104 133
74 40
98 96
60 66
14 86
74 41
8 21
98 192
138 58
199 177
103 61
17 55
132 97
162 182
193 55
162 27
109 160
154 15
47 170
120 32
105 74
120 21
193 148
104 60
55 38
182 103
175 24
125 71
155 130
71 145
102 133
15 135
145 35
32 121
129 143
161 94
48 137
118 110
82 33
152 199
163 143
23 14
62 107
24 2
177 98
34 43
186 156
33 60
185 175
137 87
82 87
122 168
117 115
102 16
115 43
137 103
37 137
49 151
67 76
29 107
8 58
1 152
130 156
18 75
155 131
23 41
141 56
182 130
28 122
76 190
59 21
85 74
139 199
2 1
60 55
163 109
197 93
29 40
78 136
47 177
92 79
27 63
1 19
126 105
28 83
138 88
2 186
115 5
13 56
95 133
37 117
143 45
87 149
184 36
15 21
67 60
95 17
136 55
82 146
60 77
18 116
92 47
28 46
120 14
135 170
15 11
7 156
160 150
26 148
171 129
148 150
159 2
81 15
82 156
32 141
66 44
157 190
107 155
98 33
39 7
98 92
166 57
171 197
41 134
134 121
96 122
162 195
61 148
46 37
1 144
37 122
135 106
180 87
66 89
145 0
117 16
136 56
45 33
160 101
98 42
152 54
109 121
198 60
30 65
83 18
8 143
168 172
177 96
125 151
84 6
111 90
124 88
125 127
136 19
63 46
178 199
51 184
79 102
1 120
162 20
136 73
1 75
143 15
130 47
104 27
96 2
87 51
54 180
54 161
120 48
30 20
98 166
16 53
152 104
153 166
175 160
89 160
178 21
30 109
184 25
70 62
118 19
126 103
168 89
43 41
137 111
71 14
1 84
88 56
6 71
170 6
115 79
136 17
192 29
146 148
13 40
90 27
105 103
23 166
143 150
155 101
14 21
194 28
176 84
55 86
186 105
134 190
20 166
183 127
18 187
165 30
97 161
82 197
77 190
199 155
26 132
37 105
85 115
165 96
154 62
21 36
87 166
75 27
4 189
6 187
10 39
198 151
16 103
142 132
96 97
41 85
79 47
171 112
131 54
19 51
136 67
117 87
38 124
103 33
116 55
139 54
134 181
83 60
32 22
45 99
35 117
96 108
2 176
193 85
48 27
80 28
56 51
143 175
168 48
62 158
14 59
45 192
171 36
90 92
28 89
125 148
97 44
63 68
179 189
152 103
7 170
104 36
151 166
194 134
171 119
17 42
87 150
106 161
40 115
54 130
21 181
160 66
54 94
45 29
196 66
117 136
31 82
160 14
29 126
26 160
59 39
168 72
132 131
74 1
11 96
63 151
144 176
86 103
15 38
166 5
90 68
112 151
87 68
87 23
32 90
24 71
39 56
53 79
98 101
65 176
37 89
149 56
177 134
136 160
28 19
199 162
163 136
21 122
171 5
60 195
180 2
27 94
40 172
113 155
99 40
145 141
139 133
44 81
87 169
182 45
195 43
167 27
56 91
27 34
33 110
126 109
45 6
38 196
106 112
174 170
16 189
45 97
21 194
162 194
8 14
149 162
151 120
54 90
57 151
5 151
94 168
108 29
84 28
87 73
49 89
97 89
19 98
41 6
16 179
144 56
156 74
178 132
155 6
125 195
53 105
43 187
25 171
98 193
91 148
110 173
181 82
137 127
58 35
189 176
62 41
102 189
74 32
176 122
196 173
114 98
181 143
57 114
35 183
176 21
118 195
110 160
166 131
132 157
2 34
75 148
45 49
89 51
11 190
90 197
98 107
18 82
87 122
29 183
54 114
28 124
39 174
5 127
46 162
47 56
26 124
5 29
38 184
91 2
168 69
180 56
76 58
67 95
146 133
10 189
150 63
67 91
155 190
94 79
136 182
30 123
198 26
50 133
100 115
38 199
132 103
6 138
5 143
110 95
138 43
42 56
162 28
79 76
141 29
97 199
178 14
33 1
105 88
104 31
51 181
144 162
47 171
78 21
14 102
3 133
98 26
187 2
35 20
191 137
97 133
199 113
28 50
156 53
100 125
32 85
126 190
28 88
119 197
16 140
58 4
60 94
143 139
31 133
97 16
196 75
17 192
62 40
182 161
115 122
138 146
87 77
197 117
149 79
165 105
149 32
43 3
125 5
70 156
189 158
51 37
40 86
89 169
85 86
156 1
159 143
47 185
55 90
197 30
156 4
3 127
187 16
26 173
65 41
174 45
54 51
17 9
164 60
18 128
8 196
72 115
14 143
6 19
51 6
155 61
196 172
45 147
43 45
78 162
143 76
7 103
11 105
0 124
187 176
87 97
44 68
85 154
113 43
185 182
25 132
125 114
29 42
51 70
98 148
176 82
34 130
91 82
14 25
12 45
73 125
98 196
194 118
106 199
101 114
119 21
35 84
110 68
130 44
184 177
159 6
48 89
134 187
196 107
17 162
117 125
89 164
176 72
175 85
14 27
97 196
7 35
42 54
162 19
134 37
36 6
85 35
138 89
36 196
7 1
161 171
101 134
35 113
36 137
176 136
184 100
173 44
72 156
147 166
12 29
185 77
134 77
166 150
166 134
175 145
122 125
171 84
27 194
90 101
43 0
95 176
10 166
60 51
105 59
45 149
21 4
140 197
40 109
138 132
21 0
33 184
62 142
16 84
187 62
116 151
160 5
194 89
100 148
158 47
159 168
130 71
88 82
104 81
124 40
106 92
17 140
137 168
22 24
38 24
17 39
35 50
172 162
188 28
54 177
57 156
50 24
54 122
185 16
153 56
173 37
42 1
97 189
27 46
143 105
51 165
146 134
155 47
27 11
9 30
170 17
165 138
27 37
12 137
177 103
26 31
177 29
103 102
45 112
30 103
45 83
35 93
55 74
7 54
16 154
138 11
75 79
39 160
145 117
136 132
171 188
103 3
82 148
185 199
198 137
174 55
153 87
52 27
23 161
145 52
79 14
58 42
170 195
147 145
1 146
47 84
194 114
124 108
161 196
168 181
54 25
47 66
130 173
51 81
122 138
128 44
68 51
93 51
190 65
127 89
4 197
55 96
35 140
71 133
143 28
199 2
100 109
176 71
27 126
28 63
40 85
38 85
170 103
32 191
39 112
12 143
29 175
192 27
197 77
109 111
2 111
16 92
43 109
189 161
171 152
75 55
117 110
16 138
84 151
41 10
117 21
190 139
14 67
45 114
197 154
91 114
184 143
55 66
166 152
183 143
25 87
18 103
26 181
50 37
153 2
37 118
63 21
75 170
127 191
40 198
156 117
113 138
198 1
41 125
132 166
149 85
155 52
139 151
60 88
109 24
55 190
55 173
48 134
141 110
17 131
27 6
170 53
138 112
127 121
89 119
145 6
145 10
2 89
6 176
69 1
68 162
48 2
37 30
199 137
189 29
185 41
96 115
32 66
23 17
190 187
168 100
114 25
104 178
198 14
33 40
60 115
194 143
126 176
88 199
51 160
30 119
137 47
160 120
76 18
64 189
26 130
40 142
104 95
162 175
113 79
29 143
43 73
96 33
190 110
137 96
86 51
2 29
124 127
132 50
115 45
71 45
126 137
79 132
171 113
101 136
46 106
26 122
75 37
180 96
12 156
151 25
28 76
120 170
137 129
96 176
61 162
65 47
122 156
124 82
145 29
30 41
26 108
47 5
85 179
199 48
27 111
103 71
17 51
37 192
85 9
154 132
43 134
146 58
39 63
54 184
15 37
42 138
99 24
187 127
140 130
186 134
6 149
196 111
163 87
28 154
5 56
0 160
188 6
184 129
48 161
197 165
191 155
188 89
24 104
48 98
39 80
109 123
151 94
182 184
163 96
51 172
57 98
45 78
197 47
12 155
176 7
82 52
145 131
121 162
67 56
89 165
26 106
136 76
106 8
47 40
45 155
90 10
104 90
89 11
119 104
28 185
17 157
37 101
157 166
151 19
39 90
5 137
196 124
103 4
115 106
193 37
151 113
62 129
35 9
41 147
143 145
81 110
37 163
120 173
133 85
101 161
95 55
21 53
24 125
11 60
66 185
51 193
191 143
37 188
148 66
166 43
40 162
54 196
92 54
62 118
109 18
72 199
28 29
39 134
121 90
143 80
77 56
109 74
128 109
161 18
176 180
195 161
176 116
35 36
26 73
176 140
1 184
127 104
109 77
69 166
186 51
39 195
4 184
19 30
42 118
41 177
15 163
114 18
26 90
171 57
141 155
156 51
182 26
0 170
96 119
14 136
98 132
100 30
103 142
3 171
48 26
196 39
198 27
162 170
153 161
56 176
199 61
130 37
41 84
21 2
88 55
46 133
60 117
128 138
26 129
34 90
67 98
77 90
178 162
85 4
115 52
58 182
29 83
40 9
89 38
177 145
89 53
14 65
132 96
65 115
153 32
15 134
127 160
2 57
107 143
183 40
142 118
174 114
103 129
191 105
58 110
176 78
157 124
155 22
43 64
79 44
96 62
13 35
35 180
24 30
137 181
31 21
1 34
82 178
6 15
175 98
184 121
79 150
170 194
130 67
110 135
79 172
31 96
54 65
133 113
16 168
113 114
16 96
92 185
159 43
134 193
6 61
34 29
60 103
89 22
1 179
120 125
109 155
23 115
2 128
34 51
118 77
96 84
23 85
88 125
124 150
109 51
144 143
86 148
151 85
162 69
168 106
123 6
67 31
185 183
188 137
43 19
138 142
181 109
91 176
16 63
185 143
137 6
160 20
151 96
161 194
196 93
32 78
34 109
45 87
69 98
171 159
131 197
27 77
134 79
190 21
16 165
40 125
197 34
92 44
62 115
60 75
66 162
106 153
27 12
175 30
1 100
27 65
189 15
78 29
82 154
54 179
54 99
121 171
129 55
140 148
62 71
186 39
133 61
118 54
41 148
58 106
12 28
157 62
143 104
56 110
109 108
38 151
26 190
63 58
43 39
145 46
79 38
132 156
20 44
29 49
54 39
58 23
168 38
20 104
51 105
8 170
159 130
29 169
110 191
63 157
48 114
30 111
45 89
29 142
130 162
27 120
54 70
78 124
134 38
96 28
98 14
103 74
39 25
13 17
79 190
56 121
25 134
43 59
134 12
139 90
143 112
37 55
64 148
81 96
184 83
104 177
51 144
130 109
151 23
134 97
81 28
60 37
21 79
111 39
188 124
47 96
26 151
195 54
44 27
80 105
50 115
29 187
27 76
138 47
128 21
26 156
171 146
104 25
148 138
78 85
179 41
179 199
143 57
7 15
131 148
130 35
161 28
87 56
148 8
118 180
61 197
56 99
96 7
77 133
104 157
43 152
18 168
32 152
126 161
57 35
49 14
16 150
192 103
131 21
179 196
162 37
44 5
129 21
172 14
48 28
16 194
107 14
120 83
159 56
87 178
109 156
9 161
19 37
151 86
6 49
127 196
84 115
143 49
35 99
106 43
148 92
190 75
93 17
158 137
70 137
42 199
80 30
13 58
132 9
193 114
95 60
14 180
121 161
114 155
44 29
2 17
58 132
159 55
199 3
39 130
150 29
188 98
60 151
26 164
104 64
158 109
106 139
56 102
195 189
58 155
43 163
1 162
35 64
83 125
176 130
123 110
129 168
188 110
58 178
5 190
169 90
86 41
155 75
125 14
161 4
166 126
185 104
102 199
57 176
147 79
4 127
132 188
52 160
106 75
164 170
185 125
106 66
103 184
15 95
48 170
2 160
16 78
2 190
47 156
150 56
4 196
41 196
73 98
125 198
39 156
184 57
163 190
166 77
133 181
58 158
129 104
10 197
105 156
83 161
68 138
21 173
28 182
193 58
9 156
12 44
1 139
24 106
110 167
172 137
45 144
44 28
89 4
115 30
67 185
82 75
20 161
110 147
191 136
196 186
130 161
143 44
26 20
148 36
177 137
6 0
145 63
123 134
197 111
162 133
33 41
139 185
54 158
93 120
187 130
128 104
140 160
69 160
142 134
54 167
92 136
115 173
3 132
106 138
154 134
197 7
49 35
128 54
30 60
72 82
109 175
85 7
171 148
176 186
54 182
91 137
81 29
22 27
40 179
44 8
171 101
71 54
68 133
77 130
31 176
41 167
17 190
26 180
148 136
21 38
131 137
29 132
155 91
74 47
17 26
120 126
110 28
32 147
90 96
110 97
103 155
51 92
70 105
186 35
63 169
169 138
171 155
185 44
168 17
99 185
162 192
121 136
74 115
71 109
173 133
63 9
196 197
199 7
141 156
18 146
171 66
28 157
152 143
15 116
119 124
176 63
186 18
16 68
132 124
66 109
151 62
14 117
3 1
181 199
98 79
109 52
125 13
170 25
109 180
1 108
125 66
179 30
85 165
52 168
29 96
37 119
96 36
183 63
160 139
130 193
109 41
146 35
3 40
42 148
140 185
148 47
44 58
2 195
185 93
9 103
74 190
174 105
47 105
86 124
35 128
124 64
114 172
114 35
86 143
138 100
96 61
37 179
185 124
104 138
67 22
132 107
145 66
175 63
44 89
146 185
124 181
0 103
199 110
82 125
170 14
0 171
56 73
17 147
142 32
66 27
106 76
40 158
195 176
177 87
183 197
77 189
15 50
103 150
158 155
37 11
199 118
40 25
91 184
176 109
89 109
85 125
80 168
5 155
24 69
105 48
17 195
127 42
176 158
31 1
116 103
44 151
198 190
27 130
199 24
189 51
38 127
6 83
197 37
165 185
145 107
145 113
39 191
166 54
184 61
82 44
100 15
30 146
130 158
156 35
21 134
148 13
142 24
37 0
89 15
195 35
134 168
128 197
145 173
79 12
78 197
135 51
140 87
156 32
1 24
79 110
60 178
93 151
45 7
141 120
162 51
130 121
89 185
124 30
12 132
136 3
63 148
125 55
29 61
67 129
148 135
82 135
19 168
90 71
113 58
40 190
135 55
62 192
133 185
63 198
52 41
22 120
62 49
47 194
163 138
30 164
41 143
148 107
79 27
184 174
6 175
29 15
166 128
162 101
21 48
39 65
155 64
168 60
2 119
197 66
30 128
137 133
54 162
18 96
11 14
125 86
30 181
87 69
112 197
109 174
82 147
67 84
60 122
149 24
151 40
15 102
157 197
79 74
27 33
22 114
58 120
58 159
17 159
142 89
4 133
29 109
171 37
139 63
134 58
16 125
100 197
79 148
16 110
37 128
75 30
16 171
58 102
58 1
176 24
43 148
90 89
158 156
39 154
184 141
64 32
37 25
46 32
59 166
67 55
187 63
149 170
194 106
148 175
52 127
63 182
1 21
109 88
103 124
140 103
30 82
81 27
59 199
189 96
185 42
30 169
21 140
87 40
44 72
9 56
18 6
143 135
49 104
197 167
120 40
196 147
70 134
104 136
168 163
132 37
183 156
132 36
113 44
148 15
14 104
87 182
189 116
130 198
83 151
106 0
118 25
12 43
192 89
196 177
151 115
79 96
115 198
136 24
195 98
134 0
32 145
123 56
104 189
17 172
79 162
104 135
184 92
81 55
104 71
186 104
147 98
196 46
43 182
64 106
43 175
121 98
28 38
34 105
195 166
110 107
161 100
121 166
160 6
19 190
84 132
23 30
62 146
62 90
44 87
49 132
91 98
64 79
56 107
156 36
124 144
186 14
187 24
110 5
55 138
106 136
194 37
1 59
63 168
37 148
152 87
199 14
66 168
18 99
82 117
18 133
106 100
69 184
133 12
164 156
139 45
138 170
54 141
41 50
7 155
143 127
132 11
170 64
157 16
136 199
114 51
41 124
136 72
185 145
73 171
88 176
21 155
117 24
168 51
29 51
72 17
59 160
105 29
12 166
143 172
34 45
58 86
57 124
114 77
31 115
176 102
120 41
116 87
193 26
136 130
191 82
37 65
55 87
190 169
184 11
67 187
61 21
198 168
79 33
0 110
95 137
75 35
132 21
23 79
33 151
51 88
189 143
163 124
132 8
171 182
51 0
85 98
130 147
1 96
17 139
26 5
185 148
190 49
63 110
103 47
142 189
16 163
199 192
196 10
45 193
136 1
179 15
176 30
133 117
96 86
63 5
63 7
130 132
58 116
137 67
192 63
26 54
38 43
171 196
158 28
78 166
153 60
169 125
125 80
193 170
185 73
133 66
104 164
114 50
10 54
163 189
28 126
49 160
89 148
190 10
190 138
199 58
134 93
195 190
114 146
105 111
36 197
178 26
132 69
110 75
37 142
61 189
39 37
10 115
113 162
58 37
94 196
134 182
45 28
131 184
197 29
178 56
148 165
192 106
0 87
55 65
45 79
37 103
102 127
58 29
35 32
199 52
27 165
149 134
190 109
37 168
156 178
120 0
151 22
15 103
179 56
51 137
35 95
138 50
182 190
193 14
2 43
167 109
87 164
27 2
114 0
4 124
7 29
132 151
70 161
63 141
62 35
18 164
104 59
147 156
151 46
54 68
37 49
63 97
145 164
118 156
45 84
106 193
78 54
165 21
181 184
36 190
62 196
64 133
162 140
21 34
128 14
41 128
136 154
51 178
24 143
190 95
45 172
163 29
109 110
143 6
136 196
154 127
31 41
21 39
87 17
24 178
21 136
116 35
71 28
35 121
41 78
51 62
124 182
102 2
98 4
21 133
23 21
190 22
147 35
3 145
50 170
154 30
30 6
187 45
8 189
102 90
173 168
185 64
97 67
85 117
98 162
115 128
107 134
136 46
67 189
176 47
143 188
168 44
20 156
179 145
68 104
49 199
65 87
57 125
132 30
125 167
61 134
72 60
83 1
94 85
90 29
102 82
10 17
194 160
115 68
199 68
31 60
69 156
97 85
137 86
104 137
38 98
45 55
105 10
29 185
184 189
148 129
58 100
2 151
123 55
166 103
60 86
94 199
30 69
85 1
110 146
138 22
82 172
69 114
181 96
126 133
157 29
95 18
171 82
118 187
32 138
142 127
180 62
125 112
167 87
191 40
157 133
130 115
41 28
123 118
193 184
47 95
192 44
79 127
63 101
148 151
190 14
28 127
174 168
55 29
162 164
88 43
111 15
39 104
193 54
31 24
30 137
30 145
168 177
19 90
196 86
140 47
138 110
86 30
104 179
136 80
28 199
87 37
147 1
83 136
12 103
162 30
24 89
175 156
160 134
170 31
54 154
6 131
76 47
176 1
153 114
133 151
19 58
161 13
16 79
2 101
93 103
183 39
23 160
185 33
98 93
62 91
41 47
145 187
128 103
144 17
67 79
165 199
8 171
45 120
122 105
148 178
149 37
96 158
95 28
145 129
96 5
178 185
41 76
147 47
27 160
86 82
132 175
130 114
35 94
151 189
156 19
189 130
55 31
67 133
185 129
190 106
40 129
38 133
54 55
110 197
109 95
24 154
133 155
97 137
175 56
35 25
32 115
168 29
140 137
12 124
59 138
112 85
192 55
69 199
113 156
63 171
152 28
162 16
25 124
45 198
148 46
22 15
136 38
149 114
51 163
133 143
20 124
162 184
28 91
89 30
77 15
90 149
14 26
196 22
175 118
155 17
127 147
148 137
109 192
101 110
89 32
40 69
26 101
3 115
65 6
21 167
114 176
144 125
50 196
160 16
30 27
106 158
142 96
34 160
28 173
132 80
197 102
62 31
23 51
39 71
97 156
26 84
41 195
73 196
143 32
189 3
86 16
1 26
197 2
95 125
133 172
105 172
34 55
148 113
15 82
18 191
81 161
15 90
192 39
76 26
142 51
14 45
29 3
16 178
51 44
43 147
160 107
20 137
107 39
129 18
190 52
48 56
45 105
84 58
129 79
179 143
145 118
155 26
83 155
113 136
103 107
69 104
76 63
44 175
116 170
60 185
14 111
114 68
70 132
157 118
43 137
58 153
16 93
170 169
170 130
103 138
30 174
74 162
137 7
60 84
25 55
75 127
114 95
84 162
28 104
62 182
45 103
125 81
39 16
163 47
199 47
106 131
37 151
89 150
53 110
138 147
63 49
181 35
26 44
52 54
39 40
55 12
89 141
11 6
113 16
94 98
41 22
71 148
110 125
166 58
42 176
47 182
81 199
196 85
43 131
22 44
42 85
131 143
185 86
82 22
149 104
92 190
158 110
132 180
151 29
191 185
16 191
136 95
65 2
111 199
137 21
125 69
138 162
45 93
197 71
6 62
105 189
73 90
27 147
134 198
73 30
148 44
11 143
89 82
190 18
137 169
44 190
50 166
63 65
32 30
155 172
30 54
91 15
171 144
145 199
194 127
30 180
148 10
62 186
44 13
134 120
24 67
131 26
17 185
164 28
87 138
156 160
185 12
22 37
56 101
14 119
106 188
144 82
24 68
107 171
115 180
59 67
156 33
197 144
189 112
3 24
109 153
197 166
16 13
37 109
190 165
110 87
6 28
116 124
27 135
88 161
94 43
166 61
82 152
141 15
37 88
187 170
15 35
199 153
119 138
161 180
168 155
18 30
183 118
62 16
85 185
138 53
97 166
124 42
98 51
147 14
44 16
96 30
126 106
35 28
38 30
176 184
114 3
100 136
3 162
51 66
60 147
126 168
35 87
130 196
98 0
163 79
149 2
101 109
21 54
29 114
101 85
98 186
88 168
47 167
118 5
81 134
167 136
124 166
51 127
54 3
90 126
174 160
28 75
140 168
148 134
144 58
71 110
126 160
17 152
14 28
147 171
103 186
67 4
41 176
185 130
21 40
44 145
127 169
39 159
55 199
68 32
130 166
197 73
17 100
79 155
77 120
182 1
191 37
37 190
80 41
63 131
136 140
156 185
75 87
98 12
136 99
90 148
197 94
108 155
71 63
89 54
162 177
35 21
174 14
94 166
16 88
134 176
110 168
141 21
82 99
4 87
17 105
55 194
190 9
47 73
2 198
199 65
103 151
162 165
195 90
51 195
152 160
170 15
189 181
109 115
25 2
112 82
32 123
171 116
124 184
163 30
166 76
144 21
125 177
5 27
26 29
170 126
24 74
148 78
88 151
130 50
2 189
13 51
166 100
129 120
185 198
185 126
143 33
148 55
21 168
89 98
48 87
135 109
198 166
30 187
130 111
73 166
120 72
1 45
113 41
125 143
45 42
196 2
5 55
190 123
161 32
170 39
110 74
119 67
7 41
55 151
69 197
15 59
31 197
36 14
49 27
26 172
22 60
85 170
170 198
160 36
156 139
44 54
195 85
105 54
124 95
120 175
93 162
65 51
63 60
2 152
95 115
96 73
186 82
105 73
99 170
115 22
63 12
44 118
184 49
16 196
85 22
96 37
151 97
171 22
47 180
82 48
188 54
171 38
103 175
104 46
10 16
53 176
30 85
112 26
11 35
137 136
184 5
64 47
130 138
129 136
168 1
143 47
119 199
149 151
141 47
50 98
60 149
57 103
156 102
125 96
50 110
170 163
90 141
138 160
195 134
81 162
130 105
6 23
56 23
16 155
25 41
58 169
117 43
121 43
156 162
170 176
154 148
132 2
161 72
116 24
100 55
197 83
56 143
55 78
123 114
160 21
160 7
30 114
89 189
185 181
160 115
147 85
76 199
160 191
137 141
115 47
21 24
55 16
155 143
160 41
16 167
65 35
49 39
19 143
126 2
114 157
99 62
138 126
12 16
89 106
91 104
169 109
196 83
32 2
90 182
26 88
104 7
142 151
153 176
192 166
2 146
48 55
16 111
109 69
148 130
118 102
1 163
109 148
160 47
138 180
97 98
82 90
56 152
17 126
83 44
134 150
106 197
166 174
66 120
67 54
130 120
56 41
100 26
165 134
180 39
185 111
117 114
58 55
149 143
93 67
29 171
98 28
54 61
157 109
133 76
35 24
198 114
152 138
127 148
37 143
87 8
164 54
190 159
16 7
179 18
123 47
117 162
135 39
96 199
12 47
89 65
137 142
54 0
64 103
107 43
187 44
63 115
49 196
2 171
127 118
176 17
45 19
113 90
166 52
25 51
97 60
167 138
183 27
19 35
125 134
2 18
39 68
2 7
176 107
163 160
43 65
185 120
24 174
85 158
2 8
85 69
179 109
27 10
20 106
84 14
22 106
188 67
86 6
110 41
166 90
178 190
85 141
136 91
118 169
60 179
26 15
137 3
1 91
40 80
30 39
55 103
8 35
27 85
52 90
36 29
185 141
76 125
45 74
131 32
148 143
111 184
115 169
1 171
6 124
39 8
26 113
80 14
0 137
174 2
63 144
131 29
160 48
2 72
151 122
92 21
63 156
63 40
67 180
74 44
128 155
133 106
61 136
160 53
142 171
6 58
110 90
127 18
68 62
74 136
111 58
90 53
149 15
84 133
127 117
25 127
90 150
58 147
112 87
47 97
105 7
132 137
61 55
193 105
139 171
37 181
6 196
190 43
103 195
138 35
54 178
113 18
187 104
17 3
79 51
194 105
114 163
2 105
0 62
191 29
144 151
166 117
138 153
120 147
29 122
136 65
94 62
127 162
47 68
50 17
196 42
176 110
34 161
105 144
83 114
22 1
87 38
4 28
170 109
96 109
92 143
56 22
191 17
145 153
124 54
171 14
170 32
21 11
143 193
159 176
53 189
43 33
136 71
155 55
82 121
43 127
86 2
183 196
12 160
27 80
49 130
129 130
51 16
41 166
26 60
50 40
125 48
186 40
84 37
91 58
95 151
176 101
183 134
33 166
32 37
17 132
197 46
160 3
171 138
195 136
63 149
191 166
54 82
89 21
87 72
13 155
63 143
51 132
45 54
62 141
147 168
51 26
156 195
11 171
126 44
94 170
108 161
170 101
17 19
179 39
54 81
48 67
28 189
81 145
139 170
14 110
21 44
2 68
55 183
15 16
51 18
104 72
120 156
114 185
69 161
157 168
116 51
199 66
129 60
39 148
131 58
85 127
144 118
13 156
121 124
47 55
115 159
54 13
14 101
14 58
23 35
185 144
155 151
160 154
60 28
79 106
100 79
197 49
82 34
86 134
53 103
12 32
197 74
16 172
14 116
16 124
60 134
77 161
130 117
6 38
48 39
161 172
114 71
156 5
145 20
151 72
192 67
24 98
38 63
103 17
171 76
143 4
161 159
156 2
47 120
196 76
58 64
196 191
27 173
45 113
153 133
186 170
133 196
58 71
197 137
105 140
64 56
106 55
145 170
90 190
28 78
105 91
40 136
185 57
21 150
151 109
21 148
199 17
40 38
26 42
34 32
58 151
35 127
90 79
104 125
41 153
106 142
145 98
85 173
21 107
114 65
176 196
184 148
164 96
3 89
60 39
58 25
155 125
0 176
67 16
162 53
114 38
32 60
145 144
98 158
98 183
62 88
180 155
130 183
55 50
43 197
106 85
89 178
49 44
39 46
146 6
145 194
125 18
148 54
166 26
156 128
133 116
3 98
8 124
78 170
16 0
157 60
150 168
129 39
63 33
152 155
88 45
51 45
185 51
158 1
30 160
50 125
120 179
63 32
190 23
190 171
189 40
96 111
175 21
66 16
66 105
127 10
97 6
40 94
125 11
130 74
22 109
109 199
164 82
44 146
124 143
127 74
103 109
199 142
4 171
161 144
41 197
171 149
34 176
8 60
63 29
30 135
64 197
37 16
148 111
156 41
189 88
56 4
151 157
12 67
0 2
185 3
160 135
12 35
106 68
15 145
15 34
60 2
141 134
173 109
175 45
28 121
56 184
54 2
132 100
103 139
87 121
137 50
106 21
85 52
16 33
161 26
42 28
21 33
21 171
52 55
90 133
28 116
51 20
182 110
151 30
156 192
120 75
38 161
12 6
28 66
118 36
93 145
21 91
142 79
24 8
85 137
51 173
173 137
30 31
115 110
74 199
113 115
6 117
15 32
184 160
47 117
124 1
53 168
95 51
101 166
22 105
184 161
127 161
89 143
151 80
124 29
125 160
118 190
110 93
189 196
149 47
16 100
28 32
164 37
15 121
31 143
54 47
100 62
178 161
90 186
18 36
125 87
35 129
179 26
80 29
89 61
36 161
47 11
89 46
83 110
87 130
148 119
57 87
3 170
56 1
61 104
120 187
162 4
17 69
167 151
95 39
137 94
42 51
195 28
153 27
83 54
49 115
37 59
181 132
98 139
91 120
69 63
71 127
25 133
177 85
106 30
25 96
129 87
14 197
185 150
3 176
115 92
98 65
0 115
69 58
196 55
59 133
27 132
37 80
54 49
89 196
96 161
156 38
72 190
178 79
127 153
145 53
193 2
118 84
115 118
26 123
73 106
29 136
162 128
82 145
199 84
176 43
190 35
89 59
116 16
102 55
126 197
80 103
131 55
104 194
28 62
56 71
59 28
93 90
133 53
44 4
2 121
104 145
28 197
101 168
77 47
134 13
134 42
33 189
130 33
104 8
63 1
89 23
86 145
106 87
190 158
160 80
7 125
126 89
29 23
170 70
110 44
18 131
128 1
180 184
137 182
183 26
181 148
123 24
96 162
155 51
195 196
96 57
30 53
83 124
173 96
196 135
85 120
30 3
58 127
1 73
56 7
44 90
68 105
104 76
42 82
54 125
179 105
130 194
189 137
156 67
51 106
29 4
188 18
37 123
78 37
24 92
22 29
31 161
6 85
10 109
150 110
43 90
60 165
130 152
137 194
103 11
199 50
197 44
138 8
163 132
156 155
29 57
67 199
92 133
178 170
39 85
13 29
46 137
56 195
15 69
98 191
19 79
62 110
105 148
167 29
171 102
24 128
32 165
105 84
18 74
196 167
138 79
35 38
157 40
189 198
190 130
8 127
158 162
157 43
18 134
88 160
22 133
120 131
63 137
72 114
161 105
57 110
34 98
21 138
133 74
102 114
110 8
108 37
81 190
159 47
176 194
55 111
143 23
176 87
118 107
148 168
181 155
54 126
32 192
31 106
28 3
92 67
165 176
91 54
187 155
171 127
119 168
160 121
28 70
83 103
45 57
105 181
69 106
24 0
133 120
59 24
57 189
17 84
142 82
141 124
91 130
6 75
119 62
29 176
193 40
90 63
33 32
43 93
21 43
44 171
32 108
111 110
20 171
44 167
150 196
197 16
35 162
196 56
196 152
149 58
58 150
45 82
127 68
176 49
105 12
168 160
109 46
110 35
24 43
106 93
103 70
37 165
175 79
199 16
82 138
189 30
166 145
91 63
114 196
164 148
51 91
15 194
43 83
27 93
189 149
129 6
64 127
117 109
194 132
145 150
167 37
161 43
132 108
176 14
5 105
84 40
176 190
109 28
98 76
62 11
79 68
30 183
67 44
43 193
70 41
66 161
189 111
52 137
122 62
157 82
135 136
83 87
190 133
49 106
60 87
184 147
8 17
45 138
1 113
24 185
40 192
36 136
169 184
27 133
11 44
139 56
196 24
39 177
145 168
123 155
17 34
7 37
52 189
15 76
59 148
95 79
109 150
60 10
25 136
140 29
120 62
27 112
87 1
29 33
29 159
83 105
151 43
124 123
43 37
34 199
103 69
99 118
199 123
127 112
7 40
58 117
164 43
38 51
199 182
175 166
160 35
29 133
134 64
25 26
58 118
79 99
62 10
152 134
170 155
80 15
168 20
190 80
176 40
79 170
127 88
6 46
168 0
18 156
102 60
90 199
145 51
197 181
133 182
15 9
175 90
177 82
178 39
154 185
62 133
39 3
101 106
60 154
85 122
112 21
51 113
30 57
20 138
130 31
161 167
185 163
165 166
130 21
89 79
101 118
118 135
39 146
156 123
136 44
135 17
149 184
151 47
44 141
196 154
49 24
137 160
124 24
144 67
190 50
112 16
168 187
51 158
153 47
106 103
57 132
145 22
105 177
189 72
123 103
108 40
105 21
20 17
16 156
98 68
44 47
174 47
36 145
54 109
160 143
185 35
53 196
57 28
115 11
135 44
197 0
132 164
98 184
127 9
34 16
6 4
19 134
122 56
199 172
145 64
86 160
106 34
177 16
35 157
197 148
134 153
114 14
118 138
87 186
10 161
35 56
152 30
83 14
74 98
17 118
14 18
36 125
152 162
138 161
60 190
184 8
116 105
98 31
11 56
52 162
188 103
151 104
89 92
151 168
62 81
62 76
20 79
126 62
41 130
138 183
190 148
91 132
185 171
110 151
77 79
17 110
189 25
25 105
134 185
167 105
137 192
89 33
6 190
185 4
3 151
85 33
61 27
168 195
184 152
44 177
136 169
72 137
106 144
107 151
122 18
60 113
183 17
14 183
3 82
54 133
7 115
2 77
47 187
24 191
137 41
157 79
185 95
121 114
44 31
40 187
18 136
28 140
39 19
63 125
21 198
37 139
80 96
154 162
85 109
56 85
91 127
63 86
84 2
35 39
29 164
156 165
59 45
58 87
46 29
19 184
96 66
43 129
138 145
1 14
190 150
174 134
111 155
115 78
130 36
146 79
165 2
184 26
125 174
27 193
121 105
156 135
108 35
37 44
20 45
72 45
11 156
161 40
15 180
127 134
55 119
124 165
86 110
147 185
28 31
115 132
111 115
138 168
114 32
109 168
91 18
17 32
17 197
29 137
131 2
43 156
167 185
120 25
44 0
18 181
194 184
134 90
127 92
125 188
104 58
133 82
176 52
31 105
61 40
60 186
52 62
199 171
17 107
114 152
105 199
98 83
30 8
122 24
67 34
158 161
124 60
62 159
24 182
162 71
160 9
84 143
156 25
1 167
145 162
127 168
69 35
10 176
80 62
45 4
120 61
89 149
118 113
14 142
55 110
61 125
50 105
3 138
176 139
71 115
82 6
138 90
159 35
45 52
26 194
188 63
82 64
40 110
145 56
58 26
135 96
60 23
28 168
16 30
40 122
156 198
35 169
161 85
40 59
73 18
83 156
1 181
173 14
44 116
124 199
57 115
25 89
30 50
72 43
121 79
50 185
199 160
52 51
26 79
151 192
140 151
2 9
151 163
188 24
96 133
112 160
144 190
133 138
55 40
170 62
32 135
62 55
99 155
153 185
132 148
67 191
32 6
126 148
93 63
6 136
26 165
45 110
21 37
98 7
152 44
197 75
114 67
1 79
133 114
145 155
59 82
199 127
35 71
123 148
170 45
108 133
144 26
112 37
78 2
148 169
148 24
65 40
108 104
134 106
197 89
67 184
76 138
106 117
46 87
197 13
61 32
51 170
5 24
163 145
122 109
62 46
124 53
148 49
47 152
115 141
26 159
134 132
55 126
24 28
29 188
189 48
45 129
109 68
71 96
121 85
189 144
15 178
199 8
11 87
152 16
17 12
27 41
82 57
32 169
67 26
71 43
74 39
133 45
141 199
48 62
110 64
27 21
118 57
54 88
148 195
76 37
183 89
158 115
127 22
54 165
41 126
27 161
124 10
130 151
129 63
45 11
40 93
36 85
153 162
141 114
129 41
35 184
108 130
116 37
164 45
146 21
56 37
79 9
35 98
174 43
31 45
17 112
124 158
174 130
133 32
131 109
154 2
96 67
35 188
74 43
111 56
46 56
80 51
133 94
113 197
73 114
17 62
156 110
63 15
173 47
52 39
181 44
71 67
36 98
73 54
181 56
164 120
69 16
36 106
84 196
115 67
102 137
17 178
60 69
48 127
153 130
82 123
177 24
163 54
134 88
186 30
67 110
163 2
45 128
160 187
184 12
96 17
130 154
47 144
98 55
113 27
158 134
63 11
81 30
43 119
106 178
184 84
2 52
124 51
197 155
196 78
161 152
48 118
127 133
42 67
62 195
69 47
106 176
77 171
110 169
116 43
32 190
137 122
133 78
184 40
84 197
118 196
130 135
55 160
185 112
158 145
156 173
79 108
183 87
52 43
190 193
186 114
94 82
136 8
123 43
198 161
28 11
58 21
98 18
10 170
199 71
178 168
14 63
160 64
42 120
151 74
138 37
43 53
46 168
35 144
148 160
32 80
188 14
128 118
7 30
104 106
14 64
144 98
26 117
67 90
51 198
136 54
2 150
28 33
165 143
103 154
19 196
184 104
76 82
27 57
125 165
56 133
175 130
67 128
72 90
62 184
135 199
35 40
151 78
6 151
47 154
118 21
88 44
32 188
10 96
21 84
118 63
115 165
79 165
17 120
26 41
35 150
89 186
60 85
14 70
101 43
47 71
185 98
18 105
127 166
149 30
0 133
1 61
69 124
194 85
68 35
90 20
117 79
164 176
159 166
67 181
51 150
64 44
109 102
30 36
183 41
92 109
191 63
65 103
53 155
38 44
38 67
35 167
77 162
43 139
171 110
156 129
79 2
115 137
139 16
61 43
89 155
18 47
105 97
31 18
12 125
59 106
97 155
17 117
44 188
131 41
29 91
131 15
151 165
39 108
161 157
109 53
106 10
85 119
82 131
57 133
105 168
71 89
123 184
190 145
26 45
136 118
125 168
197 163
115 91
79 63
176 77
27 177
156 101
13 6
110 94
97 40
55 144
70 96
81 35
33 67
49 166
31 199
38 190
189 150
105 62
98 151
69 136
154 104
161 59
196 95
112 155
45 160
29 73
88 17
160 198
6 98
66 138
91 17
13 1
12 56
185 118
56 63
50 6
103 52
93 133
135 43
78 1
39 41
175 176
60 176
148 118
77 115
118 65
31 85
127 6
115 157
104 118
82 16
125 49
125 173
21 172
43 162
58 78
133 10
115 167
88 132
1 194
44 179
134 188
197 191
45 41
36 151
189 71
130 45
68 40
127 83
114 60
24 12
26 11
67 46
66 156
83 104
41 82
93 127
63 62
112 109
18 48
6 5
79 34
54 185
169 143
96 51
155 80
92 39
36 45
16 130
14 179
184 81
118 162
168 34
58 22
70 60
140 106
54 132
5 134
67 135
80 161
37 199
79 164
30 79
47 126
106 162
16 91
120 54
135 138
126 189
63 13
50 197
57 26
35 88
109 161
162 104
124 90
2 175
54 102
18 58
156 143
118 76
9 45
119 40
35 142
152 79
85 73
170 124
63 133
138 92
58 157
180 32
35 137
51 175
14 162
145 27
189 6
145 91
171 170
101 133
194 155
90 156
136 37
6 140
125 113
170 152
57 56
135 137
85 142
185 100
86 118
12 37
78 96
105 106
151 20
194 54
35 90
63 135
186 29
173 184
30 77
52 89
143 115
154 184
186 44
155 65
6 70
46 58
14 144
96 187
185 62
127 26
26 38
31 137
54 98
15 60
76 89
39 193
105 67
108 14
175 136
169 160
47 43
132 92
44 15
28 156
104 45
186 199
118 103
189 115
51 35
116 27
151 172
98 58
60 58
1 180
172 43
166 17
129 44
7 51
60 91
14 62
130 29
197 80
138 186
134 100
113 15
93 199
43 11
195 82
22 130
15 75
95 156
15 160
28 85
171 12
48 176
23 43
47 13
152 125
82 163
87 189
199 159
190 1
180 110
171 168
46 43
18 121
62 56
58 93
138 120
72 143
40 96
68 136
190 186
59 176
198 29
51 39
45 66
114 151
157 120
157 51
17 186
101 199
63 61
125 137
14 151
5 45
113 40
62 135
132 81
78 90
166 70
127 39
130 40
55 11
177 130
90 21
11 124
162 70
116 115
185 107
171 95
184 55
125 91
40 140
118 149
30 188
55 139
104 88
9 39
46 79
27 158
176 13
9 110
196 129
137 65
143 140
90 31
1 40
47 145
44 101
50 127
64 120
1 36
155 177
40 171
108 16
136 120
166 180
18 65
162 44
158 138
43 194
59 17
75 89
182 115
61 44
109 59
135 37
63 41
4 90
130 116
63 154
132 161
127 131
177 79
167 40
40 166
44 84
30 127
68 124
24 113
89 72
176 166
120 148
81 151
113 110
187 197
105 187
111 47
14 9
30 112
6 26
86 54
70 143
27 91
43 84
119 32
14 182
37 24
171 145
106 132
167 32
110 127
110 189
157 47
104 12
24 76
87 160
149 137
21 161
56 174
54 183
199 41
93 148
62 61
88 40
161 173
59 63
47 133
78 132
121 1
182 125
145 7
162 102
162 88
60 24
158 17
81 43
34 89
28 113
164 2
109 162
151 99
1 88
107 63
63 72
87 165
47 106
176 104
188 151
90 171
96 100
6 162
48 130
160 76
194 29
184 77
185 97
170 12
30 61
96 35
156 126
1 140
162 8
45 159
97 1
177 189
125 138
130 1
136 62
57 67
162 49
67 86
163 26
72 166
62 72
1 154
92 43
32 91
125 132
192 82
142 1
89 87
98 104
16 158
138 5
67 168
151 27
125 94
47 10
146 115
184 195
182 27
60 62
172 138
106 128
190 53
1 81
28 30
58 59
66 17
20 143
98 173
94 118
189 66
35 197
56 33
44 10
29 54
170 182
106 154
124 101
2 74
106 77
115 18
83 26
66 15
56 49
196 132
196 137
82 19
0 166
62 172
133 58
121 138
164 168
153 148
168 57
49 55
76 134
23 37
158 160
197 5
159 196
44 63
135 115
170 113
90 23
104 87
33 44
104 40
44 124
110 80
2 115
45 18
171 89
189 185
131 118
14 91
93 89
85 3
41 75
198 87
182 35
16 182
65 196
70 138
185 173
102 24
82 27
30 156
67 176
27 129
96 52
35 33
179 89
82 43
66 30
155 18
198 16
64 29
184 136
121 148
184 110
107 156
12 14
81 98
1 72
115 197
108 98
41 1
151 71
56 20
79 6
110 196
125 183
30 14
176 35
120 116
72 145
107 136
118 170
107 28
30 62
23 16
138 51
107 55
79 88
106 108
144 6
8 28
2 11
47 52
199 187
29 67
33 90
71 132
96 3
60 140
15 151
93 18
145 132
18 37
18 49
58 171
112 148
27 155
188 79
184 73
67 88
160 173
53 161
5 103
134 147
13 30
177 106
185 36
146 98
184 192
60 197
46 115
49 137
192 114
99 196
105 171
196 113
156 87
178 134
167 156
148 188
30 172
172 6
2 44
193 118
69 37
25 85
45 0
115 134
184 144
93 176
110 137
24 158
124 198
94 184
48 63
27 131
58 139
176 179
145 110
171 193
189 141
18 198
118 95
160 46
3 106
109 16
189 168
61 132
94 106
39 150
84 98
95 45
115 26
146 27
26 91
90 163
138 86
86 156
28 90
186 145
73 44
118 126
100 120
50 54
104 101
81 127
192 43
93 96
104 26
26 93
143 26
168 118
35 60
67 81
50 16
189 59
67 52
114 144
115 73
41 101
171 49
39 61
134 180
15 110
132 192
23 15
88 120
168 111
169 28
152 14
23 104
189 180
162 99
111 18
114 81
74 104
41 161
20 32
30 144
75 171
67 5
140 156
196 145
111 37
161 12
189 35
109 99
23 82
197 11
105 170
5 145
120 107
151 175
17 165
3 120
59 60
193 62
170 150
90 99
151 128
170 9
46 124
13 196
179 63
188 136
40 168
101 55
168 62
30 125
108 199
66 115
190 83
6 21
42 27
16 9
76 85
152 189
16 114
85 47
146 32
6 16
30 12
27 164
44 172
18 52
145 148
2 99
127 181
170 191
144 170
64 87
99 106
115 101
184 21
6 87
15 18
98 130
199 15
168 103
62 101
164 130
23 109
197 56
90 95
86 90
191 14
58 67
141 67
71 106
189 79
145 101
180 6
10 114
56 30
89 17
93 161
43 58
21 18
68 60
7 109
42 136
190 105
37 90
56 114
86 190
118 75
110 84
44 34
137 162
67 140
168 169
114 76
196 5
194 17
118 80
160 195
59 55
6 106
114 183
98 53
100 124
130 51
110 186
197 68
58 123
196 104
43 184
70 109
33 132
110 88
113 29
58 40
107 106
133 91
14 74
193 110
162 50
156 29
134 46
164 134
71 105
60 128
89 58
127 44
176 100
166 13
67 49
29 75
145 61
0 96
156 166
79 58
34 133
110 19
120 112
37 131
6 173
34 56
17 198
74 189
9 21
56 16
67 142
70 98
32 117
138 164
2 120
89 100
59 120
169 133
171 26
125 6
143 166
118 147
128 120
183 199
199 60
60 34
89 146
36 127
24 144
178 160
133 186
39 66
133 149
24 127
120 12
132 53
26 177
47 193
142 63
103 94
124 91
89 158
40 15
132 189
166 7
4 110
195 145
44 107
83 41
67 127
142 41
24 11
115 36
149 160
134 34
116 30
85 107
103 136
59 26
79 65
145 178
168 58
170 148
106 148
188 90
65 26
37 124
15 118
90 140
164 15
114 84
151 9
185 55
160 130
64 60
116 67
197 20
29 48
178 110
124 125
16 144
68 130
55 188
6 95
35 82
88 185
199 146
114 167
41 151
156 76
79 187
47 53
48 124
174 143
16 87
62 112
127 165
185 34
32 10
193 24
16 104
58 32
87 90
186 1
78 143
8 43
136 75
136 111
14 7
55 142
145 115
127 108
194 168
17 30
196 140
8 166
196 143
88 24
175 62
58 187
71 55
173 63
1 62
169 45
142 30
104 130
99 137
96 141
90 162
184 72
120 33
151 194
11 104
185 65
160 8
35 164
181 29
124 85
138 108
85 19
170 77
161 115
111 54
182 2
99 30
21 191
110 39
37 154
124 2
27 181
139 21
109 78
48 155
85 75
89 132
143 83
48 109
67 106
197 130
74 16
79 32
16 161
160 91
181 130
60 118
120 24
142 176
117 62
161 185
133 30
135 28
21 49
132 119
81 176
103 46
134 10
143 120
136 108
136 94
14 168
70 35
166 39
185 61
90 51
145 9
166 45
0 40
16 65
99 1
44 30
145 165
68 156
190 111
62 124
155 60
149 103
157 125
107 41
114 115
153 90
124 190
172 132
92 35
153 82
169 21
143 134
58 160
166 167
197 33
69 196
148 58
47 112
196 134
79 28
160 94
45 61
137 73
106 166
151 190
32 194
18 22
189 46
43 62
55 198
138 15
41 72
132 187
20 89
31 103
185 87
75 47
166 29
9 118
69 2
24 61
168 102
133 179
153 190
174 26
98 178
8 130
73 190
12 110
11 130
69 56
161 123
77 39
145 55
179 132
169 199
55 27
94 56
109 93
85 53
54 11
64 24
36 54
27 88
68 85
98 100
156 108
146 17
145 140
71 196
55 77
161 22
62 69
179 114
130 0
94 15
146 37
104 199
136 47
197 40
151 121
27 150
189 118
120 71
158 37
43 20
17 156
94 143
187 17
23 18
6 195
45 168
37 2
148 83
79 174
126 45
77 124
133 150
16 8
124 115
8 55
15 183
30 34
2 107
15 85
58 77
72 28
69 90
196 0
110 166
39 128
83 132
115 149
9 29
135 134
81 196
62 22
141 125
104 67
79 183
12 1
111 62
39 69
47 128
9 62
179 24
106 151
58 185
21 29
158 63
55 150
103 50
197 190
103 117
80 145
26 176
57 138
160 24
47 1
14 146
60 126
14 19
24 108
29 117
28 172
172 87
153 103
114 177
59 44
115 93
51 101
146 196
195 124
119 109
137 144
170 89
145 156
118 97
16 5
18 119
47 122
152 63
105 185
94 63
177 28
173 45
106 185
133 140
132 116
193 127
35 48
78 15
101 196
58 154
96 44
15 186
10 40
131 30
75 17
134 74
55 177
141 40
16 183
57 199
39 189
78 40
42 63
196 92
182 114
97 171
186 143
40 8
43 56
85 100
13 32
103 34
77 51
162 103
150 24
11 151
29 68
110 60
185 31
172 185
166 79
150 162
57 41
197 91
177 132
32 87
168 78
68 184
87 157
67 7
118 41
109 193
108 184
184 179
4 118
132 55
150 138
24 32
181 103
3 14
170 151
162 161
185 160
186 54
143 27
168 97
62 189
176 51
14 99
86 114
89 68
52 125
47 93
83 16
79 179
145 137
101 120
39 169
130 24
91 24
56 78
114 27
105 52
197 52
69 190
156 77
89 125
93 2
42 130
34 37
36 44
15 144
112 132
19 133
136 155
32 151
63 134
74 96
129 17
39 96
39 101
89 198
33 87
162 31
37 127
132 162
32 86
25 155
166 60
85 11
199 56
188 196
128 85
35 1
195 109
152 98
118 22
145 4
90 109
58 65
28 198
175 161
199 150
63 184
10 136
29 71
22 137
89 113
58 52
104 174
155 192
103 23
179 55
46 130
29 74
158 67
161 177
194 40
85 111
157 103
140 85
160 29
47 2
52 138
41 114
3 45
149 125
17 143
17 47
133 42
145 49
32 163
14 132
1 105
89 187
180 125
126 21
114 159
98 30
198 79
31 148
186 160
44 176
68 82
26 86
120 6
63 186
137 53
184 112
54 72
62 147
14 47
191 161
180 16
132 111
148 0
67 194
118 52
72 127
170 117
120 146
151 12
85 114
184 44
124 33
198 136
185 43
122 106
138 187
142 47
88 130
177 176
147 124
38 130
117 160
110 27
175 18
123 89
37 53
34 145
27 176
51 122
112 43
127 198
118 134
117 40
143 38
33 145
119 45
83 106
4 106
54 8
81 14
148 174
191 109
7 133
13 133
15 64
29 69
163 98
82 8
85 168
116 110
75 67
165 55
45 106
197 156
125 93
172 67
194 124
174 118
109 159
132 28
129 162
92 156
109 171
176 103
54 24
181 156
162 85
153 54
54 84
88 98
27 24
190 103
36 60
97 143
79 25
63 19
190 114
127 80
161 145
112 96
21 52
11 136
161 17
91 143
124 5
127 101
50 47
130 63
176 188
3 166
58 92
89 10
164 185
115 98
159 137
171 17
56 8
178 166
26 46
63 45
90 179
105 110
128 168
40 132
103 82
111 120
176 133
85 146
27 100
126 14
1 46
132 168
52 124
44 193
179 98
32 50
37 152
95 148
190 88
24 171
137 2
110 175
135 45
188 82
114 147
99 43
14 103
35 10
85 45
112 104
158 168
105 35
82 61
153 35
46 45
199 27
193 161
178 1
177 115
4 47
44 98
115 155
2 113
56 154
128 16
171 65
175 199
45 75
162 39
176 113
98 129
2 191
105 3
21 101
61 90
173 87
161 107
172 2
190 170
55 180
186 109
54 143
170 35
167 148
100 14
51 76
133 188
138 191
2 23
67 120
41 187
178 127
15 146
127 145
39 70
114 158
129 30
147 30
55 134
113 166
21 68
33 14
99 143
58 70
70 110
32 173
11 41
122 134
175 124
78 138
42 55
39 171
21 25
185 52
16 107
103 113
56 36
193 67
30 87
137 195
34 63
109 165
29 147
149 148
173 118
9 104
105 93
155 176
138 198
170 43
79 72
20 120
168 166
163 103
15 19
103 75
143 176
138 81
134 136
120 89
29 41
153 151
148 2
104 188
19 137
63 57
169 162
162 171
27 40
4 82
176 154
117 196
190 185
46 166
31 189
107 168
193 145
29 184
20 127
105 38
173 106
62 144
181 151
80 176
45 47
8 18
5 90
168 188
145 184
101 137
127 2
73 58
195 16
102 45
51 133
192 148
83 199
117 44
190 156
60 196
14 137
20 55
179 103
54 95
199 134
105 192
180 130
43 173
146 137
124 152
4 1
88 58
125 45
153 15
116 197
43 104
154 55
65 85
37 144
96 59
15 73
96 14
125 189
159 16
87 18
16 120
40 89
171 194
22 184
72 197
47 62
104 29
148 29
144 160
157 96
19 148
33 176
116 156
114 47
149 127
114 126
105 55
154 29
156 150
137 34
67 37
190 56
166 21
147 37
132 75
6 31
115 12
132 133
22 47
42 24
98 1
5 17
6 107
196 174
127 16
90 49
91 85
68 190
71 27
78 189
123 54
89 63
101 82
17 25
130 69
43 189
27 25
48 104
2 103
161 30
44 123
34 110
176 181
108 189
74 51
47 87
130 3
157 156
162 125
196 180
63 23
19 114
68 14
61 127
176 85
79 81
118 67
162 29
67 11
198 143
5 136
61 98
55 91
37 159
186 6
139 87
74 58
24 52
15 128
85 198
148 173
124 50
5 109
126 30
22 124
18 142
125 37
14 56
189 113
6 199
93 21
55 72
63 132
96 136
185 71
115 83
60 136
159 148
58 141
90 7
17 83
80 133
65 166
140 41
8 133
70 15
67 19
140 171
127 47
181 125
156 106
194 90
171 83
110 77
118 98
180 98
3 35
124 133
162 134
45 153
60 81
82 97
24 40
144 60
137 147
188 87
93 28
85 34
163 156
81 109
44 138
96 129
90 91
82 47
130 149
24 7
43 181
152 109
127 90
154 40
134 69
115 142
106 111
45 22
124 193
29 59
181 85
87 111
154 51
117 190
16 123
136 170
145 68
119 17
122 2
185 80
33 37
188 27
190 191
137 74
190 162
82 66
127 63
151 73
176 115
189 193
69 45
16 142
189 63
52 40
9 168
134 59
41 180
82 155
172 104
171 111
150 17
67 117
36 103
197 59
1 17
155 90
21 188
29 77
154 171
56 186
172 63
65 62
43 29
2 118
37 97
82 10
16 89
106 127
138 179
107 87
96 183
156 161
130 53
77 103
138 159
77 151
62 130
181 98
161 143
199 107
152 62
123 145
26 66
99 41
44 14
182 189
199 143
16 136
32 14
176 12
37 4
41 21
50 155
19 189
129 161
79 130
39 11
95 30
116 199
155 116
177 110
178 35
104 169
83 166
129 151
21 187
37 13
53 28
26 110
132 167
122 145
105 4
83 56
170 175
134 131
136 4
158 56
17 85
88 87
181 89
110 181
97 41
74 82
67 169
110 7
62 106
115 13
43 110
138 36
47 37
120 199
102 166
69 127
31 39
146 109
28 112
27 97
29 14
27 32
132 146
111 63
127 56
33 161
130 110
167 199
17 36
24 151
143 58
179 136
173 40
166 16
187 32
127 157
68 125
159 134
147 148
17 27
161 104
192 35
26 40
124 67
196 44
136 197
42 47
17 68
11 17
160 19
136 162
64 18
108 30
170 142
155 120
104 147
63 116
145 77
184 66
29 128
6 134
126 18
64 162
61 130
105 133
82 63
158 18
28 181
84 27
154 43
154 67
12 89
82 141
145 28
45 38
114 169
40 153
194 115
3 62
28 136
106 40
54 34
164 151
98 10
60 119
45 50
141 87
169 15
3 87
138 155
63 167
145 90
15 46
158 32
96 58
21 124
125 28
70 40
161 56
28 82
90 0
36 28
41 95
138 182
156 189
193 162
64 115
114 180
161 118
190 166
24 47
61 28
37 36
98 141
103 159
171 50
73 132
87 66
146 96
171 126
63 25
124 172
134 184
27 36
165 18
196 59
42 79
183 162
138 144
106 159
87 190
199 190
59 190
28 193
63 8
1 174
136 152
127 31
13 127
17 130
148 103
197 12
85 16
109 127
1 110
125 56
49 82
167 145
170 107
1 0
170 173
0 109
184 188
135 166
189 164
85 48
30 136
53 96
112 79
156 62
36 26
30 122
166 36
27 141
138 94
73 45
32 96
120 168
137 33
24 164
132 66
189 9
126 143
86 171
26 141
189 36
129 138
109 189
42 137
45 116
39 165
76 115
79 31
50 136
99 132
178 130
138 23
125 23
3 197
157 15
130 145
156 8
87 84
148 156
15 187
2 82
85 2
33 199
28 1
190 122
79 69
74 171
136 2
140 127
69 143
85 155
25 115
18 97
47 21
47 88
175 115
199 64
9 82
9 6
4 17
100 90
41 81
170 108
9 155
32 65
103 26
18 24
161 7
176 98
18 89
138 184
60 170
111 98
82 5
192 196
133 37
109 124
2 158
114 43
177 32
115 140
155 149
30 121
66 190
95 58
24 46
161 3
62 166
97 21
156 88
73 2
112 130
21 170
18 193
146 145
58 12
120 51
53 27
63 31
179 162
115 39
148 87
85 49
164 16
138 29
127 139
21 16
67 72
40 147
160 161
146 63
60 160
47 23
32 100
134 124
90 135
119 39
146 190
161 154
132 93
20 132
55 115
115 14
192 28
70 2
48 184
29 62
142 58
74 170
184 166
143 182
137 1
18 123
9 43
17 104
54 157
106 61
16 173
13 151
109 87
79 55
118 47
64 184
90 184
198 197
164 56
9 125
103 68
43 179
13 143
103 32
27 115
12 168
69 14
66 62
185 109
11 162
162 185
130 127
50 67
147 6
13 85
92 32
95 14
176 191
30 157
151 18
125 166
139 125
11 137
96 179
6 115
97 79
40 196
16 90
151 143
89 135
192 125
135 162
146 104
20 15
21 75
46 47
58 176
32 122
20 125
178 63
12 196
39 24
28 149
185 169
128 87
176 182
107 82
105 112
102 43
80 189
143 167
134 35
162 142
11 127
89 116
25 138
58 108
98 64
5 130
160 118
42 89
153 115
138 1
106 39
75 14
87 108
193 15
30 83
20 189
14 165
37 160
39 91
198 133
36 16
161 45
45 40
39 136
109 141
141 170
134 117
135 98
187 54
109 197
79 191
133 79
120 92
199 78
75 185
190 188
24 56
54 46
13 199
123 105
185 20
141 16
2 45
169 189
174 16
118 177
1 86
120 13
26 142
96 195
105 60
56 55
156 119
22 96
27 140
19 40
124 179
102 115
104 166
40 112
23 62
178 30
144 87
142 120
0 89
39 185
87 119
63 108
73 120
47 113
12 15
135 18
72 185
3 16
190 28
161 134
65 15
52 196
193 120
94 185
92 118
21 22
67 145
156 22
110 134
66 67
139 47
137 112
1 101
160 179
83 63
147 15
159 27
180 58
6 2
173 171
125 176
32 130
79 139
87 103
6 7
133 43
43 79
60 52
13 145
199 63
124 75
124 13
162 160
116 145
79 173
168 196
124 15
14 52
104 78
99 89
52 143
48 196
21 3
188 155
139 110
132 149
87 34
72 30
83 109
49 127
128 27
196 153
24 15
32 25
18 50
90 14
39 123
96 23
136 141
184 18
7 185
171 7
51 63
136 58
149 199
41 2
49 47
99 133
183 103
86 197
17 153
139 196
120 165
137 123
17 77
72 26
115 33
17 188
101 151
119 79
27 9
115 61
64 130
91 162
9 166
164 115
145 42
114 122
66 79
179 62
66 151
103 171
55 158
125 119
73 109
82 110
121 63
138 74
176 147
100 54
156 71
92 60
71 18
28 184
54 155
171 56
86 44
21 83
24 36
19 103
96 48
161 42
195 1
176 66
82 180
150 45
71 60
1 161
74 148
106 110
79 185
85 174
55 44
99 166
196 23
63 109
84 137
137 190
34 132
54 135
45 96
30 155
13 136
60 132
119 120
105 137
36 134
105 65
137 180
73 6
58 186
161 141
106 114
21 108
18 5
76 1
199 46
18 44
109 3
163 67
99 115
75 160
58 140
124 151
192 136
36 90
140 134
47 91
87 78
95 37
6 171
87 161
174 51
58 83
181 60
184 118
94 39
166 96
115 80
100 37
145 96
32 197
133 165
134 133
45 134
30 59
65 151
25 56
89 139
78 184
189 136
148 35
123 28
52 171
3 148
21 147
136 9
35 175
151 4
57 196
168 182
79 60
30 177
28 187
19 161
125 77
133 184
132 72
100 18
55 133
38 197
157 45
18 26
24 55
106 28
76 21
39 20
80 104
9 143
2 173
30 117
85 55
44 50
103 108
55 46
170 40
136 185
182 39
133 35
27 1
143 96
106 57
154 17
29 47
38 132
54 22
157 14
141 103
63 162
142 56
133 44
9 89
14 159
82 62
68 134
141 168
143 177
27 4
53 15
65 28
37 166
114 154
67 17
51 5
37 81
158 82
85 24
89 130
17 86
160 197
22 110
100 114
61 124
194 103
32 168
62 18
132 1
98 102
58 189
29 180
28 2
51 123
126 56
6 88
35 42
12 190
94 156
141 35
55 166
121 40
190 189
155 68
60 49
19 197
132 7
114 131
76 103
87 143
171 80
187 56
18 13
119 137
75 44
123 14
136 63
132 128
87 76
2 95
2 141
23 67
88 30
74 106
162 124
151 171
98 41
33 104
24 134
130 101
119 28
112 6
110 66
153 160
1 119
143 71
135 185
2 133
130 171
124 155
42 197
16 101
76 30
47 83
97 162
75 130
162 186
9 196
60 130
160 196
48 106
102 18
166 122
69 138
114 93
122 130
90 50
131 171
99 148
169 6
47 100
17 196
96 152
168 114
87 52
48 51
184 88
128 199
171 99
32 29
196 106
80 196
37 31
161 67
176 197
88 196
178 184
192 138
32 48
50 60
142 43
156 27
14 109
17 108
114 148
197 24
43 100
44 170
199 4
6 92
98 49
170 72
6 40
39 163
134 128
94 17
61 37
85 186
107 197
195 138
133 189
46 156
18 20
58 48
62 177
42 143
196 70
8 137
92 124
58 16
43 105
151 8
37 185
82 73
195 114
184 151
155 73
118 150
67 197
151 48
66 40
7 190
14 194
176 4
134 50
17 70
138 61
19 47
28 115
95 199
108 196
63 20
57 89
43 199
166 67
66 43
120 182
44 91
147 132
132 123
118 40
168 8
117 161
101 185
52 17
38 109
168 156
127 84
196 156
124 168
49 189
15 45
149 16
55 112
80 89
143 39
34 14
117 39
180 168
120 161
39 176
72 110
45 162
171 165
43 103
188 96
181 32
80 166
15 1
45 117
89 159
199 80
155 11
199 197
109 36
58 34
129 176
6 118
66 24
164 199
104 0
51 139
196 116
125 2
39 172
54 63
63 75
24 135
199 117
116 98
170 121
84 148
40 92
183 1
31 35
124 89
145 103
149 190
2 181
104 21
85 190
32 128
187 103
133 88
90 173
3 156
101 143
63 43
130 142
45 8
68 1
31 56
85 172
148 161
115 139
54 160
155 43
37 9
143 67
78 190
75 96
44 158
14 6
56 138
67 3
107 104
146 24
136 7
26 69
168 74
126 67
92 104
79 156
134 192
34 40
118 125
24 4
35 191
6 55
8 145
62 21
35 47
47 116
70 130
124 118
49 170
80 87
102 47
27 67
64 63
160 22
8 118
97 136
16 75
106 141
143 195
103 48
81 24
181 145
124 73
148 52
127 41
167 104
162 198
87 31
43 91
51 99
154 14
196 26
48 171
191 41
154 133
102 40
15 42
182 197
163 63
105 64
44 95
92 151
183 190
143 137
94 90
14 92
32 113
125 32
89 56
99 120
20 41
73 189
6 111
5 104
184 9
80 120
47 168
110 73
28 15
115 120
104 84
43 168
146 40
110 21
138 136
141 37
20 16
12 199
114 20
168 99
64 54
28 67
37 92
103 127
81 6
93 44
96 144
182 17
105 152
160 4
42 90
59 27
100 170
157 6
76 168
90 115
156 49
29 98
178 125
175 37
161 169
146 176
133 123
32 51
103 41
120 153
157 44
158 14
58 36
89 152
143 74
35 16
168 183
64 190
49 120
18 43
96 153
119 44
124 81
87 134
187 37
30 25
46 96
168 130
57 105
189 7
17 174
6 93
43 177
161 151
197 150
185 13
78 44
71 161
96 172
45 131
184 113
40 159
166 133
191 162
77 67
190 142
160 96
115 37
82 14
110 89
98 63
8 98
120 70
28 165
82 159
59 127
105 78
168 199
193 79
27 62
155 173
160 31
127 57
41 141
196 128
5 199
85 143
109 80
82 165
180 17
98 22
185 68
80 26
172 184
106 130
170 68
31 43
122 55
20 85
148 172
158 184
116 79
170 20
88 41
30 33
96 34
54 176
102 51
39 144
189 166
157 1
87 39
164 41
92 199
103 96
66 63
67 18
125 105
69 44
120 159
148 77
84 166
136 166
198 82
156 98
36 162
177 138
164 118
90 174
168 146
117 138
47 6
63 99
154 44
0 17
156 93
104 131
35 30
50 143
12 127
60 1
98 133
157 2
98 80
27 178
184 114
194 18
154 115
118 7
67 134
55 3
62 153
146 26
118 132
106 81
14 167
29 165
5 185
0 132
110 76
147 63
147 2
56 100
32 196
199 77
109 56
106 116
56 173
166 114
16 137
112 41
45 163
61 190
25 166
24 145
171 45
134 109
194 41
35 136
127 138
169 96
127 172
122 82
78 120
50 82
174 54
37 196
51 64
144 40
169 55
17 41
104 52
148 133
45 98
127 73
114 135
162 10
129 155
60 19
41 73
186 47
75 189
105 92
105 183
15 174
199 147
56 92
14 124
162 86
109 50
127 156
114 28
1 39
95 63
136 144
85 66
192 124
18 27
134 80
161 52
196 74
38 47
8 115
162 159
62 92
26 153
60 12
29 101
199 75
108 27
42 162
155 8
150 28
155 95
53 148
82 185
58 51
96 124
105 147
30 158
139 15
24 129
16 151
134 144
1 30
72 27
90 168
49 17
2 194
196 68
145 109
181 136
165 184
63 37
152 51
148 70
55 114
35 173
10 156
148 20
24 62
161 176
196 169
179 67
79 195
147 44
73 168
79 17
159 1
151 137
74 89
100 60
157 26
8 89
164 155
190 8
145 139
197 63
138 137
47 86
187 143
7 127
198 96
4 130
21 55
34 127
40 71
22 35
58 183
115 15
180 162
82 128
17 109
90 2
116 40
130 144
14 150
74 56
140 132
136 87
129 125
136 102
189 194
104 54
110 162
55 162
13 137
124 138
78 156
95 26
85 166
45 190
179 29
190 98
41 116
151 169
143 118
136 59
130 73
170 161
133 122
101 35
43 30
31 120
148 116
18 77
52 114
24 159
185 49
191 15
39 99
137 23
79 73
189 69
190 161
98 106
55 53
104 165
35 76
160 111
152 27
30 101
199 176
166 32
110 133
196 187
172 58
143 114
161 90
134 73
111 102
70 189
189 191
15 25
157 196
131 125
119 127
38 16
101 40
1 106
110 61
176 70
189 37
155 189
82 114
54 35
32 99
144 90
80 60
74 54
133 152
193 136
124 27
136 84
190 180
199 163
39 131
49 133
187 51
69 43
106 152
51 180
176 37
98 82
82 137
21 94
171 122
146 118
6 184
176 94
178 115
23 105
182 67
27 92
184 14
165 15
15 182
189 154
32 162
80 47
104 2
119 166
51 167
91 199
75 54
61 171
40 188
90 120
1 51
159 125
105 117
23 118
51 14
109 144
79 107
24 45
42 151
29 116
163 161
96 9
28 20
156 52
96 155
176 9
79 11
180 43
130 20
98 40
145 142
16 52
178 197
87 61
122 14
32 129
60 106
96 106
59 156
127 129
161 24
192 41
104 4
156 99
37 114
55 195
10 43
38 18
63 84
156 172
168 68
84 15
38 41
134 65
6 63
54 134
191 51
161 63
128 133
109 84
67 85
99 55
89 107
137 38
14 163
86 161
79 40
30 74
125 170
4 41
83 162
170 185
15 68
43 49
16 134
67 196
26 118
5 106
67 21
145 62
103 100
18 162
74 184
87 70
136 145
160 124
173 151
145 2
108 197
59 130
147 161
61 18
16 29
160 68
184 34
192 21
125 92
44 48
155 162
111 17
1 80
190 164
100 162
19 106
103 161
6 44
15 79
193 6
199 130
74 166
29 88
176 8
118 1
127 98
185 174
198 62
151 199
116 162
28 191
136 114
35 91
40 152
133 70
125 103
55 89
32 59
195 171
78 30
189 23
161 92
35 126
120 122
156 134
118 129
111 51
56 131
16 94
78 127
41 108
196 63
146 125
98 5
189 47
106 18
26 7
56 40
89 176
1 188
156 159
156 169
123 170
24 63
75 56
114 44
60 96
146 67
50 58
151 141
46 170
106 95
141 127
10 55
176 183
103 111
176 169
98 120
17 184
117 155
56 18
90 154
119 176
43 80
54 33
154 190
45 141
172 103
149 35
112 114
58 33
60 162
7 82
67 125
110 132
61 15
119 110
166 129
195 24
145 198
167 56
27 8
110 96
29 178
171 169
178 6
73 27
111 21
27 186
120 135
193 160
15 108
50 1
125 172
119 196
41 106
43 44
40 36
159 51
86 106
14 139
78 14
151 147
39 151
188 130
93 82
79 194
6 150
104 115
185 117
164 85
90 3
176 86
62 171
56 115
127 176
62 58
13 162
71 82
15 127
179 32
166 95
191 26
111 28
188 58
176 23
43 42
2 142
126 132
166 123
183 184
35 177
123 143
197 118
79 29
30 195
56 198
82 149
7 21
172 29
18 169
155 195
103 120
3 32
174 103
50 161
138 83
50 43
177 133
10 171
196 151
133 135
134 175
15 120
38 29
127 126
8 96
27 96
64 118
148 32
170 5
30 118
51 108
72 32
132 43
0 67
122 35
120 87
151 61
31 2
96 102
51 28
106 137
6 168
166 199
171 132
1 172
197 134
103 20
127 188
184 170
40 165
2 56
1 18
86 56
40 185
127 122
13 184
88 114
125 130
84 39
147 39
135 105
125 136
148 162
79 39
35 97
133 194
45 23
151 174
198 176
194 120
193 104
151 119
199 129
77 35
78 51
95 27
63 77
87 142
98 9
105 124
138 105
105 76
197 132
190 135
30 2
183 120
147 28
131 190
43 167
37 40
130 157
128 26
145 59
44 71
144 132
171 46
28 26
45 94
132 6
197 9
158 104
1 55
148 28
44 17
183 28
6 130
36 67
90 18
118 85
2 167
110 10
198 148
22 103
13 82
96 12
104 79
115 179
198 24
196 33
124 55
106 143
110 108
40 49
26 147
193 63
3 44
82 70
138 18
96 101
106 27
27 118
2 129
63 50
161 146
55 13
112 145
100 104
77 98
152 24
164 160
26 175
124 148
28 133
58 191
5 14
176 105
54 20
161 55
65 130
29 31
45 100
41 175
196 45
47 94
124 131
95 32
44 39
124 153
18 12
145 50
150 130
173 39
37 184
123 67
142 54
138 30
138 28
135 35
47 39
185 103
126 124
51 50
92 63
14 15
40 28
2 81
103 63
136 168
91 6
99 114
145 189
153 39
197 120
185 121
102 80
16 81
84 185
46 85
143 132
27 45
104 93
197 92
18 183
79 4
2 117
125 22
94 148
0 60
28 179
82 53
79 151
199 198
122 1
130 19
22 17
2 110
90 178
115 188
67 198
184 157
87 42
127 114
96 4
21 157
50 27
83 27
32 186
77 43
145 183
80 58
115 195
63 123
155 67
118 141
172 60
113 137
86 27
80 130
47 89
190 41
181 190
102 125
132 10
62 98
184 135
44 144
105 142
58 161
156 146
16 119
124 36
40 81
87 21
89 26
56 188
110 172
38 104
138 181
184 187
10 15
52 106
9 130
160 104
11 90
45 194
26 119
2 185
97 43
56 45
41 119
110 31
74 160
108 151
40 30
9 18
107 133
125 25
6 133
47 61
96 128
20 109
56 97
138 31
43 141
44 149
118 73
50 2
146 162
190 160
191 43
18 139
120 50
102 6
119 115
109 67
89 162
154 120
119 27
154 18
109 58
133 73
124 99
130 7
114 111
22 51
58 195
21 199
29 182
167 58
157 185
113 62
8 125
150 1
103 169
43 125
198 106
190 112
176 148
118 39
7 162
140 43
27 144
166 146
121 190
21 135
1 92
47 161
105 128
79 118
58 179
132 113
58 164
141 24
19 199
44 169
133 15
76 124
15 150
138 67
82 196
168 193
133 1
98 21
29 173
20 60
67 69
190 119
112 15
111 40
85 108
102 29
142 114
104 190
177 109
193 16
183 110
57 137
116 104
58 174
30 105
171 34
124 34
165 24
69 96
30 55
130 137
32 62
17 6
41 122
20 118
40 128
24 19
127 54
136 53
62 163
112 176
120 123
56 3
125 51
139 32
184 52
111 151
61 56
110 20
145 79
60 56
105 81
79 37
179 190
17 29
183 47
16 18
98 71
99 60
157 134
192 130
38 32
102 124
69 115
6 68
155 122
35 163
47 9
74 21
24 100
4 32
70 190
15 57
37 98
160 108
79 181
78 24
111 138
104 10
29 134
128 184
17 80
46 21
19 62
136 165
91 189
51 53
63 120
102 26
174 37
74 145
94 24
165 43
53 185
67 20
158 87
85 87
85 123
184 122
103 84
134 138
95 197
113 106
84 120
166 63
2 143
44 165
143 30
45 176
21 113
19 125
89 157
43 143
134 155
81 21
62 20
1 10
33 118
167 17
139 136
44 115
156 58
51 4
153 29
140 110
82 29
39 72
48 47
151 87
170 110
125 199
155 165
124 180
199 22
12 162
199 44
128 17
24 140
30 58
102 196
87 19
90 8
141 14
30 190
158 125
171 186
24 87
196 20
30 5
87 131
11 145
161 166
156 114
67 40
181 62
159 184
148 40
19 89
176 90
41 100
19 176
189 127
18 195
151 187
38 37
185 74
140 32
51 71
143 138
81 133
93 30
16 146
145 119
60 139
128 171
100 2
39 22
37 182
103 164
111 170
63 106
196 7
89 175
1 9
150 171
100 6
26 21
41 55
163 184
164 39
98 90
56 68
18 84
63 185
28 139
112 44
132 74
133 40
44 76
41 49
170 128
185 10
139 155
94 114
145 1
104 50
58 103
24 170
74 155
130 172
39 55
176 131
120 149
132 184
21 50
176 15
97 127
139 162
182 79
146 155
67 186
6 152
163 130
55 94
196 185
96 192
106 88
78 118
12 54
169 155
41 35
117 148
186 189
102 63
124 47
167 30
106 150
61 79
195 87
93 143
141 138
54 199
120 180
54 18
166 105
118 121
151 10
24 25
71 134
170 58
121 106
125 1
128 56
60 7
99 145
14 24
108 105
17 81
117 51
29 27
55 153
180 89
13 132
0 151
75 24
32 193
6 128
4 40
189 21
181 171
98 119
63 128
125 156
79 80
106 32
12 136
164 137
18 170
67 177
1 127
63 104
118 153
149 105
45 86
120 121
151 59
112 51
194 62
116 54
133 171
116 185
134 114
104 173
88 136
174 138
67 175
186 55
135 58
106 70
51 8
30 4
3 41
114 197
13 14
56 191
104 37
104 170
13 43
27 7