70
22 22 27 27 31 28 27 39 32 29 40 26 25 26 31 38 37 22 21 34 31 23 28 20 25 30 32 23 33 31 30 26 33 36 34 28 26 36 33 37 39 20 23 35 30 33 24 22 27 31 38 39 32 20 28 27 31 26 36 39 31 37 22 33 33 36 24 20 24 37
16
30 32 43 46 43 50 48 45 31 49 42 36 41 44 47 39
825
41 27
33 62
23 60
47 12
33 54
56 41
64 65
20 4
6 65
41 40
47 62
47 67
63 47
42 39
66 62
6 61
2 32
54 39
63 54
35 6
42 4
2 58
42 64
29 21
65 59
15 20
20 41
29 63
54 44
47 52
58 9
6 0
47 32
62 54
42 35
29 43
11 49
29 7
17 65
27 60
54 34
38 20
51 54
51 62
26 1
6 5
54 0
57 20
11 66
62 38
53 47
42 62
2 42
36 1
38 17
2 50
6 53
18 42
60 55
39 29
9 68
45 1
58 30
58 6
20 48
2 38
58 59
7 65
2 68
7 42
1 55
6 25
26 6
11 39
6 49
55 42
21 65
24 54
54 55
21 60
20 55
9 12
21 2
27 29
11 68
63 6
45 2
54 13
65 48
50 47
61 20
43 54
10 11
50 20
1 39
66 54
58 57
62 29
62 10
32 11
1 9
29 15
42 23
47 7
30 1
8 11
62 36
41 31
47 24
48 42
63 58
34 9
34 58
41 50
19 29
58 68
33 60
63 65
52 6
55 62
41 21
48 54
9 13
29 24
9 16
30 6
9 18
31 2
62 32
68 60
14 42
51 29
29 6
65 18
47 48
1 41
19 1
10 6
51 47
62 19
60 65
20 2
27 11
9 45
62 58
62 2
26 65
56 47
62 14
54 53
1 57
60 19
43 47
58 49
17 54
67 2
29 66
4 60
59 2
28 47
11 62
42 56
29 8
42 31
24 42
54 27
22 47
41 16
21 58
60 69
3 41
47 39
58 22
67 60
64 11
60 18
54 3
18 20
37 1
28 1
60 34
24 9
12 58
42 20
39 20
60 38
2 19
14 9
9 27
54 36
28 29
11 20
60 31
42 57
1 50
9 32
13 62
59 20
65 51
41 11
20 35
40 42
12 60
35 65
33 9
2 15
1 59
2 26
28 54
47 20
60 24
3 1
42 26
15 62
2 13
59 9
58 52
47 25
22 6
63 11
30 65
35 62
11 45
42 32
51 42
33 6
11 51
17 2
17 11
49 1
17 20
42 5
50 11
11 53
20 33
54 31
15 60
54 67
62 31
20 6
3 2
41 51
17 9
65 41
2 12
5 65
47 18
11 43
62 50
18 6
59 41
9 21
6 7
52 1
0 58
69 2
19 11
28 2
58 5
11 23
29 14
13 47
11 2
62 4
47 61
65 22
60 64
48 41
66 2
11 40
62 57
8 2
62 3
4 6
36 41
38 47
39 9
65 14
13 29
12 1
1 8
20 69
9 40
5 41
45 54
19 41
42 3
1 51
58 35
49 47
65 1
54 16
8 20
2 65
47 16
54 20
65 23
30 62
64 20
2 41
6 68
59 60
62 45
12 29
41 43
41 22
2 43
14 17
53 42
61 11
1 23
38 58
1 33
1 35
60 22
54 49
65 45
55 65
60 54
38 9
10 58
4 1
49 65
6 43
11 65
29 47
42 50
19 65
62 34
46 54
9 53
1 2
56 2
58 54
6 47
41 35
8 41
9 48
69 29
64 9
65 47
61 1
10 47
17 18
41 14
15 41
62 5
65 34
2 57
15 1
41 42
1 54
44 41
1 18
21 20
25 20
54 38
9 0
8 47
29 1
54 42
2 34
54 65
62 26
1 56
12 62
66 65
65 31
20 28
60 16
27 2
44 6
32 29
19 20
23 47
11 26
15 9
42 45
23 9
8 54
6 69
2 33
9 28
50 9
23 54
40 62
29 46
36 9
20 22
42 8
10 9
54 4
6 2
37 42
69 11
65 33
29 34
45 20
32 54
11 60
35 47
60 14
2 0
60 8
50 29
57 41
28 62
19 9
54 50
36 65
54 64
63 20
40 2
59 11
41 30
2 9
7 60
63 1
4 11
7 1
1 13
51 9
15 54
64 58
2 53
18 54
55 9
2 14
44 42
29 25
36 42
41 34
13 65
7 58
6 45
37 62
54 29
65 68
41 68
15 11
11 16
4 29
9 57
29 17
62 48
67 11
47 15
61 62
49 2
11 25
19 42
62 59
43 20
18 29
48 58
60 13
62 27
60 66
47 34
54 9
11 44
58 24
67 58
60 48
47 41
43 62
47 31
1 6
7 54
2 63
66 9
21 11
34 11
65 44
65 62
58 41
0 60
60 62
9 6
24 20
41 55
2 23
61 29
29 40
62 0
33 47
54 25
47 55
56 11
65 67
42 60
63 41
29 55
20 62
12 54
25 41
23 58
39 6
58 40
68 20
29 42
65 9
30 42
6 15
23 29
54 69
62 46
60 57
0 41
21 6
14 20
46 41
47 36
23 20
6 27
2 25
35 11
60 35
54 21
25 58
11 52
43 60
47 5
47 11
44 2
54 14
58 51
20 67
4 47
8 6
41 49
29 65
36 60
6 41
2 36
11 1
31 29
11 22
2 10
58 56
41 60
1 25
43 9
64 47
25 62
52 2
38 11
48 29
5 54
53 29
20 36
11 37
40 1
62 22
3 58
41 37
19 47
47 58
54 30
9 47
58 20
37 2
29 2
61 2
17 60
47 45
33 29
3 65
12 42
33 41
69 42
53 65
22 29
45 29
6 17
6 50
67 6
69 9
11 7
32 6
9 3
7 9
16 20
62 8
25 65
6 46
54 56
53 1
2 4
11 58
6 66
41 32
60 53
60 46
42 59
69 62
0 11
30 11
60 3
33 11
2 16
41 24
24 1
65 40
54 61
68 29
6 64
10 60
42 65
42 10
16 42
47 54
43 42
47 2
57 47
28 58
58 44
42 9
64 2
11 54
9 67
6 37
14 11
1 32
41 69
9 8
45 41
35 9
20 40
69 47
60 25
1 64
42 67
41 61
6 42
54 40
17 62
59 6
32 20
46 11
22 9
42 22
1 60
12 20
40 47
40 6
20 37
58 13
47 60
6 54
6 38
27 58
6 23
6 28
62 39
66 20
9 62
6 16
62 44
18 11
41 7
1 58
59 54
38 41
12 65
58 15
1 22
20 10
54 52
10 29
1 5
13 20
53 58
17 37
6 34
52 42
29 59
66 41
25 42
9 41
28 65
60 45
16 29
17 13
20 1
52 65
41 12
11 5
60 2
52 41
41 29
20 0
58 18
1 44
31 20
4 9
28 11
41 17
62 68
49 42
42 33
46 2
29 35
62 7
1 62
68 54
54 57
30 2
1 34
0 65
60 50
47 44
62 6
60 63
38 1
52 62
20 7
9 37
65 20
6 14
2 24
28 42
59 47
9 11
29 3
60 39
29 38
67 29
1 16
66 58
27 20
10 54
6 51
21 62
33 58
29 36
6 60
37 47
29 0
47 14
13 41
10 65
58 26
62 63
58 29
64 62
14 1
60 28
31 9
49 62
42 38
9 25
46 65
26 47
41 4
47 30
61 42
58 32
31 1
20 46
2 5
1 48
6 19
1 67
42 11
13 42
31 58
17 58
63 9
69 1
60 51
38 65
29 11
9 46
62 56
18 2
37 54
58 55
54 19
58 36
64 29
40 60
62 16
65 32
65 56
41 26
10 41
10 1
47 3
20 53
65 24
2 7
60 32
63 42
14 58
24 62
19 58
58 42
2 48
61 60
39 2
26 54
41 28
58 45
27 65
65 57
1 43
20 34
2 55
46 58
37 29
51 2
51 20
56 6
54 41
42 15
61 9
20 3
41 64
60 58
34 42
41 39
65 15
60 37
57 29