40
28 22 35 29 34 32 36 22 28 24 33 34 26 39 27 36 38 27 27 39 23 24 25 24 31 31 31 39 28 23 29 26 29 37 39 28 29 32 30 36
8
42 33 49 27 48 47 30 44
584
27 10
7 28
10 36
28 13
6 3
8 14
30 31
16 39
4 0
22 30
4 33
24 28
3 13
9 11
20 10
23 37
24 31
22 5
22 33
39 17
6 38
2 29
37 19
2 34
12 11
34 0
11 0
2 18
14 37
17 16
27 37
28 4
20 8
12 20
19 3
20 33
28 5
30 18
15 17
29 7
34 26
7 15
7 26
11 6
39 3
38 18
27 32
5 36
21 15
19 26
28 36
2 37
19 35
17 13
18 7
16 9
34 10
4 2
38 31
4 39
16 7
28 15
8 0
26 2
29 26
4 30
24 27
39 19
5 26
35 4
17 31
35 2
17 29
39 32
11 22
38 39
30 16
10 29
23 35
36 15
27 12
31 10
39 8
30 38
23 17
6 20
35 14
33 31
36 7
7 37
38 26
0 3
17 27
24 23
23 10
37 21
15 32
11 25
5 2
17 5
32 23
11 28
3 27
34 30
6 19
33 28
23 31
2 27
30 23
39 25
3 20
17 22
12 33
3 36
23 27
17 8
21 0
38 3
6 23
23 16
28 2
24 32
19 10
12 38
25 23
15 14
39 21
9 26
21 14
18 32
34 17
6 14
13 11
1 2
9 7
30 35
24 9
38 4
25 15
16 31
1 23
12 9
7 2
29 38
35 27
17 24
31 0
0 6
9 28
27 25
30 24
0 12
29 15
24 7
4 26
4 21
9 32
30 20
27 21
8 5
16 10
19 7
15 27
18 27
3 29
29 5
4 9
16 0
1 35
14 25
10 35
33 8
28 25
39 12
30 12
3 25
26 37
39 0
32 14
31 11
0 24
4 17
1 3
5 19
18 9
20 34
20 15
15 10
38 0
26 6
22 35
35 3
9 8
10 22
14 2
2 13
29 31
26 10
28 29
9 34
39 14
11 21
21 2
9 30
12 14
14 29
27 36
5 20
35 33
33 17
26 23
24 21
8 23
37 28
21 5
9 3
5 33
7 25
21 32
30 10
16 35
29 30
8 3
11 18
25 19
11 7
22 15
37 32
18 0
11 34
11 39
21 17
7 0
5 32
36 20
8 7
0 10
34 39
21 31
34 28
1 28
23 14
36 31
31 3
32 19
30 37
24 2
31 13
17 38
21 33
7 33
32 1
0 20
13 7
31 6
35 37
7 35
24 35
4 27
17 7
32 10
11 36
38 32
15 13
2 30
22 3
26 33
26 8
8 10
14 11
21 7
1 38
5 39
28 27
4 7
17 11
2 9
31 37
7 3
20 39
30 11
21 16
7 23
5 1
38 33
12 17
29 35
31 26
12 7
1 16
32 29
3 16
7 10
33 23
28 38
38 23
19 18
31 4
31 2
2 36
5 34
14 24
12 5
15 38
3 28
35 26
38 10
1 30
23 28
23 2
3 26
36 19
36 9
37 39
13 21
10 25
26 18
8 11
32 16
5 23
39 10
22 14
3 21
7 34
10 18
1 31
11 15
14 33
30 3
0 15
39 9
35 32
2 11
33 3
2 10
10 21
39 28
13 32
26 1
23 34
18 17
0 19
30 5
18 33
39 29
23 36
21 8
36 21
23 12
13 33
23 39
13 10
6 7
31 9
3 18
26 11
15 35
32 34
10 14
33 19
27 11
11 20
25 38
19 20
5 16
28 26
37 15
15 1
34 35
14 1
8 30
5 27
22 7
18 20
38 11
0 28
33 32
19 24
4 20
38 24
31 27
3 14
27 33
27 22
9 15
15 8
0 37
11 16
14 0
35 25
21 28
15 26
36 33
19 8
31 39
7 14
8 32
5 31
38 35
20 31
18 14
9 6
32 11
2 12
39 24
6 30
30 33
27 20
25 9
10 28
29 19
23 11
26 39
39 36
27 7
30 28
13 20
21 1
5 35
26 13
3 12
39 13
31 25
1 33
13 9
5 7
28 6
15 3
6 21
1 17
4 23
27 8
6 5
37 20
28 16
34 31
12 26
19 30
25 5
28 32
9 17
29 0
15 23
22 38
15 31
20 26
3 23
24 20
24 15
28 17
7 38
11 35
25 2
33 0
37 17
12 10
2 19
21 25
39 35
16 26
38 20
17 14
25 33
5 38
35 20
4 14
1 10
22 31
9 33
3 32
7 32
27 30
2 32
9 38
9 10
14 20
9 27
33 16
22 0
1 11
30 15
13 35
12 21
2 0
33 37
31 19
3 17
12 19
20 32
9 5
31 14
21 38
15 12
11 33
14 36
10 33
32 22
1 19
39 1
9 0
2 8
31 32
36 35
17 20
8 38
38 37
20 2
13 23
5 18
33 24
19 21
37 9
19 15
4 32
5 15
32 12
26 14
3 34
22 2
2 16
4 19
19 17
28 22
19 22
19 11
2 3
1 22
29 11
18 21
15 16
27 1
39 27
6 35
19 9
34 33
7 30
20 25
24 26
7 20
4 15
6 10
23 18
35 17
14 9
26 21
22 39
1 20
14 28
27 26
2 38
10 17
27 0
13 0
39 30
5 14
23 19
21 35
28 19
0 23
30 21
34 15
31 7
17 2
33 29
1 9
28 20
1 0
35 9
5 0
39 7
27 6
34 21
18 15
32 6
39 18
17 6
29 27
13 5
30 13
0 35
30 14
16 20
22 26
38 36