30
36 37 27 21 31 23 26 21 32 21 20 24 39 25 37 26 33 31 34 28 38 35 37 28 31 30 26 36 40 38
6
50 48 24 44 21 39
276
4 0
24 29
24 6
17 18
28 15
23 13
3 29
0 24
17 6
22 13
0 14
29 16
28 9
20 15
18 7
1 11
2 10
6 11
5 17
28 20
26 17
12 26
2 0
18 13
20 11
1 17
1 12
20 19
21 12
8 7
13 8
1 26
14 10
3 6
18 16
20 23
17 14
5 23
2 28
13 12
10 15
23 18
17 23
13 27
12 7
13 25
7 21
4 7
24 28
1 27
6 7
10 27
7 13
18 8
28 6
29 27
23 9
17 25
10 28
10 19
6 21
22 1
23 19
29 17
20 0
7 10
14 23
14 18
21 1
17 24
22 29
1 16
4 11
12 29
0 5
22 17
6 19
20 27
18 2
25 28
4 23
18 25
7 27
2 17
5 18
20 22
20 12
27 28
29 28
11 8
2 7
1 19
12 19
3 0
27 11
25 1
10 4
18 19
6 18
28 26
16 12
7 24
0 29
12 6
17 21
7 25
18 29
28 17
0 6
1 15
20 10
1 28
1 18
10 25
18 15
29 9
18 3
10 29
10 16
25 11
1 24
13 9
11 9
26 0
20 3
28 7
16 0
6 26
23 22
10 8
8 28
29 11
10 6
20 6
13 16
5 10
19 0
11 22
26 20
13 19
23 1
15 11
12 23
10 24
20 2
28 19
29 25
24 13
3 23
23 0
21 11
21 13
21 20
14 11
15 0
7 17
22 7
21 29
7 0
18 28
11 17
8 6
4 20
7 11
0 22
28 0
7 19
10 12
10 0
20 25
17 0
12 5
11 26
29 15
6 14
16 6
10 11
11 19
9 0
13 14
28 16
13 15
26 23
25 23
23 7
28 14
22 28
20 18
13 6
17 12
18 4
16 7
11 24
9 18
17 9
27 23
1 10
6 25
28 5
4 13
3 1
19 29
10 18
13 5
13 17
8 0
23 28
1 9
22 6
18 24
13 11
24 20
2 1
13 1
5 11
21 10
26 18
9 7
29 6
13 20
22 12
7 15
16 23
23 24
12 18
6 27
13 0
14 12
29 2
12 2
21 23
4 1
23 10
21 28
1 6
10 17
27 12
23 29
26 7
28 13
6 9
10 13
25 12
9 12
4 6
11 2
2 13
11 0
0 1
22 18
3 10
20 9
7 3
25 0
8 20
8 1
12 8
8 23
29 26
17 20
16 17
15 12
16 11
28 4
11 18
13 3
16 20
29 4
6 5
26 10
8 29
11 23
4 12
12 0
12 24
13 29