60
21 36 24 32 33 23 23 40 31 20 22 23 38 23 32 36 27 38 39 35 28 26 29 37 38 24 25 34 39 39 21 27 27 40 40 35 24 29 20 31 24 28 30 26 39 33 31 33 37 30 25 23 40 22 29 38 36 20 37 32
12
43 48 48 48 34 46 41 28 23 25 23 42
159
55 43
50 19
44 39
59 55
55 51
51 50
21 50
10 44
25 55
44 46
33 55
44 45
44 42
50 40
44 25
12 50
7 44
47 31
50 32
55 23
14 55
55 31
50 10
44 35
50 23
50 49
50 0
36 50
44 40
44 27
50 31
27 55
55 0
55 38
44 30
53 55
55 32
0 44
45 50
44 50
50 22
44 58
50 9
50 17
50 14
33 44
44 37
35 50
30 55
50 37
50 15
31 44
36 44
44 19
55 20
32 44
20 44
50 56
50 24
44 22
43 50
44 59
44 57
36 55
34 44
1 55
15 44
44 47
44 53
12 44
50 38
50 13
55 44
58 55
44 5
55 40
8 44
26 50
44 16
50 29
54 44
58 50
8 55
55 47
44 49
7 50
10 55
50 5
55 42
7 55
9 55
6 55
55 41
55 19
16 50
55 11
50 57
4 50
44 1
44 21
47 50
55 3
23 44
54 50
44 26
55 57
48 55
50 18
17 44
55 46
44 6
44 14
44 13
9 44
56 55
55 15
44 52
16 31
50 55
55 18
55 5
55 26
42 50
35 55
50 25
50 48
3 50
50 59
37 55
2 50
44 2
54 55
50 46
28 50
40 31
39 50
44 24
51 44
38 44
29 55
55 49
52 55
3 44
11 50
44 43
55 28
55 4
44 56
50 41
50 53
22 55
1 50
21 55
44 48
50 30
55 39
57 31
55 34
8 50