70
28 22 33 23 33 38 30 21 30 38 23 37 24 39 28 22 25 22 34 32 38 35 30 31 38 23 34 21 35 40 28 35 28 33 26 22 23 30 35 22 28 27 21 36 32 37 21 39 32 20 20 29 28 34 39 28 26 36 37 29 27 31 28 33 20 26 32 29 22 28
16
47 25 30 37 46 45 50 20 29 20 23 24 20 24 41 30
2039
1 65
23 45
13 53
45 43
13 14
10 52
17 32
48 9
22 14
16 56
11 69
8 30
20 57
27 5
55 28
41 33
19 12
39 40
39 62
4 58
19 35
50 55
47 15
0 39
47 31
57 68
19 69
60 58
9 13
56 15
21 59
2 68
11 38
62 58
4 26
69 35
33 22
47 57
19 31
19 55
52 33
32 40
17 53
58 48
64 31
9 19
11 22
39 23
42 11
25 39
51 67
24 34
3 33
2 34
46 64
50 19
13 37
13 32
44 24
56 21
4 29
2 59
62 32
44 18
21 54
66 20
49 3
16 52
49 34
42 31
45 37
68 36
27 43
49 30
13 46
43 62
3 21
23 59
61 31
14 37
23 1
0 22
64 61
59 6
65 43
22 47
65 28
15 65
53 51
18 21
44 38
39 17
60 19
51 14
36 21
54 1
6 2
26 15
8 7
50 68
37 32
55 32
41 32
22 38
58 18
17 65
69 24
11 19
19 41
22 53
23 51
50 17
67 63
29 68
45 33
0 69
20 29
54 3
25 27
64 3
11 20
46 14
15 62
30 66
25 6
65 63
4 45
50 15
30 55
61 5
18 36
19 58
8 65
39 42
33 54
48 24
50 61
29 17
68 41
16 63
54 27
23 6
9 39
18 11
49 47
1 30
22 18
45 51
8 55
12 17
7 51
58 2
7 6
6 69
4 47
64 16
25 64
62 19
3 30
6 24
32 67
4 23
61 34
31 62
49 32
56 54
61 37
10 60
40 66
43 54
31 13
12 42
11 63
47 33
65 27
22 64
65 5
65 68
45 60
63 45
21 42
53 16
66 10
29 42
24 53
27 32
10 27
20 65
64 44
54 13
53 59
1 41
7 10
43 30
17 59
22 69
61 25
19 18
69 29
24 0
24 3
19 17
7 21
29 31
31 1
31 3
61 57
17 40
52 62
39 20
12 53
48 8
43 66
10 1
44 60
1 18
12 7
54 46
10 69
10 46
4 6
68 52
57 48
38 20
37 18
61 51
21 31
7 35
66 11
63 47
66 36
11 57
23 35
40 25
58 5
59 35
35 32
46 36
22 68
34 58
34 68
56 50
2 3
45 38
38 28
46 21
46 12
31 28
7 1
25 35
2 15
2 14
3 63
22 34
53 25
42 20
59 4
3 56
8 21
63 0
30 45
65 18
43 36
31 33
21 69
4 60
11 54
58 66
58 25
1 56
0 29
48 15
14 45
52 13
54 51
45 35
30 10
23 18
6 60
33 56
69 16
3 17
31 46
11 39
46 62
4 1
66 62
61 28
16 5
23 7
43 44
43 11
32 46
30 64
1 27
38 35
47 2
4 10
67 62
57 12
45 15
9 57
47 45
56 59
28 60
39 35
54 7
53 50
61 20
50 43
8 43
21 34
14 48
34 50
12 28
24 14
3 14
48 68
18 28
50 28
58 39
55 16
30 5
41 12
19 30
33 55
63 37
1 52
31 63
55 34
66 53
59 1
18 46
33 50
54 52
65 35
32 23
51 24
47 50
23 17
58 36
29 14
58 50
2 45
55 25
18 50
47 35
37 31
59 19
59 52
8 52
21 39
62 27
44 30
29 66
1 24
31 34
62 57
55 53
8 62
58 3
1 40
6 46
59 65
64 38
41 16
58 9
41 58
7 52
10 64
15 54
30 52
20 16
45 27
27 23
24 35
14 23
22 56
20 19
63 60
36 56
49 18
56 13
6 28
37 68
35 46
21 48
36 60
14 34
31 27
31 45
13 41
49 64
54 68
12 29
9 67
32 8
66 18
26 41
24 67
41 67
60 23
34 17
13 28
36 23
4 67
28 46
2 48
67 12
57 39
68 12
26 6
38 59
19 38
6 9
42 59
11 9
62 65
2 16
44 21
18 64
0 23
15 4
50 51
34 18
43 47
32 54
23 64
64 51
10 57
1 62
14 57
3 60
21 2
29 46
52 29
63 9
33 61
60 54
36 2
68 42
44 10
55 36
53 27
38 62
60 41
66 45
29 61
50 3
17 48
14 69
34 40
37 25
8 53
42 41
68 46
7 66
2 31
17 22
53 0
7 33
67 68
17 26
42 7
42 1
66 65
3 57
68 4
41 39
36 53
32 51
14 11
37 56
11 41
28 51
52 2
61 40
15 68
24 56
30 27
52 63
43 3
34 28
69 15
34 67
48 25
33 34
1 53
20 47
31 10
65 3
21 47
10 40
26 69
27 61
41 23
36 48
14 61
47 28
40 65
19 28
39 22
0 62
38 40
11 58
67 50
57 30
13 64
58 23
50 2
37 6
40 7
8 16
37 16
41 8
39 67
45 3
22 66
37 7
21 61
59 13
14 55
12 31
8 69
48 7
42 15
63 69
52 22
27 20
51 18
54 44
35 33
17 36
53 56
38 65
15 24
51 38
60 69
43 22
38 6
47 69
16 21
27 12
62 63
19 47
41 51
20 53
52 50
4 66
10 58
47 18
56 45
31 0
32 3
41 28
42 28
35 62
49 46
20 63
43 33
60 9
13 5
44 69
27 68
32 59
56 26
56 35
19 10
34 63
21 40
64 6
40 53
58 33
39 49
24 68
10 17
34 0
29 41
35 60
49 29
7 24
49 56
49 53
21 10
59 18
19 61
0 8
26 28
21 26
60 33
55 3
23 30
9 7
49 16
9 35
42 4
61 12
30 17
37 4
16 36
14 56
42 57
48 49
65 54
31 57
20 15
11 60
35 41
15 11
52 9
36 64
13 65
28 7
1 19
4 17
0 46
49 57
50 63
43 7
23 16
29 25
55 67
11 26
27 18
43 19
69 30
61 63
62 3
23 67
11 25
19 48
1 68
1 33
16 42
60 57
47 7
33 39
55 38
27 56
67 16
29 53
2 20
44 39
43 53
33 66
7 20
18 24
15 51
12 3
39 15
55 39
55 57
4 21
27 9
18 42
13 15
44 29
69 54
6 39
3 41
56 47
20 18
17 11
27 52
42 5
8 35
3 34
5 32
29 38
63 68
57 6
0 13
29 57
31 67
36 67
51 30
28 53
47 58
44 25
33 49
14 16
32 19
26 9
63 21
65 36
37 11
26 5
47 25
0 26
30 34
45 6
2 54
12 16
40 24
35 26
14 50
33 25
6 58
20 32
26 57
34 9
18 25
17 13
67 10
33 18
22 1
60 48
8 31
55 62
27 29
53 45
32 10
29 23
52 0
11 36
30 48
29 35
28 10
18 13
35 14
16 19
34 26
38 37
66 49
53 61
34 59
28 8
57 25
38 61
24 4
42 56
66 50
46 26
62 28
46 22
20 6
21 68
54 4
46 8
56 52
19 49
13 38
2 23
48 45
51 25
57 56
30 63
62 23
59 66
33 29
7 5
41 61
11 67
2 37
5 63
11 45
69 65
0 14
42 3
6 62
67 49
8 4
36 3
47 24
56 64
11 12
17 33
41 6
3 23
58 53
0 55
0 40
38 49
60 24
46 4
26 48
56 20
13 36
15 53
21 5
42 65
62 21
49 7
36 62
51 2
20 52
23 9
46 2
40 41
21 11
3 5
33 69
22 67
59 39
69 45
17 55
69 20
53 5
2 7
23 49
28 36
4 5
62 53
20 33
9 43
9 17
48 5
46 43
56 44
60 31
56 43
39 48
42 14
61 69
27 34
25 52
60 20
67 14
27 48
13 7
41 43
68 8
55 64
50 57
68 33
51 4
40 42
63 32
54 16
65 67
1 2
45 21
3 52
8 56
23 19
66 0
54 42
26 27
19 13
45 1
29 59
47 17
14 41
3 59
54 0
34 32
35 22
28 11
12 48
17 69
8 14
59 26
35 66
33 5
6 5
16 57
63 25
46 20
68 55
62 2
36 57
11 10
23 37
46 53
61 68
60 29
39 61
52 69
58 27
30 25
65 10
26 33
30 11
60 17
55 51
27 14
24 37
40 16
59 7
40 67
42 62
38 24
64 19
34 20
8 29
9 37
9 61
24 64
47 42
13 45
42 25
1 60
8 19
18 6
36 7
42 45
60 7
13 20
32 61
21 60
32 56
43 52
15 7
35 40
11 7
1 44
27 8
30 22
13 69
10 23
17 14
40 36
13 63
35 61
4 61
13 50
38 69
61 65
58 65
35 5
13 10
54 61
65 33
39 8
36 38
42 69
18 61
42 49
13 42
26 13
11 0
68 69
65 49
64 54
14 21
18 3
60 59
41 45
36 19
60 43
37 69
15 23
19 3
16 10
55 35
61 22
36 51
18 41
68 3
41 49
27 17
45 52
58 31
14 33
68 51
6 53
6 22
53 34
15 6
59 64
40 29
35 31
57 19
19 56
32 6
0 27
51 22
69 40
25 41
30 47
22 26
58 44
25 19
12 34
4 43
10 15
44 57
24 16
25 14
45 18
46 19
53 37
33 8
66 32
31 43
65 50
30 28
8 66
51 0
49 6
12 65
52 14
38 57
23 65
3 8
40 68
36 15
38 54
41 2
48 34
29 9
56 38
54 57
27 64
68 13
66 67
17 63
32 4
0 12
0 7
38 4
35 4
44 22
6 0
26 61
32 24
58 68
6 30
41 17
13 55
19 39
47 53
44 31
16 43
62 17
57 51
63 44
47 67
20 30
58 22
28 56
69 56
2 22
19 6
6 35
31 51
39 3
0 41
24 13
39 43
20 44
57 66
55 12
22 3
7 29
25 68
60 49
18 12
25 2
59 55
66 13
63 18
24 23
58 49
27 36
63 22
62 51
16 65
11 24
49 62
26 62
4 64
16 62
28 16
9 41
61 60
23 33
58 29
27 60
65 39
63 28
64 66
51 21
14 36
50 42
7 55
36 35
42 17
32 33
61 3
6 1
65 14
53 10
48 41
9 44
14 19
28 25
5 56
36 41
63 38
50 29
66 68
56 17
64 11
32 58
52 31
0 16
37 30
8 6
50 23
18 15
25 38
31 6
42 36
0 2
4 7
65 48
59 41
60 12
59 40
38 41
44 4
39 63
42 6
47 14
33 37
12 4
56 31
56 29
7 25
29 63
38 34
45 29
28 29
61 10
52 26
8 42
10 14
59 30
15 3
57 65
40 56
64 26
11 32
28 23
55 5
24 39
54 14
40 43
17 52
36 29
19 44
2 10
50 64
58 13
20 64
44 50
13 30
2 66
63 48
19 29
26 67
23 53
48 37
21 52
58 38
38 9
4 9
2 26
18 62
20 26
33 38
25 21
12 14
60 2
17 66
20 35
23 57
28 4
61 24
26 36
43 38
22 27
29 39
40 60
2 35
69 27
69 43
12 62
68 5
13 27
10 62
42 33
29 54
34 16
50 69
0 5
55 24
41 7
42 32
31 23
55 1
30 4
18 55
36 37
60 38
27 55
29 1
0 65
44 62
50 48
28 33
44 2
26 45
2 39
40 20
49 63
23 20
25 66
35 30
66 31
69 32
19 66
18 4
48 6
13 23
57 59
36 63
68 49
4 25
21 12
59 33
29 21
26 51
42 67
58 45
54 63
11 61
44 26
10 63
69 28
53 54
8 61
66 26
2 17
41 15
35 13
57 13
62 33
32 60
2 32
14 44
28 3
17 18
2 9
51 56
0 44
60 50
58 46
28 5
45 65
32 64
61 56
16 60
66 16
66 27
57 32
17 54
0 33
62 56
2 49
45 34
41 24
60 64
56 66
1 46
45 19
40 52
17 68
12 35
54 34
51 19
26 40
6 65
37 19
18 48
51 59
1 9
36 44
32 22
2 42
35 10
36 32
63 6
42 10
41 55
62 34
58 24
65 37
27 15
62 64
64 52
13 61
28 24
13 12
12 32
59 16
15 30
41 52
39 4
17 31
19 65
30 24
23 5
27 24
56 11
45 17
65 31
33 53
50 27
18 5
55 60
66 21
61 49
51 65
40 18
33 36
41 30
67 8
4 31
26 29
50 31
45 0
40 49
32 45
18 54
24 33
34 23
30 12
31 59
9 40
43 48
23 63
14 1
15 16
32 47
67 38
22 4
55 22
14 28
5 64
52 35
49 13
63 14
67 29
28 27
2 24
28 68
9 62
43 20
23 11
51 8
44 8
39 27
43 10
1 48
39 1
69 51
37 44
6 50
7 65
52 38
17 24
26 37
13 22
52 57
36 47
12 15
6 43
53 48
63 15
0 56
45 61
38 27
66 28
20 55
28 45
55 31
13 1
13 39
63 35
43 42
32 0
12 1
29 64
28 48
26 55
67 53
55 2
31 40
21 38
19 22
9 0
12 43
68 10
8 2
34 6
2 38
8 57
47 65
46 45
30 58
17 16
61 36
51 9
62 7
52 19
48 47
36 52
26 10
19 53
39 64
24 42
48 32
25 31
56 2
17 38
59 28
36 0
14 9
57 22
20 1
10 33
25 65
22 21
53 57
16 58
29 43
2 29
61 6
0 30
37 59
1 63
38 46
27 44
55 15
46 24
46 40
8 11
44 45
15 14
21 41
25 62
48 64
34 44
21 30
31 9
26 8
68 6
8 38
22 42
7 63
47 40
40 44
64 69
20 21
33 12
10 56
52 58
45 16
32 43
40 51
5 19
65 21
30 29
28 54
57 33
12 44
44 13
3 7
54 58
31 41
27 57
19 26
61 47
29 62
3 53
3 4
29 34
11 59
22 37
16 46
34 41
29 10
28 44
47 41
8 37
4 41
46 69
57 7
31 15
25 60
54 41
30 42
26 50
41 46
20 0
17 49
62 54
59 67
1 16
9 64
0 47
34 42
11 44
0 61
47 44
25 13
9 21
67 52
18 0
16 39
32 21
10 0
20 31
52 4
37 20
17 20
9 47
37 29
56 67
25 46
10 48
52 18
37 62
46 27
21 55
65 32
50 21
1 11
13 48
37 10
46 30
35 48
6 54
54 40
12 2
51 33
14 20
20 4
68 60
69 5
40 64
5 40
27 51
7 44
8 18
2 69
2 11
56 18
15 9
16 35
54 23
41 50
37 55
23 43
25 15
20 3
64 45
61 62
51 49
3 69
64 8
25 56
46 11
25 43
41 22
46 33
27 7
13 4
44 3
51 43
68 44
24 29
16 7
62 68
44 41
62 14
66 54
62 59
16 25
48 56
21 13
69 39
2 18
43 63
32 29
15 60
14 40
5 67
51 58
63 46
52 11
16 48
44 49
47 23
4 36
55 65
55 9
48 4
26 16
8 47
56 30
49 37
55 69
2 43
24 19
34 69
38 48
42 64
30 9
42 0
49 35
63 41
19 7
53 21
28 22
17 8
62 47
22 31
63 12
55 40
69 12
61 58
14 49
2 13
34 4
22 15
27 42
30 33
11 50
22 60
48 20
10 3
67 20
55 56
63 24
13 67
7 56
27 6
21 24
0 60
18 69
51 63
48 54
36 30
32 44
6 67
15 46
39 12
14 58
67 19
53 52
52 24
15 49
30 54
34 19
17 46
51 1
23 21
47 68
43 24
2 64
7 46
57 5
4 49
34 8
50 30
28 39
60 53
67 54
52 6
66 3
2 65
50 62
3 37
43 14
59 14
55 54
68 0
50 4
1 38
9 56
48 67
34 13
42 53
9 32
27 35
56 46
40 8
24 26
15 59
34 7
57 46
65 52
55 43
68 56
7 22
6 14
30 16
53 41
4 57
54 35
33 48
34 10
62 4
0 49
2 57
0 38
37 40
63 55
25 26
8 13
39 36
47 27
51 48
63 66
18 9
5 43
13 62
25 69
31 69
47 26
59 0
33 16
61 2
30 2
13 33
16 22
33 9
10 38
41 10
50 35
43 59
68 59
34 36
59 27
58 59
25 0
51 17
35 34
61 15
26 23
44 15
17 44
20 68
69 23
47 12
22 23
21 19
10 6
54 37
58 40
66 41
38 12
40 48
5 1
49 11
40 50
19 42
29 5
61 67
64 14
41 56
61 7
51 42
15 33
3 9
4 65
53 69
11 55
33 44
69 9
1 49
51 10
54 31
3 0
12 37
50 32
46 50
46 59
48 69
68 64
28 20
21 49
60 18
69 66
11 62
29 15
47 54
57 69
49 55
1 34
44 53
16 31
44 5
67 69
61 59
21 33
66 6
8 1
62 45
11 27
40 15
13 43
15 19
21 6
64 7
66 24
61 1
40 57
38 47
25 3
1 66
9 53
5 14
26 42
31 11
68 9
51 35
40 62
14 4
27 49
67 3
52 32
48 59
25 17
67 60
63 42
20 58
26 1
13 40
68 23
28 40
34 25
37 27
65 9
31 49
16 18
8 60
1 3
31 36
8 23
56 63
24 65
15 32
4 16
35 11
30 65
40 3
28 49
55 10
6 56
67 25
16 68
7 45
39 50
41 65
2 67
56 39
35 18
36 1
19 54
60 26
50 37
60 62
40 23
10 47
49 52
20 41
42 37
22 65
52 12
56 23
64 63
6 40
65 64
62 22
29 18
41 57
60 14
26 63
46 65
0 48
41 27
53 4
29 48
37 41
40 12
34 57
16 61
30 60
12 58
57 63
47 64
11 34
45 39
63 59
33 11
24 31
53 2
48 62
46 67
33 64
64 53
38 66
38 3
44 51
5 62
40 11
11 65
0 50
44 67
13 60
44 6
55 4
16 27
35 42
1 25
35 44
50 7
1 47
17 6
19 68
45 57
60 42
16 9
0 19
12 51
15 38
64 41
12 66
50 1
22 40
48 11
43 18
10 39
18 10
69 59
43 26
58 69
7 69
5 17
16 32
15 8
27 3
55 58
63 58
49 69
63 8
50 38
45 67
53 63
67 7
57 24
68 45
61 30
54 39
26 65
47 55
38 5
9 42
35 53
28 52
3 35
68 43
18 57
16 50
48 3
38 16
24 62
48 31
11 68
29 55
26 12
4 69
27 21
25 32
40 30
67 27
7 17
66 9
9 46
34 64
55 45
51 20
18 67
26 3
67 30
12 23
56 4
36 6
56 12
43 34
44 16
36 69
0 4
35 68
59 47
53 11
20 62
29 22
61 17
43 61
4 11
43 49
1 32
67 33
30 62
58 8
42 58
2 5
55 6
2 28
12 6
65 44
33 6
38 23
41 5
58 26
26 49
66 14
12 64
65 29
58 56
53 65
31 5
42 38
9 28
32 28
22 48
54 26
23 25
58 7
46 3
5 11
59 44
45 40
69 1